(15.000000000000146,677.026667)
(15.000000000000146,677.2)
(15.005000000000146,677.526667)
(15.010000000000145,677.586667)
(15.015000000000146,677.553333)
(15.020000000000145,677.04)
(15.025000000000146,677.42)
(15.025000000000146,677.54)
(15.028571428571574,677.386667)
(15.032142857143004,677.093333)
(15.035714285714432,677.54)
(15.03928571428586,677.02)
(15.042857142857288,677.386667)
(15.046428571428718,677.233333)
(15.050000000000146,677.14)
(15.050000000000146,676.96)
(15.053125000000147,676.953333)
(15.056250000000146,677.4)
(15.059375000000147,677.56)
(15.062500000000146,677.82)
(15.065625000000146,677.52)
(15.068750000000147,677.4)
(15.071875000000146,677.166667)
(15.075000000000147,677.58)
(15.075000000000147,677.406667)
(15.080000000000148,677.3)
(15.085000000000147,677.246667)
(15.090000000000147,677.153333)
(15.095000000000146,676.973333)
(15.100000000000147,677.346667)
(15.100000000000147,676.953333)
(15.104166666666814,677.2)
(15.10833333333348,677.28)
(15.112500000000146,677.233333)
(15.116666666666815,677.453333)
(15.120833333333481,677.82)
(15.125000000000147,677.366667)
(15.125000000000147,677.633333)
(15.129166666666814,677.393333)
(15.13333333333348,677.586667)
(15.137500000000149,677.52)
(15.141666666666815,677.62)
(15.145833333333481,677.74)
(15.150000000000148,677.906667)
(15.150000000000148,677.993333)
(15.175000000000148,677.806667)
(15.175000000000148,677.493333)
(15.200000000000149,677.54)
(15.200000000000149,677.64)
(15.212500000000148,677.526667)
(15.225000000000149,677.753333)
(15.225000000000149,677.486667)
(15.229166666666815,677.313333)
(15.233333333333482,677.74)
(15.23750000000015,677.74)
(15.241666666666816,677.54)
(15.245833333333483,677.786667)
(15.25000000000015,677.613333)
(15.25000000000015,677.326667)
(15.254166666666816,677.666667)
(15.258333333333482,677.66)
(15.262500000000149,677.88)
(15.266666666666817,677.306667)
(15.270833333333483,677.433333)
(15.27500000000015,677.68)
(15.27500000000015,677.78)
(15.279166666666816,677.693333)
(15.283333333333482,677.1)
(15.28750000000015,677.046667)
(15.291666666666817,677.52)
(15.295833333333483,677.46)
(15.30000000000015,677.6)
(15.30000000000015,677.386667)
(15.30500000000015,677.426667)
(15.31000000000015,677.533333)
(15.31500000000015,677.64)
(15.32000000000015,677.826667)
(15.32500000000015,677.4)
(15.32500000000015,677.313333)
(15.329166666666817,677.48)
(15.333333333333483,677.14)
(15.337500000000151,677.573333)
(15.341666666666818,677.526667)
(15.345833333333484,677.246667)
(15.35000000000015,677.273333)
(15.35000000000015,677.386667)
(15.355000000000151,677.253333)
(15.36000000000015,677.613333)
(15.365000000000151,677.233333)
(15.37000000000015,677.24)
(15.375000000000151,677.506667)
(15.375000000000151,677.76)
(15.379166666666817,677.546667)
(15.383333333333484,677.586667)
(15.387500000000152,677.613333)
(15.391666666666818,677.54)
(15.395833333333485,677.993333)
(15.400000000000151,677.426667)
(15.400000000000151,677.24)
(15.404166666666818,676.96)
(15.408333333333484,677.546667)
(15.41250000000015,677.626667)
(15.416666666666819,677.346667)
(15.420833333333485,677.493333)
(15.425000000000152,676.98)
(15.425000000000152,676.96)
(15.430000000000152,677.593333)
(15.435000000000151,677.74)
(15.440000000000152,677.38)
(15.445000000000151,677.566667)
(15.450000000000152,677.32)
(15.450000000000152,677.273333)
(15.454166666666818,677.44)
(15.458333333333485,677.566667)
(15.462500000000151,677.246667)
(15.46666666666682,677.04)
(15.470833333333486,677.24)
(15.475000000000152,677.54)
(15.475000000000152,677.54)
(15.479166666666819,677.393333)
(15.483333333333485,677.386667)
(15.487500000000153,677.773333)
(15.49166666666682,677.36)
(15.495833333333486,677.526667)
(15.500000000000153,677.533333)
(15.500000000000153,677.366667)
(15.505000000000154,677.24)
(15.510000000000153,677.326667)
(15.515000000000153,677.5)
(15.520000000000152,677.42)
(15.525000000000153,677.146667)
(15.525000000000153,677.606667)
(15.52916666666682,677.206667)
(15.533333333333486,677.353333)
(15.537500000000154,677.32)
(15.54166666666682,677.12)
(15.545833333333487,677.346667)
(15.550000000000153,677.146667)
(15.550000000000153,677.26)
(15.555000000000154,677.353333)
(15.560000000000153,677.406667)
(15.565000000000154,677.306667)
(15.570000000000153,677.226667)
(15.575000000000154,677.493333)
(15.575000000000154,677.513333)
(15.580000000000155,677.273333)
(15.585000000000154,677.64)
(15.590000000000154,677.56)
(15.595000000000153,677.5)
(15.600000000000154,677.66)
(15.600000000000154,677.633333)
(15.60416666666682,677.4)
(15.608333333333487,677.446667)
(15.612500000000153,677.613333)
(15.616666666666822,677.38)
(15.620833333333488,677.186667)
(15.625000000000155,677.346667)
(15.625000000000155,676.973333)
(15.630000000000155,677.58)
(15.635000000000154,677.233333)
(15.640000000000155,677.24)
(15.645000000000154,677.32)
(15.650000000000155,677.346667)
(15.650000000000155,677.633333)
(15.654166666666821,677.54)
(15.658333333333488,677.566667)
(15.662500000000154,677.1)
(15.666666666666822,677.14)
(15.670833333333489,677.12)
(15.675000000000155,677.34)
(15.675000000000155,677.533333)
(15.679166666666822,677.226667)
(15.683333333333488,677.2)
(15.687500000000156,677.26)
(15.691666666666823,677.6)
(15.69583333333349,677.453333)
(15.700000000000156,677.666667)
(15.700000000000156,677.46)
(15.705000000000156,677.413333)
(15.710000000000155,677.566667)
(15.715000000000156,677.82)
(15.720000000000155,677.72)
(15.725000000000156,677.306667)
(15.725000000000156,677.353333)
(15.729166666666822,677.313333)
(15.733333333333489,677.28)
(15.737500000000157,677.34)
(15.741666666666823,677.306667)
(15.74583333333349,677.22)
(15.750000000000156,677.126667)
(15.750000000000156,677.56)
(15.756250000000156,677.453333)
(15.762500000000156,677.34)
(15.768750000000157,677.3)
(15.775000000000157,677.5)
(15.775000000000157,677.873333)
(15.775000000000157,677.553333)
(15.779166666666823,677.253333)
(15.78333333333349,677.62)
(15.787500000000158,677.32)
(15.791666666666824,677.486667)
(15.79583333333349,677.673333)
(15.800000000000157,677.32)
(15.800000000000157,677.086667)
(15.804166666666823,677.02)
(15.80833333333349,677.613333)
(15.812500000000156,677.313333)
(15.816666666666825,677.6)
(15.820833333333491,677.02)
(15.825000000000157,677.3)
(15.825000000000157,677.546667)
(15.830000000000158,677.573333)
(15.835000000000157,677.773333)
(15.840000000000158,677.933333)
(15.845000000000157,677.44)
(15.850000000000158,677.38)
(15.850000000000158,677.526667)
(15.854166666666824,677.486667)
(15.85833333333349,677.606667)
(15.862500000000157,677.18)
(15.866666666666825,677.466667)
(15.870833333333492,677.406667)
(15.875000000000158,677.613333)
(15.875000000000158,677.293333)
(15.880000000000159,677.506667)
(15.885000000000158,677.4)
(15.890000000000159,677.76)
(15.895000000000158,677.7)
(15.900000000000158,677.953333)
(15.900000000000158,677.406667)
(15.904166666666825,677.713333)
(15.908333333333491,677.813333)
(15.912500000000158,677.906667)
(15.916666666666826,677.806667)
(15.920833333333492,677.866667)
(15.925000000000159,678.106667)
(15.925000000000159,678.306667)
(15.925000000000159,678.46)
(15.931250000000158,678.42)
(15.93750000000016,678.5)
(15.94375000000016,678.806667)
(15.95000000000016,678.473333)
(15.95000000000016,679.113333)
(15.954166666666826,679.346667)
(15.958333333333492,679.586667)
(15.962500000000158,679.526667)
(15.966666666666827,679.633333)
(15.970833333333493,679.68)
(15.97500000000016,679.62)
(15.97500000000016,679.726667)
(15.979166666666826,679.76)
(15.983333333333492,679.866667)
(15.98750000000016,679.86)
(15.991666666666827,679.926667)
(15.995833333333493,679.973333)
(16.00000000000016,680.066667)
(16.00000000000016,680.153333)
(16.004166666666826,680.206667)
(16.008333333333493,680.126667)
(16.01250000000016,680.24)
(16.016666666666826,680.433333)
(16.020833333333492,680.473333)
(16.02500000000016,680.58)
(16.02500000000016,680.633333)
(16.030000000000157,680.853333)
(16.035000000000156,680.833333)
(16.04000000000016,680.98)
(16.045000000000158,680.973333)
(16.050000000000157,680.946667)
(16.050000000000157,681.18)
(16.054166666666823,681.08)
(16.05833333333349,681.193333)
(16.062500000000156,681.113333)
(16.066666666666823,681.453333)
(16.07083333333349,681.193333)
(16.075000000000156,681.593333)
(16.075000000000156,682.186667)
(16.078571428571585,681.973333)
(16.082142857143012,682.493333)
(16.08571428571444,682.313333)
(16.089285714285868,682.513333)
(16.092857142857298,682.613333)
(16.096428571428724,682.526667)
(16.100000000000154,682.673333)
(16.100000000000154,682.833333)
(16.105000000000153,682.653333)
(16.110000000000152,682.986667)
(16.115000000000155,682.966667)
(16.120000000000154,683.153333)
(16.125000000000153,682.893333)
(16.125000000000153,682.78)
(16.12916666666682,683.126667)
(16.133333333333486,683.033333)
(16.137500000000152,683.046667)
(16.14166666666682,683.453333)
(16.145833333333485,683.62)
(16.15000000000015,683.506667)
(16.15000000000015,683.86)
(16.154166666666818,683.713333)
(16.158333333333484,683.746667)
(16.16250000000015,683.626667)
(16.166666666666817,683.66)
(16.170833333333483,683.84)
(16.17500000000015,683.946667)
(16.17500000000015,684.02)
(16.18000000000015,683.906667)
(16.185000000000148,684.28)
(16.19000000000015,683.953333)
(16.19500000000015,684.033333)
(16.20000000000015,684.22)
(16.20000000000015,684.293333)
(16.204166666666815,683.953333)
(16.20833333333348,684.153333)
(16.212500000000148,684.206667)
(16.216666666666814,684.04)
(16.22083333333348,684.353333)
(16.225000000000147,684.226667)
(16.225000000000147,684.026667)
(16.225000000000147,684.186667)
(16.230000000000146,684.093333)
(16.235000000000145,684.506667)
(16.240000000000148,684.22)
(16.245000000000147,684.226667)
(16.250000000000146,684.246667)
(16.250000000000146,684.086667)
(16.253571428571576,684.266667)
(16.257142857143002,684.053333)
(16.260714285714432,684.1)
(16.264285714285858,684.206667)
(16.267857142857288,684.053333)
(16.271428571428714,684.386667)
(16.275000000000144,684.573333)
(16.275000000000144,684.173333)
(16.283333333333477,684.34)
(16.29166666666681,684.286667)
(16.300000000000143,684.4)
(16.300000000000143,684.373333)
(16.303571428571573,684.28)
(16.307142857143,684.546667)
(16.31071428571443,684.46)
(16.314285714285855,684.28)
(16.317857142857285,684.16)
(16.32142857142871,684.24)
(16.32500000000014,684.553333)
(16.32500000000014,684.26)
(16.329166666666808,684.613333)
(16.333333333333474,684.513333)
(16.33750000000014,684.386667)
(16.341666666666807,684.3)
(16.345833333333474,684.38)
(16.35000000000014,684.48)
(16.35000000000014,684.493333)
(16.354166666666806,684.573333)
(16.358333333333473,684.313333)
(16.36250000000014,684.133333)
(16.366666666666806,684.473333)
(16.370833333333472,684.226667)
(16.37500000000014,684.54)
(16.37500000000014,684.593333)
(16.380000000000138,684.113333)
(16.385000000000137,684.533333)
(16.39000000000014,684.1)
(16.395000000000138,684.446667)
(16.400000000000137,684.473333)
(16.400000000000137,684.36)
(16.404166666666804,684.326667)
(16.40833333333347,684.08)
(16.412500000000136,684.246667)
(16.416666666666803,684.42)
(16.42083333333347,684.406667)
(16.425000000000136,683.926667)
(16.425000000000136,684.353333)
(16.430000000000135,684.206667)
(16.435000000000134,684.166667)
(16.440000000000136,684.113333)
(16.445000000000135,684.373333)
(16.450000000000134,684.133333)
(16.450000000000134,684.006667)
(16.4541666666668,684.06)
(16.458333333333467,684.013333)
(16.462500000000134,684.26)
(16.4666666666668,684.073333)
(16.470833333333466,684.213333)
(16.475000000000133,684.293333)
(16.475000000000133,684.353333)
(16.4791666666668,684.293333)
(16.483333333333466,684.153333)
(16.487500000000132,684.553333)
(16.4916666666668,684.513333)
(16.495833333333465,684.08)
(16.50000000000013,684.266667)
(16.50000000000013,684.16)
(16.50500000000013,684.38)
(16.51000000000013,684.42)
(16.515000000000132,684.446667)
(16.52000000000013,684.533333)
(16.52500000000013,683.94)
(16.52500000000013,684.046667)
(16.533333333333463,684.093333)
(16.541666666666796,684.173333)
(16.55000000000013,684.166667)
(16.55000000000013,684.093333)
(16.575000000000127,684.193333)
(16.575000000000127,684.12)
(16.575000000000127,684.046667)
(16.579166666666794,684.193333)
(16.58333333333346,684.226667)
(16.587500000000126,684.206667)
(16.591666666666793,684.22)
(16.59583333333346,684.1)
(16.600000000000126,684.06)
(16.600000000000126,684.36)
(16.604166666666792,684.3)
(16.60833333333346,684.073333)
(16.612500000000125,684.16)
(16.61666666666679,684.293333)
(16.620833333333458,684.38)
(16.625000000000124,684.22)
(16.625000000000124,684.42)
(16.62916666666679,684.293333)
(16.633333333333457,684.42)
(16.637500000000124,684.34)
(16.64166666666679,684.406667)
(16.645833333333456,684.213333)
(16.650000000000123,684.093333)
(16.650000000000123,683.993333)
(16.655000000000122,684.1)
(16.66000000000012,684.0)
(16.665000000000123,684.4)
(16.670000000000122,684.246667)
(16.67500000000012,684.16)
(16.67500000000012,684.36)
(16.679166666666788,684.306667)
(16.683333333333454,684.133333)
(16.68750000000012,684.14)
(16.691666666666787,684.233333)
(16.695833333333454,684.133333)
(16.70000000000012,684.333333)
(16.70000000000012,684.54)
(16.704166666666787,684.18)
(16.708333333333453,684.006667)
(16.71250000000012,684.3)
(16.716666666666786,684.246667)
(16.720833333333452,684.073333)
(16.72500000000012,684.36)
(16.72500000000012,684.166667)
(16.729166666666785,684.246667)
(16.73333333333345,684.56)
(16.737500000000118,684.2)
(16.741666666666784,684.34)
(16.74583333333345,684.406667)
(16.750000000000117,684.06)
(16.750000000000117,684.393333)
(16.755000000000116,684.406667)
(16.760000000000115,684.48)
(16.765000000000118,684.313333)
(16.770000000000117,684.113333)
(16.775000000000116,684.36)
(16.775000000000116,684.253333)
(16.780000000000115,684.353333)
(16.785000000000114,684.306667)
(16.790000000000116,684.326667)
(16.795000000000115,684.32)
(16.800000000000114,684.366667)
(16.800000000000114,684.246667)
(16.80416666666678,684.12)
(16.808333333333447,684.346667)
(16.812500000000114,684.2)
(16.81666666666678,684.58)
(16.820833333333447,684.233333)
(16.825000000000113,684.626667)
(16.825000000000113,684.366667)
(16.830000000000112,684.446667)
(16.83500000000011,684.066667)
(16.840000000000114,684.106667)
(16.845000000000113,684.413333)
(16.85000000000011,684.453333)
(16.85000000000011,684.4)
(16.854166666666778,684.4)
(16.858333333333444,684.28)
(16.86250000000011,684.253333)
(16.866666666666777,684.286667)
(16.870833333333444,684.4)
(16.87500000000011,684.486667)
(16.87500000000011,684.353333)
(16.88000000000011,684.42)
(16.885000000000108,684.573333)
(16.89000000000011,684.72)
(16.89500000000011,684.473333)
(16.90000000000011,684.213333)
(16.90000000000011,684.073333)
(16.90357142857154,684.42)
(16.907142857142965,684.4)
(16.910714285714395,684.6)
(16.91428571428582,684.3)
(16.91785714285725,684.4)
(16.921428571428677,684.126667)
(16.925000000000107,684.4)
(16.925000000000107,684.253333)
(16.929166666666774,684.14)
(16.93333333333344,684.313333)
(16.937500000000107,684.32)
(16.941666666666773,684.153333)
(16.94583333333344,684.16)
(16.950000000000106,684.34)
(16.950000000000106,684.113333)
(16.955000000000105,684.206667)
(16.960000000000104,684.546667)
(16.965000000000106,684.486667)
(16.970000000000105,684.446667)
(16.975000000000104,684.313333)
(16.975000000000104,684.26)
(16.97916666666677,684.566667)
(16.983333333333437,684.12)
(16.987500000000104,684.42)
(16.99166666666677,684.273333)
(16.995833333333437,684.133333)
(17.000000000000103,684.406667)
(17.000000000000103,684.42)
(17.00416666666677,684.426667)
(17.008333333333436,684.313333)
(17.012500000000102,684.36)
(17.01666666666677,684.5)
(17.020833333333435,683.866667)
(17.0250000000001,684.533333)
(17.0250000000001,684.26)
(17.0300000000001,684.253333)
(17.0350000000001,684.253333)
(17.040000000000102,683.98)
(17.0450000000001,684.46)
(17.0500000000001,684.42)
(17.0500000000001,684.06)
(17.054166666666767,683.92)
(17.058333333333433,684.02)
(17.0625000000001,684.373333)
(17.066666666666766,683.98)
(17.070833333333432,684.213333)
(17.0750000000001,684.24)
(17.0750000000001,683.993333)
(17.100000000000097,684.04)
(17.100000000000097,683.933333)
(17.10833333333343,683.906667)
(17.116666666666763,683.893333)
(17.125000000000096,684.026667)
(17.125000000000096,683.486667)
(17.129166666666762,683.246667)
(17.13333333333343,683.546667)
(17.137500000000095,683.12)
(17.14166666666676,683.353333)
(17.145833333333428,683.16)
(17.150000000000095,683.32)
(17.150000000000095,683.24)
(17.155000000000094,683.233333)
(17.160000000000093,683.053333)
(17.165000000000095,682.366667)
(17.170000000000094,682.273333)
(17.175000000000093,682.12)
(17.175000000000093,681.613333)
(17.180000000000092,681.686667)
(17.18500000000009,681.253333)
(17.190000000000094,681.22)
(17.195000000000093,681.033333)
(17.20000000000009,680.826667)
(17.20000000000009,680.5)
(17.204166666666758,680.633333)
(17.208333333333425,680.36)
(17.21250000000009,680.346667)
(17.216666666666757,680.193333)
(17.220833333333424,680.313333)
(17.22500000000009,680.16)
(17.22500000000009,680.04)
(17.229166666666757,680.04)
(17.233333333333423,679.78)
(17.23750000000009,679.76)
(17.241666666666756,679.633333)
(17.245833333333422,679.713333)
(17.25000000000009,679.42)
(17.25000000000009,679.433333)
(17.275000000000087,679.253333)
(17.275000000000087,679.213333)
(17.281250000000085,679.106667)
(17.287500000000087,679.12)
(17.293750000000088,678.766667)
(17.300000000000086,678.393333)
(17.300000000000086,678.093333)
(17.302777777777862,678.226667)
(17.305555555555642,677.786667)
(17.30833333333342,677.92)
(17.311111111111195,677.906667)
(17.313888888888975,677.526667)
(17.31666666666675,677.5)
(17.319444444444528,677.76)
(17.322222222222308,677.973333)
(17.325000000000085,677.633333)
(17.325000000000085,677.786667)
(17.330000000000084,677.8)
(17.335000000000083,677.813333)
(17.340000000000085,678.106667)
(17.345000000000084,677.933333)
(17.350000000000083,677.733333)
(17.350000000000083,677.793333)
(17.35416666666675,678.02)
(17.358333333333416,677.96)
(17.362500000000082,678.046667)
(17.36666666666675,678.14)
(17.370833333333415,677.546667)
(17.37500000000008,677.866667)
(17.37500000000008,677.806667)
(17.379166666666748,677.653333)
(17.383333333333415,677.753333)
(17.38750000000008,678.04)
(17.391666666666747,677.753333)
(17.395833333333414,677.653333)
(17.40000000000008,677.82)
(17.40000000000008,677.773333)
(17.40500000000008,677.6)
(17.41000000000008,677.48)
(17.41500000000008,677.826667)
(17.42000000000008,677.8)
(17.42500000000008,677.92)
(17.42500000000008,677.266667)
(17.429166666666745,677.493333)
(17.43333333333341,677.466667)
(17.437500000000078,677.846667)
(17.441666666666745,677.826667)
(17.44583333333341,677.753333)
(17.450000000000077,677.9)
(17.450000000000077,677.713333)
(17.455000000000076,677.766667)
(17.460000000000075,677.92)
(17.465000000000078,677.613333)
(17.470000000000077,677.833333)
(17.475000000000076,677.6)
(17.475000000000076,677.606667)
(17.479166666666742,677.573333)
(17.48333333333341,677.173333)
(17.487500000000075,677.346667)
(17.49166666666674,677.253333)
(17.495833333333408,677.32)
(17.500000000000075,677.76)
(17.500000000000075,677.366667)
(17.505000000000074,677.26)
(17.510000000000073,677.42)
(17.515000000000075,677.326667)
(17.520000000000074,677.413333)
(17.525000000000073,677.333333)
(17.525000000000073,676.84)
(17.52916666666674,677.533333)
(17.533333333333406,677.213333)
(17.537500000000072,677.626667)
(17.54166666666674,677.486667)
(17.545833333333405,677.366667)
(17.55000000000007,677.333333)
(17.55000000000007,677.246667)
(17.57500000000007,677.78)
(17.57500000000007,677.8)
(17.583333333333403,677.72)
(17.591666666666736,677.613333)
(17.60000000000007,677.206667)
(17.60000000000007,677.406667)
(17.604166666666735,677.206667)
(17.608333333333402,677.173333)
(17.612500000000068,677.193333)
(17.616666666666735,676.9)
(17.6208333333334,677.306667)
(17.625000000000068,677.546667)
(17.625000000000068,677.44)
(17.629166666666734,677.326667)
(17.6333333333334,677.266667)
(17.637500000000067,677.246667)
(17.641666666666733,677.206667)
(17.6458333333334,677.206667)
(17.650000000000066,677.553333)
(17.650000000000066,677.246667)
(17.655000000000065,677.24)
(17.660000000000064,677.3)
(17.665000000000067,677.406667)
(17.670000000000066,676.98)
(17.675000000000065,676.893333)
(17.675000000000065,677.106667)
(17.67916666666673,677.486667)
(17.683333333333398,677.373333)
(17.687500000000064,677.133333)
(17.69166666666673,676.866667)
(17.695833333333397,677.073333)
(17.700000000000063,677.313333)
(17.700000000000063,677.713333)
(17.70416666666673,677.446667)
(17.708333333333396,677.333333)
(17.712500000000063,677.206667)
(17.71666666666673,677.473333)
(17.720833333333395,677.54)
(17.725000000000062,677.273333)
(17.725000000000062,677.226667)
(17.73000000000006,676.94)
(17.73500000000006,676.866667)
(17.740000000000062,677.446667)
(17.74500000000006,677.54)
(17.75000000000006,677.466667)
(17.75000000000006,677.053333)
(17.75625000000006,676.953333)
(17.76250000000006,677.4)
(17.76875000000006,677.446667)
(17.77500000000006,677.533333)
(17.77500000000006,677.433333)
(17.800000000000058,677.673333)
(17.800000000000058,677.626667)
(17.803571428571487,677.606667)
(17.807142857142914,677.453333)
(17.810714285714344,677.333333)
(17.81428571428577,677.2)
(17.8178571428572,677.326667)
(17.821428571428626,677.246667)
(17.825000000000056,677.306667)
(17.825000000000056,677.153333)
(17.825000000000056,677.386667)
(17.829166666666723,677.08)
(17.83333333333339,677.48)
(17.837500000000055,677.633333)
(17.841666666666722,677.393333)
(17.84583333333339,677.106667)
(17.850000000000055,677.26)
(17.850000000000055,677.526667)
(17.85416666666672,677.126667)
(17.858333333333388,677.373333)
(17.862500000000054,676.893333)
(17.86666666666672,677.133333)
(17.870833333333387,677.406667)
(17.875000000000053,677.346667)
(17.875000000000053,677.446667)
(17.880000000000052,677.406667)
(17.88500000000005,677.0)
(17.890000000000054,677.266667)
(17.895000000000053,677.326667)
(17.900000000000052,677.32)
(17.900000000000052,677.006667)
(17.90416666666672,677.213333)
(17.908333333333385,677.526667)
(17.91250000000005,677.466667)
(17.916666666666718,677.646667)
(17.920833333333384,677.52)
(17.92500000000005,676.78)
(17.92500000000005,677.346667)
(17.93000000000005,677.073333)
(17.93500000000005,677.426667)
(17.94000000000005,677.293333)
(17.94500000000005,677.02)
(17.95000000000005,676.953333)
(17.95000000000005,677.506667)
(17.954166666666715,677.64)
(17.958333333333382,677.546667)
(17.96250000000005,677.24)
(17.966666666666715,677.466667)
(17.97083333333338,677.76)
(17.975000000000048,677.64)
(17.975000000000048,677.4)
(17.980000000000047,677.493333)
(17.985000000000046,677.34)
(17.990000000000048,677.713333)
(17.995000000000047,677.76)
(18.000000000000046,677.673333)
(18.000000000000046,677.56)
(18.005000000000045,677.346667)
(18.010000000000044,677.273333)
(18.015000000000047,677.913333)
(18.020000000000046,677.72)
(18.025000000000045,677.793333)
(18.025000000000045,677.533333)
(18.02916666666671,677.76)
(18.033333333333378,677.62)
(18.037500000000044,677.546667)
(18.04166666666671,677.613333)
(18.045833333333377,677.44)
(18.050000000000043,677.233333)
(18.050000000000043,677.193333)
(18.055000000000042,677.44)
(18.06000000000004,677.446667)
(18.065000000000044,677.226667)
(18.070000000000043,677.08)
(18.075000000000042,677.526667)
(18.075000000000042,677.746667)
(18.07916666666671,677.426667)
(18.083333333333375,677.46)
(18.08750000000004,677.48)
(18.091666666666708,677.38)
(18.095833333333374,677.78)
(18.10000000000004,677.32)
(18.10000000000004,677.46)
(18.10500000000004,677.346667)
(18.11000000000004,677.586667)
(18.11500000000004,677.566667)
(18.12000000000004,677.68)
(18.12500000000004,677.593333)
(18.12500000000004,677.22)
(18.129166666666706,677.426667)
(18.133333333333372,677.78)
(18.13750000000004,677.793333)
(18.141666666666705,677.52)
(18.14583333333337,677.42)
(18.150000000000038,677.34)
(18.150000000000038,677.76)
(18.155000000000037,677.473333)
(18.160000000000036,677.473333)
(18.16500000000004,677.54)
(18.170000000000037,677.6)
(18.175000000000036,677.7)
(18.175000000000036,677.666667)
(18.180000000000035,677.88)
(18.185000000000034,678.013333)
(18.190000000000037,677.906667)
(18.195000000000036,677.846667)
(18.200000000000035,677.613333)
(18.200000000000035,677.646667)
(18.2041666666667,677.886667)
(18.208333333333368,677.733333)
(18.212500000000034,677.653333)
(18.2166666666667,677.973333)
(18.220833333333367,677.466667)
(18.225000000000033,677.553333)
(18.225000000000033,677.52)
(18.2291666666667,677.426667)
(18.233333333333366,677.92)
(18.237500000000033,678.06)
(18.2416666666667,677.4)
(18.245833333333366,677.573333)
(18.250000000000032,677.72)
(18.250000000000032,677.86)
(18.2541666666667,678.04)
(18.258333333333365,677.693333)
(18.26250000000003,677.593333)
(18.266666666666698,677.786667)
(18.270833333333364,677.713333)
(18.27500000000003,677.813333)
(18.27500000000003,677.52)
(18.279166666666697,677.766667)
(18.283333333333363,677.48)
(18.28750000000003,677.806667)
(18.291666666666696,677.706667)
(18.295833333333363,677.42)
(18.30000000000003,677.506667)
(18.30000000000003,677.413333)
(18.304166666666696,677.566667)
(18.308333333333362,677.926667)
(18.31250000000003,677.78)
(18.316666666666695,677.706667)
(18.32083333333336,677.873333)
(18.325000000000028,677.493333)
(18.325000000000028,677.76)
(18.330000000000027,677.84)
(18.335000000000026,677.773333)
(18.34000000000003,677.786667)
(18.345000000000027,677.846667)
(18.350000000000026,677.74)
(18.350000000000026,677.906667)
(18.355000000000025,677.766667)
(18.360000000000024,677.706667)
(18.365000000000027,677.726667)
(18.370000000000026,677.7)
(18.375000000000025,678.033333)
(18.375000000000025,677.713333)
(18.378571428571455,677.733333)
(18.38214285714288,677.646667)
(18.38571428571431,677.646667)
(18.389285714285737,677.813333)
(18.392857142857167,677.66)
(18.396428571428594,677.88)
(18.400000000000023,677.286667)
(18.400000000000023,677.866667)
(18.405000000000022,677.36)
(18.41000000000002,677.753333)
(18.415000000000024,677.733333)
(18.420000000000023,677.813333)
(18.425000000000022,677.813333)
(18.425000000000022,678.126667)
(18.43000000000002,677.933333)
(18.43500000000002,677.82)
(18.440000000000023,677.746667)
(18.44500000000002,677.373333)
(18.45000000000002,677.553333)
(18.45000000000002,677.74)
(18.454166666666687,677.6)
(18.458333333333353,677.506667)
(18.46250000000002,677.673333)
(18.466666666666686,677.873333)
(18.470833333333353,677.7)
(18.47500000000002,677.773333)
(18.47500000000002,677.613333)
(18.480000000000018,677.533333)
(18.485000000000017,678.06)
(18.49000000000002,677.973333)
(18.49500000000002,677.893333)
(18.500000000000018,677.893333)
(18.500000000000018,677.58)
(18.504166666666684,677.62)
(18.50833333333335,678.06)
(18.512500000000017,677.78)
(18.516666666666683,677.606667)
(18.52083333333335,677.426667)
(18.525000000000016,677.206667)
(18.525000000000016,677.58)
(18.529166666666683,677.613333)
(18.53333333333335,677.38)
(18.537500000000016,677.413333)
(18.541666666666682,677.286667)
(18.54583333333335,677.613333)
(18.550000000000015,678.026667)
(18.550000000000015,677.766667)
(18.555000000000014,677.626667)
(18.560000000000013,677.546667)
(18.565000000000015,677.546667)
(18.570000000000014,677.633333)
(18.575000000000014,677.833333)
(18.575000000000014,677.7)
(18.580000000000013,677.32)
(18.58500000000001,677.426667)
(18.590000000000014,678.02)
(18.595000000000013,677.88)
(18.600000000000012,677.806667)
(18.600000000000012,677.58)
(18.60416666666668,677.493333)
(18.608333333333345,677.96)
(18.61250000000001,678.206667)
(18.616666666666678,678.146667)
(18.620833333333344,677.92)
(18.62500000000001,677.766667)
(18.62500000000001,677.873333)
(18.629166666666677,678.126667)
(18.633333333333344,678.14)
(18.63750000000001,677.68)
(18.641666666666676,677.66)
(18.645833333333343,677.633333)
(18.65000000000001,677.98)
(18.65000000000001,677.793333)
(18.654166666666676,677.853333)
(18.658333333333342,677.66)
(18.66250000000001,677.98)
(18.666666666666675,677.993333)
(18.67083333333334,678.0)
(18.675000000000008,678.02)
(18.675000000000008,677.44)
(18.680000000000007,677.713333)
(18.685000000000006,677.893333)
(18.69000000000001,677.54)
(18.695000000000007,677.66)
(18.700000000000006,677.266667)
(18.700000000000006,677.96)
(18.705000000000005,677.72)
(18.710000000000004,677.88)
(18.715000000000007,677.813333)
(18.720000000000006,677.893333)
(18.725000000000005,677.726667)
(18.725000000000005,678.053333)
(18.728571428571435,678.0)
(18.73214285714286,677.866667)
(18.73571428571429,677.806667)
(18.739285714285717,677.993333)
(18.742857142857147,677.673333)
(18.746428571428574,677.593333)
(18.750000000000004,677.66)
(18.750000000000004,677.666667)
(18.755000000000003,677.713333)
(18.76,677.693333)
(18.765000000000004,677.76)
(18.770000000000003,677.866667)
(18.775000000000002,677.966667)
(18.775000000000002,677.766667)
(18.77916666666667,677.506667)
(18.783333333333335,677.653333)
(18.7875,677.673333)
(18.791666666666668,677.653333)
(18.795833333333334,677.166667)
(18.8,677.706667)
(18.8,677.68)
(18.805,677.686667)
(18.81,677.693333)
(18.815,677.613333)
(18.82,677.446667)
(18.825,677.74)
(18.825,678.006667)
(18.83,677.793333)
(18.834999999999997,677.746667)
(18.84,677.673333)
(18.845,677.906667)
(18.849999999999998,678.1)
(18.849999999999998,677.86)
(18.853571428571428,677.646667)
(18.857142857142854,678.02)
(18.860714285714284,677.746667)
(18.86428571428571,677.753333)
(18.86785714285714,677.666667)
(18.871428571428567,677.733333)
(18.874999999999996,677.42)
(18.874999999999996,677.713333)
(18.879166666666663,677.746667)
(18.88333333333333,677.7)
(18.887499999999996,677.753333)
(18.891666666666662,677.64)
(18.89583333333333,677.393333)
(18.899999999999995,677.573333)
(18.899999999999995,678.06)
(18.904999999999994,677.566667)
(18.909999999999993,677.713333)
(18.914999999999996,677.406667)
(18.919999999999995,677.486667)
(18.924999999999994,677.453333)
(18.924999999999994,677.526667)
(18.929999999999993,677.206667)
(18.93499999999999,677.3)
(18.939999999999994,677.586667)
(18.944999999999993,677.76)
(18.949999999999992,677.62)
(18.949999999999992,677.466667)
(18.95624999999999,677.586667)
(18.96249999999999,677.46)
(18.968749999999993,677.686667)
(18.97499999999999,677.68)
(18.97499999999999,677.346667)
(18.99999999999999,677.846667)
(18.99999999999999,677.526667)
(19.004166666666656,677.6)
(19.008333333333322,677.806667)
(19.01249999999999,677.82)
(19.016666666666655,677.786667)
(19.02083333333332,677.753333)
(19.024999999999988,677.466667)
(19.024999999999988,677.853333)
(19.029999999999987,677.866667)
(19.034999999999986,677.766667)
(19.03999999999999,677.546667)
(19.044999999999987,677.866667)
(19.049999999999986,677.98)
(19.049999999999986,677.8)
(19.054166666666653,677.793333)
(19.05833333333332,677.406667)
(19.062499999999986,677.36)
(19.066666666666652,678.186667)
(19.07083333333332,677.813333)
(19.074999999999985,678.12)
(19.074999999999985,677.92)
(19.07916666666665,677.6)
(19.083333333333318,677.32)
(19.087499999999984,677.993333)
(19.09166666666665,677.973333)
(19.095833333333317,677.8)
(19.099999999999984,677.573333)
(19.099999999999984,677.8)
(19.104999999999983,678.04)
(19.10999999999998,677.8)
(19.114999999999984,677.686667)
(19.119999999999983,677.253333)
(19.124999999999982,677.646667)
(19.124999999999982,677.706667)
(19.12916666666665,677.88)
(19.133333333333315,677.8)
(19.13749999999998,677.633333)
(19.141666666666648,677.733333)
(19.145833333333314,677.553333)
(19.14999999999998,677.76)
(19.14999999999998,677.64)
(19.15499999999998,677.82)
(19.15999999999998,677.82)
(19.16499999999998,677.646667)
(19.16999999999998,677.986667)
(19.17499999999998,677.613333)
(19.17499999999998,677.18)
(19.179166666666646,677.393333)
(19.183333333333312,677.3)
(19.18749999999998,677.32)
(19.191666666666645,677.406667)
(19.19583333333331,677.426667)
(19.199999999999978,677.206667)
(19.199999999999978,677.533333)
(19.204166666666644,677.513333)
(19.20833333333331,677.52)
(19.212499999999977,677.44)
(19.216666666666644,677.513333)
(19.22083333333331,677.693333)
(19.224999999999977,677.426667)
(19.224999999999977,677.36)
(19.229166666666643,677.0)
(19.23333333333331,677.38)
(19.237499999999976,677.406667)
(19.241666666666642,677.733333)
(19.24583333333331,677.433333)
(19.249999999999975,677.553333)
(19.249999999999975,677.373333)
(19.254999999999974,677.926667)
(19.259999999999973,677.673333)
(19.264999999999976,677.953333)
(19.269999999999975,677.773333)
(19.274999999999974,677.56)
(19.274999999999974,677.74)
(19.27916666666664,677.553333)
(19.283333333333307,677.78)
(19.287499999999973,677.393333)
(19.29166666666664,677.586667)
(19.295833333333306,677.313333)
(19.299999999999972,677.386667)
(19.299999999999972,677.546667)
(19.30499999999997,677.953333)
(19.30999999999997,677.913333)
(19.314999999999973,677.493333)
(19.319999999999972,677.746667)
(19.32499999999997,678.086667)
(19.32499999999997,677.953333)
(19.3285714285714,677.68)
(19.332142857142827,677.786667)
(19.335714285714257,677.426667)
(19.339285714285683,677.693333)
(19.342857142857113,677.453333)
(19.34642857142854,677.76)
(19.34999999999997,677.3)
(19.34999999999997,677.38)
(19.35499999999997,677.8)
(19.359999999999967,677.753333)
(19.36499999999997,677.686667)
(19.36999999999997,677.26)
(19.374999999999968,677.433333)
(19.374999999999968,677.506667)
(19.379166666666634,677.54)
(19.3833333333333,677.793333)
(19.387499999999967,677.586667)
(19.391666666666634,677.653333)
(19.3958333333333,677.846667)
(19.399999999999967,677.853333)
(19.399999999999967,677.726667)
(19.404999999999966,677.506667)
(19.409999999999965,677.52)
(19.414999999999967,677.9)
(19.419999999999966,677.68)
(19.424999999999965,677.873333)
(19.424999999999965,677.666667)
(19.42916666666663,677.646667)
(19.433333333333298,677.666667)
(19.437499999999964,677.666667)
(19.44166666666663,677.653333)
(19.445833333333297,677.74)
(19.449999999999964,677.313333)
(19.449999999999964,677.546667)
(19.454999999999963,677.506667)
(19.45999999999996,677.44)
(19.464999999999964,677.44)
(19.469999999999963,677.493333)
(19.474999999999962,677.18)
(19.474999999999962,677.82)
(19.47999999999996,677.88)
(19.48499999999996,677.633333)
(19.489999999999963,677.353333)
(19.494999999999962,677.566667)
(19.49999999999996,677.666667)
(19.49999999999996,677.7)
(19.504166666666627,677.726667)
(19.508333333333294,677.506667)
(19.51249999999996,677.386667)
(19.516666666666627,677.72)
(19.520833333333293,677.946667)
(19.52499999999996,677.853333)
(19.52499999999996,677.326667)
(19.529166666666626,677.633333)
(19.533333333333292,677.2)
(19.53749999999996,677.44)
(19.541666666666625,677.66)
(19.54583333333329,677.466667)
(19.549999999999958,677.193333)
(19.549999999999958,677.833333)
(19.554166666666625,677.22)
(19.55833333333329,677.8)
(19.562499999999957,677.593333)
(19.566666666666624,677.34)
(19.57083333333329,677.326667)
(19.574999999999957,677.433333)
(19.574999999999957,677.186667)
(19.579999999999956,677.26)
(19.584999999999955,677.74)
(19.589999999999957,676.786667)
(19.594999999999956,677.46)
(19.599999999999955,677.653333)
(19.599999999999955,677.393333)
(19.60416666666662,677.466667)
(19.608333333333288,677.313333)
(19.612499999999955,677.24)
(19.61666666666662,677.153333)
(19.620833333333287,677.373333)
(19.624999999999954,677.106667)
(19.624999999999954,677.32)
(19.629999999999953,677.446667)
(19.634999999999952,677.526667)
(19.639999999999954,677.546667)
(19.644999999999953,677.286667)
(19.649999999999952,677.28)
(19.649999999999952,676.953333)
(19.65416666666662,677.326667)
(19.658333333333285,677.333333)
(19.66249999999995,677.0)
(19.666666666666618,677.26)
(19.670833333333285,676.96)
(19.67499999999995,676.893333)
(19.67499999999995,677.033333)
(19.679166666666617,676.98)
(19.683333333333284,676.68)
(19.68749999999995,676.866667)
(19.691666666666617,677.12)
(19.695833333333283,677.02)
(19.69999999999995,677.18)
(19.69999999999995,676.96)
(19.70499999999995,676.44)
(19.709999999999948,676.813333)
(19.71499999999995,677.34)
(19.71999999999995,676.846667)
(19.724999999999948,676.913333)
(19.724999999999948,676.62)
(19.729999999999947,676.806667)
(19.734999999999946,677.306667)
(19.73999999999995,677.28)
(19.744999999999948,676.92)
(19.749999999999947,677.12)
(19.749999999999947,677.24)
(19.754166666666613,676.98)
(19.75833333333328,677.333333)
(19.762499999999946,677.106667)
(19.766666666666612,676.74)
(19.77083333333328,676.86)
(19.774999999999945,677.093333)
(19.774999999999945,677.36)
(19.77916666666661,677.413333)
(19.783333333333278,677.093333)
(19.787499999999945,677.206667)
(19.79166666666661,677.173333)
(19.795833333333277,677.146667)
(19.799999999999944,677.16)
(19.799999999999944,677.0)
(19.824999999999942,676.84)
(19.824999999999942,677.093333)
(19.833333333333275,677.206667)
(19.841666666666608,677.206667)
(19.84999999999994,677.253333)
(19.84999999999994,676.986667)
(19.854166666666607,677.02)
(19.858333333333274,677.526667)
(19.86249999999994,677.526667)
(19.866666666666607,677.693333)
(19.870833333333273,676.966667)
(19.87499999999994,676.906667)
(19.87499999999994,677.433333)
(19.87999999999994,677.3)
(19.884999999999938,677.006667)
(19.88999999999994,677.193333)
(19.89499999999994,677.28)
(19.899999999999938,677.56)
(19.899999999999938,677.5)
(19.904999999999937,677.14)
(19.909999999999936,677.053333)
(19.91499999999994,677.34)
(19.919999999999938,676.78)
(19.924999999999937,677.393333)
(19.924999999999937,677.28)
(19.929166666666603,677.293333)
(19.93333333333327,677.153333)
(19.937499999999936,677.3)
(19.941666666666602,677.293333)
(19.94583333333327,677.233333)
(19.949999999999935,677.126667)
(19.949999999999935,676.84)
(19.9541666666666,677.48)
(19.958333333333268,677.34)
(19.962499999999935,677.306667)
(19.9666666666666,677.346667)
(19.970833333333267,677.113333)
(19.974999999999934,676.913333)
(19.974999999999934,677.246667)
(19.9791666666666,677.253333)
(19.983333333333267,676.84)
(19.987499999999933,677.386667)
(19.9916666666666,676.833333)
(19.995833333333266,677.113333)
(19.999999999999932,677.453333)
(19.999999999999932,677.433333)
(20.00499999999993,677.353333)
(20.00999999999993,677.12)
(20.014999999999933,677.24)
(20.019999999999932,677.12)
(20.02499999999993,677.293333)
