(25.049999999999645,690.28)
(25.049999999999645,689.813333)
(25.054999999999644,690.1)
(25.059999999999643,690.053333)
(25.064999999999646,690.086667)
(25.069999999999645,690.013333)
(25.074999999999644,689.86)
(25.074999999999644,689.98)
(25.07916666666631,689.746667)
(25.083333333332977,689.86)
(25.087499999999643,689.913333)
(25.09166666666631,689.986667)
(25.095833333332976,690.006667)
(25.099999999999643,689.773333)
(25.099999999999643,689.893333)
(25.10499999999964,690.066667)
(25.10999999999964,689.9)
(25.114999999999643,689.88)
(25.119999999999642,690.106667)
(25.12499999999964,689.853333)
(25.12499999999964,689.933333)
(25.133333333332974,690.153333)
(25.141666666666307,690.026667)
(25.14999999999964,689.866667)
(25.14999999999964,689.92)
(25.16249999999964,689.88)
(25.17499999999964,690.053333)
(25.17499999999964,690.146667)
(25.17857142857107,689.973333)
(25.182142857142495,689.953333)
(25.185714285713924,690.0)
(25.18928571428535,689.953333)
(25.19285714285678,689.993333)
(25.196428571428207,689.986667)
(25.199999999999637,689.913333)
(25.199999999999637,690.053333)
(25.204999999999636,689.94)
(25.209999999999635,689.94)
(25.214999999999637,689.993333)
(25.219999999999636,690.153333)
(25.224999999999635,690.053333)
(25.224999999999635,690.126667)
(25.228571428571065,690.02)
(25.23214285714249,690.04)
(25.23571428571392,690.12)
(25.239285714285348,689.966667)
(25.242857142856778,689.886667)
(25.246428571428204,690.086667)
(25.249999999999634,690.033333)
(25.249999999999634,690.093333)
(25.254999999999633,690.1)
(25.259999999999632,689.986667)
(25.264999999999635,689.973333)
(25.269999999999634,690.1)
(25.274999999999633,689.913333)
(25.274999999999633,689.973333)
(25.27999999999963,690.08)
(25.28499999999963,690.033333)
(25.289999999999633,690.093333)
(25.294999999999632,690.18)
(25.29999999999963,689.8)
(25.29999999999963,689.96)
(25.304166666666298,690.133333)
(25.308333333332964,690.073333)
(25.31249999999963,689.786667)
(25.316666666666297,689.706667)
(25.320833333332963,690.126667)
(25.32499999999963,689.92)
(25.32499999999963,689.753333)
(25.32999999999963,689.9)
(25.334999999999628,689.946667)
(25.33999999999963,689.8)
(25.34499999999963,690.146667)
(25.34999999999963,690.133333)
(25.34999999999963,689.96)
(25.35357142857106,689.9)
(25.357142857142485,690.146667)
(25.360714285713915,689.933333)
(25.36428571428534,689.92)
(25.36785714285677,689.94)
(25.371428571428197,690.066667)
(25.374999999999627,690.273333)
(25.374999999999627,689.913333)
(25.379999999999626,690.033333)
(25.384999999999625,689.926667)
(25.389999999999628,689.86)
(25.394999999999627,689.926667)
(25.399999999999626,689.713333)
(25.399999999999626,690.033333)
(25.404999999999625,689.566667)
(25.409999999999624,689.833333)
(25.414999999999626,690.026667)
(25.419999999999625,690.493333)
(25.424999999999624,690.633333)
(25.424999999999624,690.866667)
(25.429999999999623,690.6)
(25.434999999999622,690.666667)
(25.439999999999625,690.813333)
(25.444999999999624,691.5)
(25.449999999999623,691.786667)
(25.449999999999623,692.48)
(25.449999999999623,692.64)
(25.45416666666629,693.746667)
(25.458333333332956,694.933333)
(25.462499999999622,695.66)
(25.46666666666629,693.386667)
(25.470833333332955,694.166667)
(25.47499999999962,696.833333)
(25.47499999999962,697.466667)
(25.47999999999962,698.206667)
(25.48499999999962,699.32)
(25.489999999999622,698.833333)
(25.49499999999962,700.013333)
(25.49999999999962,700.88)
(25.49999999999962,702.186667)
(25.504166666666286,701.713333)
(25.508333333332953,702.8)
(25.51249999999962,703.44)
(25.516666666666286,704.866667)
(25.520833333332952,703.98)
(25.52499999999962,705.933333)
(25.52499999999962,706.773333)
(25.529999999999617,706.74)
(25.534999999999616,707.106667)
(25.53999999999962,706.986667)
(25.544999999999618,707.16)
(25.549999999999617,707.226667)
(25.549999999999617,707.1)
(25.554166666666283,707.426667)
(25.55833333333295,707.353333)
(25.562499999999616,707.386667)
(25.566666666666283,707.546667)
(25.57083333333295,707.486667)
(25.574999999999616,707.286667)
(25.574999999999616,707.4)
(25.599999999999614,707.56)
(25.599999999999614,707.88)
(25.608333333332947,707.986667)
(25.61666666666628,707.926667)
(25.624999999999613,707.82)
(25.624999999999613,707.666667)
(25.628124999999613,708.453333)
(25.63124999999961,708.72)
(25.63437499999961,708.693333)
(25.637499999999612,708.873333)
(25.640624999999613,708.793333)
(25.643749999999613,708.286667)
(25.64687499999961,708.62)
(25.64999999999961,708.666667)
(25.64999999999961,708.62)
(25.65499999999961,708.76)
(25.65999999999961,708.78)
(25.664999999999612,708.6)
(25.66999999999961,708.566667)
(25.67499999999961,708.606667)
(25.67499999999961,708.693333)
(25.67999999999961,708.733333)
(25.684999999999608,708.72)
(25.68999999999961,708.806667)
(25.69499999999961,709.233333)
(25.69999999999961,709.26)
(25.69999999999961,708.866667)
(25.704166666666275,709.133333)
(25.70833333333294,709.093333)
(25.712499999999608,709.106667)
(25.716666666666274,709.08)
(25.72083333333294,708.86)
(25.724999999999607,708.833333)
(25.724999999999607,708.833333)
(25.729999999999606,709.106667)
(25.734999999999605,708.786667)
(25.739999999999608,709.08)
(25.744999999999607,708.806667)
(25.749999999999606,708.88)
(25.749999999999606,708.933333)
(25.754166666666272,709.093333)
(25.75833333333294,708.826667)
(25.762499999999605,709.186667)
(25.76666666666627,708.706667)
(25.770833333332938,708.906667)
(25.774999999999604,708.94)
(25.774999999999604,708.58)
(25.77916666666627,709.193333)
(25.783333333332937,708.806667)
(25.787499999999604,708.893333)
(25.79166666666627,708.84)
(25.795833333332936,708.926667)
(25.799999999999603,708.96)
(25.799999999999603,708.9)
(25.804999999999602,709.013333)
(25.8099999999996,708.893333)
(25.814999999999603,708.9)
(25.819999999999602,709.16)
(25.8249999999996,709.146667)
(25.8249999999996,709.02)
(25.82857142857103,709.32)
(25.832142857142458,709.193333)
(25.835714285713888,709.06)
(25.839285714285314,709.286667)
(25.842857142856744,708.7)
(25.84642857142817,709.473333)
(25.8499999999996,709.2)
(25.8499999999996,709.38)
(25.8549999999996,709.126667)
(25.859999999999598,709.44)
(25.8649999999996,708.986667)
(25.8699999999996,708.993333)
(25.8749999999996,708.993333)
(25.8749999999996,709.253333)
(25.87857142857103,709.32)
(25.882142857142455,709.12)
(25.885714285713885,708.98)
(25.88928571428531,708.946667)
(25.89285714285674,708.766667)
(25.896428571428167,708.613333)
(25.899999999999597,708.813333)
(25.899999999999597,708.413333)
(25.904999999999596,708.32)
(25.909999999999595,707.293333)
(25.914999999999598,706.02)
(25.919999999999597,702.766667)
(25.924999999999596,704.466667)
(25.924999999999596,701.6)
(25.929999999999595,700.613333)
(25.934999999999594,699.46)
(25.939999999999596,699.886667)
(25.944999999999595,699.133333)
(25.949999999999594,698.513333)
(25.949999999999594,698.126667)
(25.95416666666626,697.0)
(25.958333333332927,695.98)
(25.962499999999594,695.693333)
(25.96666666666626,694.793333)
(25.970833333332926,694.38)
(25.974999999999593,693.8)
(25.974999999999593,692.233333)
(25.97916666666626,691.72)
(25.983333333332926,691.273333)
(25.987499999999592,691.073333)
(25.99166666666626,692.953333)
(25.995833333332925,690.093333)
(25.99999999999959,690.453333)
(25.99999999999959,690.446667)
(26.00499999999959,690.3)
(26.00999999999959,690.353333)
(26.014999999999592,690.146667)
(26.01999999999959,690.26)
(26.02499999999959,689.906667)
(26.02499999999959,690.153333)
(26.029166666666256,690.22)
(26.033333333332923,689.893333)
(26.03749999999959,690.04)
(26.041666666666256,690.133333)
(26.045833333332922,690.086667)
(26.04999999999959,690.033333)
(26.04999999999959,689.933333)
(26.05357142857102,690.0)
(26.057142857142445,690.046667)
(26.060714285713875,689.933333)
(26.0642857142853,690.286667)
(26.06785714285673,690.093333)
(26.071428571428157,690.08)
(26.074999999999587,690.093333)
(26.074999999999587,690.28)
(26.079166666666254,690.226667)
(26.08333333333292,690.113333)
(26.087499999999586,690.173333)
(26.091666666666253,690.193333)
(26.09583333333292,690.273333)
(26.099999999999586,690.306667)
(26.099999999999586,690.046667)
(26.104166666666252,690.04)
(26.10833333333292,690.093333)
(26.112499999999585,690.22)
(26.11666666666625,690.386667)
(26.120833333332918,690.06)
(26.124999999999584,689.893333)
(26.124999999999584,690.106667)
(26.129999999999583,690.06)
(26.134999999999582,689.86)
(26.139999999999585,689.893333)
(26.144999999999584,690.053333)
(26.149999999999583,689.746667)
(26.149999999999583,689.926667)
(26.154999999999582,690.0)
(26.15999999999958,690.066667)
(26.164999999999583,689.966667)
(26.169999999999582,689.946667)
(26.17499999999958,690.12)
(26.17499999999958,689.873333)
(26.179166666666248,689.9)
(26.183333333332914,689.773333)
(26.18749999999958,689.946667)
(26.191666666666247,690.046667)
(26.195833333332914,689.593333)
(26.19999999999958,689.433333)
(26.19999999999958,689.706667)
(26.20499999999958,689.806667)
(26.209999999999578,689.866667)
(26.21499999999958,689.84)
(26.21999999999958,689.693333)
(26.22499999999958,689.82)
(26.22499999999958,689.653333)
(26.23333333333291,689.773333)
(26.241666666666244,689.54)
(26.249999999999577,689.646667)
(26.249999999999577,689.646667)
(26.262499999999577,689.626667)
(26.274999999999576,689.606667)
(26.274999999999576,689.773333)
(26.279999999999575,689.86)
(26.284999999999574,689.573333)
(26.289999999999576,689.553333)
(26.294999999999575,689.54)
(26.299999999999574,689.453333)
(26.299999999999574,689.706667)
(26.30416666666624,689.486667)
(26.308333333332907,689.466667)
(26.312499999999574,689.533333)
(26.31666666666624,689.693333)
(26.320833333332907,689.693333)
(26.324999999999573,689.8)
(26.324999999999573,689.7)
(26.329999999999572,689.58)
(26.33499999999957,689.693333)
(26.339999999999574,689.606667)
(26.344999999999573,689.786667)
(26.34999999999957,689.693333)
(26.34999999999957,689.446667)
(26.354166666666238,689.733333)
(26.358333333332904,689.693333)
(26.36249999999957,689.753333)
(26.366666666666237,689.6)
(26.370833333332904,689.666667)
(26.37499999999957,689.8)
(26.37499999999957,689.8)
(26.37999999999957,689.513333)
(26.384999999999568,689.606667)
(26.38999999999957,689.766667)
(26.39499999999957,690.013333)
(26.39999999999957,689.773333)
(26.39999999999957,689.793333)
(26.404166666666235,689.666667)
(26.4083333333329,689.866667)
(26.412499999999568,689.826667)
(26.416666666666234,689.673333)
(26.4208333333329,689.886667)
(26.424999999999567,689.76)
(26.424999999999567,689.546667)
(26.429166666666234,689.426667)
(26.4333333333329,689.68)
(26.437499999999567,689.613333)
(26.441666666666233,689.653333)
(26.4458333333329,689.786667)
(26.449999999999566,689.626667)
(26.449999999999566,689.773333)
(26.454999999999565,689.6)
(26.459999999999564,689.773333)
(26.464999999999566,689.48)
(26.469999999999565,689.76)
(26.474999999999564,689.893333)
(26.474999999999564,690.04)
(26.47916666666623,689.773333)
(26.483333333332897,689.506667)
(26.487499999999564,689.44)
(26.49166666666623,689.56)
(26.495833333332897,689.76)
(26.499999999999563,689.793333)
(26.499999999999563,689.713333)
(26.50624999999956,689.713333)
(26.512499999999562,689.566667)
(26.518749999999564,689.566667)
(26.52499999999956,689.746667)
(26.52499999999956,689.726667)
(26.52499999999956,689.633333)
(26.533333333332894,689.573333)
(26.541666666666227,689.66)
(26.54999999999956,689.573333)
(26.54999999999956,689.606667)
(26.57499999999956,689.666667)
(26.57499999999956,689.766667)
(26.57499999999956,689.526667)
(26.579166666666225,689.633333)
(26.58333333333289,689.62)
(26.587499999999558,689.733333)
(26.591666666666224,689.58)
(26.59583333333289,689.626667)
(26.599999999999557,689.466667)
(26.599999999999557,689.553333)
(26.604166666666224,689.486667)
(26.60833333333289,689.62)
(26.612499999999557,689.653333)
(26.616666666666223,689.293333)
(26.62083333333289,689.32)
(26.624999999999556,689.426667)
(26.624999999999556,689.353333)
(26.629999999999555,689.48)
(26.634999999999554,689.433333)
(26.639999999999556,689.2)
(26.644999999999555,689.653333)
(26.649999999999554,689.76)
(26.649999999999554,689.6)
(26.65416666666622,689.56)
(26.658333333332887,689.62)
(26.662499999999554,689.473333)
(26.66666666666622,689.753333)
(26.670833333332887,689.4)
(26.674999999999553,689.76)
(26.674999999999553,689.573333)
(26.67916666666622,689.586667)
(26.683333333332886,689.593333)
(26.687499999999552,689.546667)
(26.69166666666622,689.666667)
(26.695833333332885,689.44)
(26.69999999999955,689.473333)
(26.69999999999955,689.553333)
(26.704166666666218,689.54)
(26.708333333332885,689.38)
(26.71249999999955,689.426667)
(26.716666666666217,689.593333)
(26.720833333332884,689.42)
(26.72499999999955,689.753333)
(26.72499999999955,689.546667)
(26.72999999999955,689.613333)
(26.73499999999955,689.32)
(26.73999999999955,689.333333)
(26.74499999999955,689.346667)
(26.74999999999955,689.206667)
(26.74999999999955,689.44)
(26.74999999999955,689.666667)
(26.754999999999548,689.706667)
(26.759999999999547,689.486667)
(26.76499999999955,689.746667)
(26.76999999999955,689.58)
(26.774999999999547,689.726667)
(26.774999999999547,689.366667)
(26.779999999999546,689.606667)
(26.784999999999545,689.566667)
(26.789999999999548,689.566667)
(26.794999999999547,689.66)
(26.799999999999546,689.593333)
(26.799999999999546,689.44)
(26.804166666666212,689.52)
(26.80833333333288,689.573333)
(26.812499999999545,689.606667)
(26.81666666666621,689.846667)
(26.820833333332878,689.726667)
(26.824999999999545,689.6)
(26.824999999999545,689.586667)
(26.82916666666621,689.553333)
(26.833333333332877,689.633333)
(26.837499999999544,689.533333)
(26.84166666666621,689.726667)
(26.845833333332877,689.64)
(26.849999999999543,689.566667)
(26.849999999999543,689.473333)
(26.854999999999542,689.28)
(26.85999999999954,689.466667)
(26.864999999999544,689.473333)
(26.869999999999543,689.566667)
(26.87499999999954,689.613333)
(26.87499999999954,689.726667)
(26.879166666666208,689.633333)
(26.883333333332875,689.346667)
(26.88749999999954,689.54)
(26.891666666666207,689.54)
(26.895833333332874,689.813333)
(26.89999999999954,689.953333)
(26.89999999999954,689.72)
(26.904166666666207,689.726667)
(26.908333333332873,689.64)
(26.91249999999954,689.426667)
(26.916666666666206,689.386667)
(26.920833333332872,689.64)
(26.92499999999954,689.653333)
(26.92499999999954,689.68)
(26.949999999999537,689.38)
(26.949999999999537,689.66)
(26.956249999999535,689.706667)
(26.962499999999537,689.566667)
(26.968749999999538,689.593333)
(26.974999999999536,689.533333)
(26.974999999999536,689.506667)
(26.979999999999535,689.386667)
(26.984999999999534,689.68)
(26.989999999999537,689.606667)
(26.994999999999536,689.753333)
(26.999999999999535,689.586667)
(26.999999999999535,689.526667)
(27.0041666666662,689.646667)
(27.008333333332867,689.646667)
(27.012499999999534,689.446667)
(27.0166666666662,689.466667)
(27.020833333332867,689.633333)
(27.024999999999533,689.373333)
(27.024999999999533,689.46)
(27.029999999999532,689.433333)
(27.03499999999953,689.46)
(27.039999999999534,689.4)
(27.044999999999533,689.446667)
(27.04999999999953,689.273333)
(27.04999999999953,689.453333)
(27.054166666666198,689.38)
(27.058333333332865,689.526667)
(27.06249999999953,689.52)
(27.066666666666197,689.34)
(27.070833333332864,689.333333)
(27.07499999999953,689.44)
(27.07499999999953,689.113333)
(27.08749999999953,689.153333)
(27.09999999999953,689.18)
(27.09999999999953,689.36)
(27.112499999999528,689.46)
(27.124999999999527,689.393333)
(27.124999999999527,689.606667)
(27.129166666666194,689.393333)
(27.13333333333286,689.46)
(27.137499999999527,689.546667)
(27.141666666666193,689.513333)
(27.14583333333286,689.633333)
(27.149999999999526,689.7)
(27.149999999999526,689.566667)
(27.154166666666192,689.78)
(27.15833333333286,689.673333)
(27.162499999999525,689.4)
(27.166666666666192,689.886667)
(27.170833333332858,689.686667)
(27.174999999999525,689.633333)
(27.174999999999525,689.44)
(27.178571428570955,689.54)
(27.18214285714238,689.646667)
(27.18571428571381,689.713333)
(27.189285714285237,689.693333)
(27.192857142856667,689.773333)
(27.196428571428093,689.826667)
(27.199999999999523,689.74)
(27.199999999999523,689.7)
(27.204999999999522,689.726667)
(27.20999999999952,689.646667)
(27.214999999999524,689.633333)
(27.219999999999523,689.78)
(27.224999999999522,689.733333)
(27.224999999999522,689.593333)
(27.22916666666619,689.613333)
(27.233333333332855,689.633333)
(27.23749999999952,689.653333)
(27.241666666666188,689.486667)
(27.245833333332854,689.186667)
(27.24999999999952,689.413333)
(27.24999999999952,689.506667)
(27.254166666666187,689.44)
(27.258333333332853,689.62)
(27.26249999999952,689.893333)
(27.266666666666186,689.586667)
(27.270833333332853,689.786667)
(27.27499999999952,689.613333)
(27.27499999999952,689.613333)
(27.27499999999952,689.7)
(27.281249999999517,689.873333)
(27.28749999999952,689.773333)
(27.29374999999952,689.746667)
(27.299999999999518,689.626667)
(27.299999999999518,689.726667)
(27.304166666666184,689.486667)
(27.30833333333285,689.58)
(27.312499999999517,689.673333)
(27.316666666666183,689.5)
(27.32083333333285,689.66)
(27.324999999999516,689.693333)
(27.324999999999516,689.593333)
(27.329166666666183,689.553333)
(27.33333333333285,689.513333)
(27.337499999999515,689.633333)
(27.341666666666182,689.4)
(27.34583333333285,689.546667)
(27.349999999999515,689.626667)
(27.349999999999515,689.426667)
(27.354999999999514,689.633333)
(27.359999999999513,689.453333)
(27.364999999999515,689.28)
(27.369999999999514,689.526667)
(27.374999999999513,689.533333)
(27.374999999999513,689.5)
(27.37916666666618,689.493333)
(27.383333333332846,689.453333)
(27.387499999999513,689.386667)
(27.39166666666618,689.326667)
(27.395833333332845,689.453333)
(27.399999999999512,689.42)
(27.399999999999512,689.386667)
(27.40416666666618,689.54)
(27.408333333332845,689.493333)
(27.41249999999951,689.32)
(27.416666666666178,689.466667)
(27.420833333332844,689.633333)
(27.42499999999951,689.493333)
(27.42499999999951,689.486667)
(27.429166666666177,689.566667)
(27.433333333332843,689.446667)
(27.43749999999951,689.313333)
(27.441666666666176,689.613333)
(27.445833333332843,689.626667)
(27.44999999999951,689.573333)
(27.44999999999951,689.373333)
(27.454999999999508,689.393333)
(27.459999999999507,689.22)
(27.46499999999951,689.54)
(27.46999999999951,689.333333)
(27.474999999999508,689.22)
(27.474999999999508,689.473333)
(27.479999999999507,689.46)
(27.484999999999506,689.493333)
(27.489999999999508,689.5)
(27.494999999999507,689.466667)
(27.499999999999506,689.5)
(27.499999999999506,689.426667)
(27.504166666666173,689.32)
(27.50833333333284,689.513333)
(27.512499999999505,689.48)
(27.516666666666172,689.54)
(27.52083333333284,689.32)
(27.524999999999505,689.613333)
(27.524999999999505,689.333333)
(27.52916666666617,689.26)
(27.533333333332838,689.513333)
(27.537499999999504,689.593333)
(27.54166666666617,689.74)
(27.545833333332837,689.613333)
(27.549999999999503,689.48)
(27.549999999999503,689.426667)
(27.554999999999502,689.286667)
(27.5599999999995,689.2)
(27.564999999999504,689.48)
(27.569999999999503,689.313333)
(27.574999999999502,689.286667)
(27.574999999999502,689.586667)
(27.57916666666617,689.32)
(27.583333333332835,689.18)
(27.5874999999995,689.586667)
(27.591666666666168,689.513333)
(27.595833333332834,689.373333)
(27.5999999999995,689.6)
(27.5999999999995,689.566667)
(27.6049999999995,689.286667)
(27.6099999999995,689.386667)
(27.6149999999995,689.373333)
(27.6199999999995,689.426667)
(27.6249999999995,689.566667)
(27.6249999999995,689.446667)
(27.629166666666165,689.353333)
(27.633333333332832,689.253333)
(27.6374999999995,689.513333)
(27.641666666666165,689.533333)
(27.64583333333283,689.473333)
(27.649999999999498,689.5)
(27.649999999999498,689.093333)
(27.649999999999498,689.173333)
(27.65833333333283,689.313333)
(27.666666666666163,689.593333)
(27.674999999999496,689.506667)
(27.674999999999496,689.426667)
(27.679166666666163,689.466667)
(27.68333333333283,689.446667)
(27.687499999999496,689.42)
(27.691666666666162,689.426667)
(27.69583333333283,689.313333)
(27.699999999999495,689.426667)
(27.699999999999495,689.486667)
(27.70416666666616,689.386667)
(27.708333333332828,689.546667)
(27.712499999999494,689.333333)
(27.71666666666616,689.473333)
(27.720833333332827,689.5)
(27.724999999999493,689.466667)
(27.724999999999493,689.46)
(27.729999999999492,689.346667)
(27.73499999999949,689.44)
(27.739999999999494,689.366667)
(27.744999999999493,689.473333)
(27.749999999999492,689.306667)
(27.749999999999492,689.266667)
(27.75416666666616,689.386667)
(27.758333333332825,689.173333)
(27.76249999999949,689.4)
(27.766666666666158,689.426667)
(27.770833333332824,689.373333)
(27.77499999999949,689.466667)
(27.77499999999949,689.673333)
(27.77999999999949,689.32)
(27.78499999999949,689.28)
(27.78999999999949,689.513333)
(27.79499999999949,689.333333)
(27.79999999999949,689.326667)
(27.79999999999949,689.54)
(27.804999999999488,689.5)
(27.809999999999487,689.573333)
(27.81499999999949,689.473333)
(27.81999999999949,689.5)
(27.824999999999488,689.42)
(27.824999999999488,689.506667)
(27.829166666666154,689.526667)
(27.83333333333282,689.573333)
(27.837499999999487,689.726667)
(27.841666666666153,689.546667)
(27.84583333333282,689.646667)
(27.849999999999486,689.493333)
(27.849999999999486,689.633333)
(27.856249999999484,689.64)
(27.862499999999486,689.6)
(27.868749999999487,689.786667)
(27.874999999999485,689.586667)
(27.874999999999485,689.626667)
(27.874999999999485,689.72)
(27.87916666666615,689.486667)
(27.883333333332818,689.66)
(27.887499999999484,689.666667)
(27.89166666666615,689.573333)
(27.895833333332817,689.813333)
(27.899999999999483,689.646667)
(27.899999999999483,689.506667)
(27.904999999999482,689.64)
(27.90999999999948,689.646667)
(27.914999999999484,689.806667)
(27.919999999999483,689.646667)
(27.924999999999482,689.853333)
(27.924999999999482,689.78)
(27.92916666666615,689.686667)
(27.933333333332815,689.686667)
(27.93749999999948,689.633333)
(27.941666666666148,689.853333)
(27.945833333332814,689.62)
(27.94999999999948,689.646667)
(27.94999999999948,689.726667)
(27.95499999999948,689.54)
(27.95999999999948,689.673333)
(27.96499999999948,689.886667)
(27.96999999999948,689.773333)
(27.97499999999948,689.593333)
(27.97499999999948,689.786667)
(27.979166666666146,689.673333)
(27.983333333332812,689.833333)
(27.98749999999948,689.653333)
(27.991666666666145,690.0)
(27.99583333333281,689.686667)
(27.999999999999478,689.78)
(27.999999999999478,689.9)
(28.004999999999477,689.673333)
(28.009999999999476,689.906667)
(28.01499999999948,689.86)
(28.019999999999477,689.773333)
(28.024999999999476,689.706667)
(28.024999999999476,689.66)
(28.029166666666143,689.566667)
(28.03333333333281,689.633333)
(28.037499999999476,689.78)
(28.041666666666142,689.56)
(28.04583333333281,689.52)
(28.049999999999475,689.746667)
(28.049999999999475,689.653333)
(28.05416666666614,689.74)
(28.058333333332808,689.84)
(28.062499999999474,689.553333)
(28.06666666666614,689.706667)
(28.070833333332807,689.606667)
(28.074999999999473,689.7)
(28.074999999999473,689.613333)
(28.079999999999472,689.76)
(28.08499999999947,689.626667)
(28.089999999999474,689.773333)
(28.094999999999473,689.766667)
(28.099999999999472,689.746667)
(28.099999999999472,689.706667)
(28.10416666666614,689.68)
(28.108333333332805,689.913333)
(28.11249999999947,689.54)
(28.116666666666138,689.56)
(28.120833333332804,689.506667)
(28.12499999999947,689.893333)
(28.12499999999947,689.586667)
(28.129166666666137,689.766667)
(28.133333333332804,689.78)
(28.13749999999947,689.873333)
(28.141666666666136,689.78)
(28.145833333332803,689.573333)
(28.14999999999947,689.44)
(28.14999999999947,689.606667)
(28.15499999999947,689.62)
(28.159999999999467,689.426667)
(28.16499999999947,689.706667)
(28.16999999999947,689.693333)
(28.174999999999468,689.76)
(28.174999999999468,689.813333)
(28.179999999999467,689.726667)
(28.184999999999466,689.8)
(28.18999999999947,689.8)
(28.194999999999467,689.866667)
(28.199999999999466,689.68)
(28.199999999999466,689.966667)
(28.204166666666133,689.753333)
(28.2083333333328,689.766667)
(28.212499999999466,689.813333)
(28.216666666666132,689.786667)
(28.2208333333328,689.973333)
(28.224999999999465,689.9)
(28.224999999999465,689.873333)
(28.22916666666613,689.933333)
(28.233333333332798,689.906667)
(28.237499999999464,689.92)
(28.24166666666613,689.926667)
(28.245833333332797,689.54)
(28.249999999999464,689.846667)
(28.249999999999464,689.72)
(28.254999999999463,689.846667)
(28.25999999999946,689.906667)
(28.264999999999464,689.86)
(28.269999999999463,689.76)
(28.274999999999462,689.953333)
(28.274999999999462,689.666667)
(28.27999999999946,689.806667)
(28.28499999999946,690.08)
(28.289999999999463,689.866667)
(28.29499999999946,689.82)
(28.29999999999946,689.753333)
(28.29999999999946,689.686667)
(28.304166666666127,689.506667)
(28.308333333332794,689.6)
(28.31249999999946,689.773333)
(28.316666666666126,689.68)
(28.320833333332793,689.566667)
(28.32499999999946,689.64)
(28.32499999999946,689.846667)
(28.329166666666126,689.62)
(28.333333333332792,689.826667)
(28.33749999999946,689.726667)
(28.341666666666125,689.48)
(28.34583333333279,689.626667)
(28.349999999999458,689.573333)
(28.349999999999458,689.593333)
(28.354999999999457,689.38)
(28.359999999999456,689.813333)
(28.36499999999946,689.506667)
(28.369999999999457,689.646667)
(28.374999999999456,689.78)
(28.374999999999456,689.72)
(28.379166666666123,689.48)
(28.38333333333279,689.72)
(28.387499999999456,689.78)
(28.391666666666122,689.686667)
(28.39583333333279,689.76)
(28.399999999999455,689.72)
(28.399999999999455,689.873333)
(28.404999999999454,689.686667)
(28.409999999999453,689.793333)
(28.414999999999456,689.806667)
(28.419999999999455,689.673333)
(28.424999999999454,689.973333)
(28.424999999999454,689.8)
(28.42916666666612,689.58)
(28.433333333332786,689.76)
(28.437499999999453,689.453333)
(28.44166666666612,689.76)
(28.445833333332786,689.853333)
(28.449999999999452,689.793333)
(28.449999999999452,689.54)
(28.45499999999945,689.753333)
(28.45999999999945,689.686667)
(28.464999999999453,689.72)
(28.46999999999945,689.713333)
(28.47499999999945,689.533333)
(28.47499999999945,689.86)
(28.479166666666117,689.706667)
(28.483333333332784,689.68)
(28.48749999999945,689.526667)
(28.491666666666116,689.493333)
(28.495833333332783,689.633333)
(28.49999999999945,689.666667)
(28.49999999999945,689.6)
(28.50499999999945,689.626667)
(28.509999999999447,689.72)
(28.51499999999945,689.54)
(28.51999999999945,689.713333)
(28.524999999999448,689.413333)
(28.524999999999448,689.88)
(28.529166666666114,689.46)
(28.53333333333278,689.486667)
(28.537499999999447,689.906667)
(28.541666666666114,689.666667)
(28.54583333333278,689.713333)
(28.549999999999446,689.626667)
(28.549999999999446,689.653333)
(28.554166666666113,689.746667)
(28.55833333333278,689.6)
(28.562499999999446,689.653333)
(28.566666666666112,689.54)
(28.57083333333278,689.666667)
(28.574999999999445,689.453333)
(28.574999999999445,689.34)
(28.57916666666611,689.813333)
(28.583333333332778,689.553333)
(28.587499999999444,689.653333)
(28.59166666666611,689.606667)
(28.595833333332777,689.646667)
(28.599999999999444,689.746667)
(28.599999999999444,689.733333)
(28.604999999999443,689.773333)
(28.60999999999944,689.753333)
(28.614999999999444,689.546667)
(28.619999999999443,689.493333)
(28.624999999999442,689.666667)
(28.624999999999442,689.706667)
(28.62916666666611,689.533333)
(28.633333333332775,689.526667)
(28.63749999999944,689.606667)
(28.641666666666108,689.64)
(28.645833333332774,689.626667)
(28.64999999999944,689.573333)
(28.64999999999944,689.313333)
(28.654166666666107,689.686667)
(28.658333333332774,689.393333)
(28.66249999999944,689.46)
(28.666666666666107,689.566667)
(28.670833333332773,689.813333)
(28.67499999999944,689.52)
(28.67499999999944,689.573333)
(28.67857142857087,689.746667)
(28.682142857142296,689.7)
(28.685714285713726,689.7)
(28.689285714285152,689.4)
(28.69285714285658,689.393333)
(28.696428571428008,689.466667)
(28.699999999999438,689.186667)
(28.699999999999438,689.526667)
(28.706249999999436,689.4)
(28.712499999999437,689.426667)
(28.71874999999944,689.58)
(28.724999999999437,689.553333)
(28.724999999999437,689.946667)
(28.749999999999435,689.6)
(28.749999999999435,689.693333)
(28.753571428570865,689.54)
(28.75714285714229,689.473333)
(28.76071428571372,689.333333)
(28.764285714285148,689.48)
(28.767857142856577,689.62)
(28.771428571428004,689.673333)
(28.774999999999434,689.473333)
(28.774999999999434,689.2)
(28.779999999999433,689.533333)
(28.78499999999943,689.486667)
(28.789999999999434,689.66)
(28.794999999999433,689.513333)
(28.799999999999432,689.613333)
(28.799999999999432,689.433333)
(28.808333333332765,689.46)
(28.816666666666098,689.52)
(28.82499999999943,689.08)
(28.82499999999943,689.326667)
(28.83749999999943,689.313333)
(28.84999999999943,689.366667)
(28.84999999999943,689.513333)
(28.854166666666096,689.553333)
(28.858333333332762,689.56)
(28.86249999999943,689.553333)
(28.866666666666095,689.526667)
(28.87083333333276,689.56)
(28.874999999999428,689.686667)
(28.874999999999428,689.493333)
(28.879166666666094,689.62)
(28.88333333333276,689.54)
(28.887499999999427,689.56)
(28.891666666666094,689.58)
(28.89583333333276,689.573333)
(28.899999999999427,689.373333)
(28.899999999999427,689.46)
(28.904166666666093,689.433333)
(28.90833333333276,689.433333)
(28.912499999999426,689.58)
(28.916666666666092,689.64)
(28.92083333333276,689.553333)
(28.924999999999425,689.526667)
(28.924999999999425,689.206667)
(28.937499999999424,689.513333)
(28.949999999999424,689.34)
(28.949999999999424,689.14)
(28.962499999999423,689.04)
(28.974999999999422,689.226667)
(28.974999999999422,689.373333)
(28.974999999999422,689.513333)
(28.9777777777772,689.026667)
(28.98055555555498,689.32)
(28.983333333332755,689.506667)
(28.98611111111053,689.46)
(28.98888888888831,689.513333)
(28.991666666666088,689.326667)
(28.994444444443864,689.38)
(28.997222222221644,689.246667)
(28.99999999999942,689.293333)
(28.99999999999942,689.526667)
(29.008333333332754,689.486667)
(29.016666666666087,689.313333)
(29.02499999999942,689.34)
(29.02499999999942,689.3)
(29.02812499999942,689.366667)
(29.031249999999417,689.34)
(29.034374999999418,689.573333)
(29.03749999999942,689.3)
(29.04062499999942,689.28)
(29.04374999999942,689.52)
(29.046874999999417,689.453333)
(29.049999999999418,689.36)
(29.049999999999418,689.546667)
(29.054999999999417,689.473333)
(29.059999999999416,689.54)
(29.06499999999942,689.54)
(29.069999999999418,689.373333)
(29.074999999999417,689.54)
(29.074999999999417,689.406667)
(29.078571428570847,689.526667)
(29.082142857142273,689.506667)
(29.085714285713703,689.446667)
(29.08928571428513,689.633333)
(29.09285714285656,689.746667)
(29.096428571427985,689.453333)
(29.099999999999415,689.553333)
(29.099999999999415,689.5)
(29.112499999999415,689.26)
(29.124999999999414,689.506667)
(29.124999999999414,689.606667)
(29.137499999999413,689.606667)
(29.149999999999412,689.6)
(29.149999999999412,689.56)
(29.15416666666608,689.213333)
(29.158333333332745,689.433333)
(29.16249999999941,689.633333)
(29.166666666666078,689.426667)
(29.170833333332745,689.56)
(29.17499999999941,689.413333)
(29.17499999999941,689.486667)
(29.179166666666077,689.526667)
(29.183333333332744,689.613333)
(29.18749999999941,689.54)
(29.191666666666077,689.613333)
(29.195833333332743,689.48)
(29.19999999999941,689.733333)
(29.19999999999941,689.54)
(29.20499999999941,689.553333)
(29.209999999999408,689.526667)
(29.21499999999941,689.686667)
(29.21999999999941,689.726667)
(29.224999999999408,689.593333)
(29.224999999999408,689.346667)
(29.229166666666075,689.546667)
(29.23333333333274,689.473333)
(29.237499999999407,689.3)
(29.241666666666074,689.066667)
(29.24583333333274,689.526667)
(29.249999999999407,689.3)
(29.249999999999407,689.36)
(29.254999999999406,689.533333)
(29.259999999999405,689.593333)
(29.264999999999407,689.606667)
(29.269999999999406,689.66)
(29.274999999999405,689.573333)
(29.274999999999405,689.666667)
(29.279999999999404,689.466667)
(29.284999999999403,689.393333)
(29.289999999999406,689.76)
(29.294999999999405,689.546667)
(29.299999999999404,689.686667)
(29.299999999999404,689.473333)
(29.30416666666607,689.353333)
(29.308333333332737,689.54)
(29.312499999999403,689.64)
(29.31666666666607,689.606667)
(29.320833333332736,689.586667)
(29.324999999999402,689.473333)
(29.324999999999402,689.626667)
(29.32916666666607,689.653333)
(29.333333333332735,689.846667)
(29.3374999999994,689.393333)
(29.341666666666068,689.5)
(29.345833333332735,689.626667)
(29.3499999999994,689.613333)
(29.3499999999994,689.68)
(29.3549999999994,689.306667)
(29.3599999999994,689.346667)
(29.3649999999994,689.44)
(29.3699999999994,689.333333)
(29.3749999999994,689.526667)
(29.3749999999994,689.526667)
(29.3874999999994,689.413333)
(29.399999999999398,689.426667)
(29.399999999999398,689.5)
(29.412499999999397,689.44)
(29.424999999999397,689.58)
(29.424999999999397,689.32)
(29.429166666666063,689.626667)
(29.43333333333273,689.473333)
(29.437499999999396,689.44)
(29.441666666666062,689.673333)
(29.44583333333273,689.426667)
(29.449999999999395,689.493333)
(29.449999999999395,689.693333)
(29.454999999999394,689.633333)
(29.459999999999393,689.64)
(29.464999999999396,689.426667)
(29.469999999999395,689.38)
(29.474999999999394,689.673333)
(29.474999999999394,689.5)
(29.47916666666606,689.32)
(29.483333333332727,689.713333)
(29.487499999999393,689.58)
(29.49166666666606,689.666667)
(29.495833333332726,689.626667)
(29.499999999999392,689.733333)
(29.499999999999392,689.52)
(29.50416666666606,689.433333)
(29.508333333332725,689.48)
(29.51249999999939,689.433333)
(29.516666666666058,689.36)
(29.520833333332725,689.64)
(29.52499999999939,689.5)
(29.52499999999939,689.58)
(29.52999999999939,689.533333)
(29.53499999999939,689.553333)
(29.53999999999939,689.533333)
(29.54499999999939,689.553333)
(29.54999999999939,689.386667)
(29.54999999999939,689.413333)
(29.554166666666056,689.466667)
(29.558333333332723,689.253333)
(29.56249999999939,689.64)
(29.566666666666055,689.78)
(29.570833333332722,689.686667)
(29.574999999999388,689.753333)
(29.574999999999388,689.42)
(29.579166666666055,689.56)
(29.58333333333272,689.553333)
(29.587499999999388,689.566667)
(29.591666666666054,689.733333)
(29.59583333333272,689.66)
(29.599999999999387,689.526667)
(29.599999999999387,689.52)
(29.604999999999386,689.366667)
(29.609999999999385,689.466667)
(29.614999999999387,689.24)
(29.619999999999386,689.56)
(29.624999999999385,689.433333)
(29.624999999999385,689.56)
(29.629999999999384,689.5)
(29.634999999999383,689.306667)
(29.639999999999386,689.34)
(29.644999999999385,689.453333)
(29.649999999999384,689.32)
(29.649999999999384,689.42)
(29.654999999999383,689.38)
(29.659999999999382,689.6)
(29.664999999999385,689.466667)
(29.669999999999384,689.453333)
(29.674999999999383,689.486667)
(29.674999999999383,689.566667)
(29.67916666666605,689.453333)
(29.683333333332715,689.46)
(29.687499999999382,689.48)
(29.69166666666605,689.32)
(29.695833333332715,689.386667)
(29.69999999999938,689.566667)
(29.69999999999938,689.553333)
(29.71249999999938,689.733333)
(29.72499999999938,689.56)
(29.72499999999938,689.646667)
(29.73749999999938,689.406667)
(29.74999999999938,689.6)
(29.74999999999938,689.46)
(29.74999999999938,689.526667)
(29.754999999999377,689.4)
(29.759999999999376,689.313333)
(29.76499999999938,689.566667)
(29.769999999999378,689.66)
(29.774999999999377,689.633333)
(29.774999999999377,689.593333)
(29.779166666666043,689.526667)
(29.78333333333271,689.593333)
(29.787499999999376,689.64)
(29.791666666666043,689.42)
(29.79583333333271,689.593333)
(29.799999999999375,689.513333)
(29.799999999999375,689.286667)
(29.804999999999374,689.426667)
(29.809999999999373,689.46)
(29.814999999999376,689.646667)
(29.819999999999375,689.666667)
(29.824999999999374,689.646667)
(29.824999999999374,689.413333)
(29.82916666666604,689.38)
(29.833333333332707,689.753333)
(29.837499999999373,689.413333)
(29.84166666666604,689.546667)
(29.845833333332706,689.68)
(29.849999999999373,689.2)
(29.849999999999373,689.626667)
(29.853571428570802,689.566667)
(29.85714285714223,689.633333)
(29.86071428571366,689.633333)
(29.864285714285085,689.393333)
(29.867857142856515,689.486667)
(29.87142857142794,689.686667)
(29.87499999999937,689.633333)
(29.87499999999937,689.273333)
(29.89999999999937,689.446667)
(29.89999999999937,689.7)
(29.908333333332703,689.52)
(29.916666666666035,689.773333)
(29.92499999999937,689.48)
(29.92499999999937,689.226667)
(29.928571428570798,689.313333)
(29.932142857142225,689.56)
(29.935714285713654,689.433333)
(29.93928571428508,689.386667)
(29.94285714285651,689.46)
(29.946428571427937,689.406667)
(29.949999999999367,689.52)
(29.949999999999367,689.426667)
(29.954999999999366,689.506667)
(29.959999999999365,689.566667)
(29.964999999999367,689.62)
(29.969999999999366,689.56)
(29.974999999999365,689.346667)
(29.974999999999365,689.566667)
(29.979166666666032,689.68)
(29.9833333333327,689.746667)
(29.987499999999365,689.766667)
(29.99166666666603,689.64)
(29.995833333332698,689.6)
(29.999999999999364,689.76)
(29.999999999999364,689.7)
(30.004999999999363,689.52)
(30.009999999999362,689.3)
(30.014999999999365,689.313333)
(30.019999999999364,689.413333)
(30.024999999999363,689.553333)
(30.024999999999363,689.586667)
(30.02916666666603,689.6)
(30.033333333332696,689.546667)
(30.037499999999362,689.386667)
(30.04166666666603,689.626667)
(30.045833333332695,689.753333)
(30.04999999999936,689.646667)
(30.04999999999936,689.633333)
(30.05499999999936,689.54)
(30.05999999999936,689.5)
(30.064999999999362,689.686667)
(30.06999999999936,689.613333)
(30.07499999999936,689.52)
