(5.0000000000000036,677.1)
(5.0000000000000036,677.513333)
(5.0035714285714326,677.306667)
(5.007142857142861,677.266667)
(5.01071428571429,677.093333)
(5.014285714285718,677.446667)
(5.017857142857147,677.306667)
(5.021428571428575,677.506667)
(5.025000000000004,677.373333)
(5.025000000000004,676.933333)
(5.028571428571433,677.26)
(5.032142857142861,677.44)
(5.03571428571429,677.54)
(5.039285714285718,677.326667)
(5.042857142857147,677.066667)
(5.046428571428575,677.34)
(5.050000000000004,677.26)
(5.050000000000004,677.2)
(5.055000000000004,677.133333)
(5.060000000000004,677.013333)
(5.065000000000005,677.306667)
(5.070000000000005,677.453333)
(5.075000000000005,677.446667)
(5.075000000000005,677.08)
(5.079166666666671,677.506667)
(5.083333333333338,677.48)
(5.087500000000005,677.226667)
(5.091666666666671,677.513333)
(5.0958333333333385,677.84)
(5.100000000000005,677.233333)
(5.100000000000005,677.6)
(5.104166666666671,677.053333)
(5.108333333333339,677.06)
(5.112500000000005,677.366667)
(5.116666666666672,677.206667)
(5.120833333333339,677.266667)
(5.125000000000005,677.373333)
(5.125000000000005,676.933333)
(5.129166666666672,677.386667)
(5.133333333333339,677.18)
(5.1375000000000055,677.326667)
(5.141666666666672,677.16)
(5.145833333333339,676.92)
(5.150000000000006,677.466667)
(5.150000000000006,677.626667)
(5.155000000000006,677.493333)
(5.1600000000000055,677.113333)
(5.165000000000006,677.113333)
(5.170000000000006,677.52)
(5.175000000000006,677.473333)
(5.175000000000006,677.453333)
(5.1791666666666725,677.233333)
(5.18333333333334,677.653333)
(5.187500000000006,677.533333)
(5.191666666666673,677.38)
(5.19583333333334,677.106667)
(5.200000000000006,677.413333)
(5.200000000000006,677.34)
(5.203571428571435,677.28)
(5.2071428571428635,677.353333)
(5.2107142857142925,677.193333)
(5.214285714285721,677.033333)
(5.21785714285715,677.653333)
(5.221428571428578,677.54)
(5.225000000000007,677.733333)
(5.225000000000007,677.333333)
(5.230000000000007,677.393333)
(5.2350000000000065,677.486667)
(5.240000000000007,677.406667)
(5.245000000000007,677.146667)
(5.250000000000007,677.266667)
(5.250000000000007,677.573333)
(5.2750000000000075,677.473333)
(5.2750000000000075,677.613333)
(5.281250000000007,677.3)
(5.287500000000008,677.28)
(5.293750000000008,677.48)
(5.300000000000008,677.526667)
(5.300000000000008,677.326667)
(5.304166666666674,677.193333)
(5.308333333333342,677.18)
(5.312500000000008,677.393333)
(5.316666666666674,677.26)
(5.320833333333342,677.18)
(5.325000000000008,677.006667)
(5.325000000000008,677.453333)
(5.329166666666675,677.486667)
(5.333333333333342,677.253333)
(5.337500000000008,677.373333)
(5.341666666666675,677.113333)
(5.345833333333342,677.666667)
(5.3500000000000085,677.673333)
(5.3500000000000085,677.36)
(5.356250000000008,677.193333)
(5.362500000000009,677.28)
(5.368750000000009,677.673333)
(5.375000000000009,677.546667)
(5.375000000000009,677.513333)
(5.400000000000009,677.066667)
(5.400000000000009,677.36)
(5.404166666666676,677.386667)
(5.408333333333343,677.393333)
(5.412500000000009,677.393333)
(5.416666666666676,677.286667)
(5.420833333333343,677.033333)
(5.42500000000001,677.4)
(5.42500000000001,677.26)
(5.429166666666676,677.186667)
(5.433333333333343,677.246667)
(5.43750000000001,677.52)
(5.441666666666676,677.46)
(5.4458333333333435,677.373333)
(5.45000000000001,677.026667)
(5.45000000000001,677.3)
(5.453571428571439,677.513333)
(5.457142857142867,677.426667)
(5.460714285714296,677.346667)
(5.464285714285724,677.006667)
(5.467857142857153,677.013333)
(5.471428571428581,677.646667)
(5.47500000000001,677.42)
(5.47500000000001,677.02)
(5.48000000000001,677.38)
(5.48500000000001,677.586667)
(5.490000000000011,677.586667)
(5.495000000000011,677.5)
(5.500000000000011,677.266667)
(5.500000000000011,677.58)
(5.504166666666677,677.26)
(5.508333333333344,677.453333)
(5.512500000000011,677.36)
(5.516666666666677,677.2)
(5.520833333333345,677.053333)
(5.525000000000011,677.273333)
(5.525000000000011,677.12)
(5.530000000000011,677.213333)
(5.535000000000011,676.96)
(5.540000000000012,677.146667)
(5.5450000000000115,677.26)
(5.550000000000011,677.16)
(5.550000000000011,676.9)
(5.554166666666678,677.52)
(5.558333333333345,677.06)
(5.5625000000000115,676.76)
(5.566666666666678,677.286667)
(5.570833333333345,677.053333)
(5.575000000000012,677.073333)
(5.575000000000012,677.126667)
(5.579166666666678,677.28)
(5.5833333333333455,677.393333)
(5.587500000000012,676.893333)
(5.591666666666678,677.286667)
(5.595833333333346,677.42)
(5.600000000000012,677.66)
(5.600000000000012,677.146667)
(5.6041666666666785,676.973333)
(5.608333333333346,677.653333)
(5.612500000000012,677.746667)
(5.616666666666679,677.48)
(5.620833333333346,677.313333)
(5.625000000000012,677.533333)
(5.625000000000012,677.753333)
(5.629166666666679,678.033333)
(5.633333333333346,677.813333)
(5.637500000000013,677.56)
(5.641666666666679,678.206667)
(5.645833333333346,678.073333)
(5.650000000000013,678.306667)
(5.650000000000013,678.366667)
(5.654166666666679,677.96)
(5.6583333333333465,678.36)
(5.662500000000013,678.426667)
(5.666666666666679,678.373333)
(5.670833333333347,678.353333)
(5.675000000000013,678.426667)
(5.675000000000013,678.613333)
(5.67916666666668,678.6)
(5.683333333333347,678.68)
(5.687500000000013,678.54)
(5.69166666666668,678.74)
(5.695833333333347,678.866667)
(5.7000000000000135,678.76)
(5.7000000000000135,678.506667)
(5.705000000000013,678.806667)
(5.710000000000013,678.913333)
(5.715000000000014,678.906667)
(5.720000000000014,678.96)
(5.725000000000014,678.68)
(5.725000000000014,679.14)
(5.72916666666668,679.133333)
(5.733333333333348,678.633333)
(5.737500000000014,679.113333)
(5.7416666666666805,679.153333)
(5.745833333333348,679.153333)
(5.750000000000014,679.3)
(5.750000000000014,679.08)
(5.754166666666681,679.126667)
(5.758333333333348,679.173333)
(5.762500000000014,679.266667)
(5.766666666666681,679.42)
(5.770833333333348,679.4)
(5.775000000000015,679.373333)
(5.775000000000015,679.266667)
(5.781250000000014,679.513333)
(5.787500000000015,679.493333)
(5.793750000000015,679.486667)
(5.800000000000015,679.506667)
(5.800000000000015,679.573333)
(5.825000000000015,679.38)
(5.825000000000015,679.373333)
(5.829166666666682,679.366667)
(5.833333333333349,679.3)
(5.8375000000000155,679.173333)
(5.841666666666682,679.566667)
(5.845833333333349,679.366667)
(5.850000000000016,679.46)
(5.850000000000016,679.54)
(5.854166666666682,679.58)
(5.858333333333349,679.46)
(5.862500000000016,679.5)
(5.866666666666682,679.513333)
(5.87083333333335,679.38)
(5.875000000000016,679.486667)
(5.875000000000016,679.486667)
(5.879166666666682,679.613333)
(5.88333333333335,679.38)
(5.887500000000016,679.473333)
(5.891666666666683,679.486667)
(5.89583333333335,679.48)
(5.900000000000016,679.52)
(5.900000000000016,679.533333)
(5.904166666666683,679.48)
(5.90833333333335,679.66)
(5.9125000000000165,679.506667)
(5.916666666666683,679.573333)
(5.92083333333335,679.5)
(5.925000000000017,679.406667)
(5.925000000000017,679.546667)
(5.929166666666683,679.533333)
(5.9333333333333504,679.5)
(5.937500000000017,679.466667)
(5.941666666666683,679.426667)
(5.945833333333351,679.386667)
(5.950000000000017,679.353333)
(5.950000000000017,679.646667)
(5.955000000000017,679.246667)
(5.960000000000017,679.373333)
(5.965000000000018,679.486667)
(5.9700000000000175,679.58)
(5.975000000000017,679.626667)
(5.975000000000017,679.52)
(5.979166666666684,679.673333)
(5.983333333333351,679.46)
(5.987500000000018,679.5)
(5.991666666666684,679.52)
(5.995833333333351,679.593333)
(6.000000000000018,679.446667)
(6.000000000000018,679.54)
(6.004166666666684,679.44)
(6.0083333333333515,679.606667)
(6.012500000000018,679.466667)
(6.016666666666684,679.573333)
(6.020833333333352,679.526667)
(6.025000000000018,679.486667)
(6.025000000000018,679.64)
(6.030000000000018,679.386667)
(6.035000000000018,679.473333)
(6.040000000000019,679.46)
(6.045000000000019,679.586667)
(6.0500000000000185,679.373333)
(6.0500000000000185,679.713333)
(6.054166666666685,679.526667)
(6.058333333333352,679.613333)
(6.062500000000019,679.493333)
(6.066666666666685,679.406667)
(6.070833333333352,679.5)
(6.075000000000019,679.393333)
(6.075000000000019,679.413333)
(6.079166666666685,679.5)
(6.083333333333353,679.513333)
(6.087500000000019,679.586667)
(6.091666666666685,679.566667)
(6.095833333333353,679.466667)
(6.100000000000019,679.546667)
(6.100000000000019,679.646667)
(6.104166666666686,679.66)
(6.108333333333353,679.6)
(6.112500000000019,679.333333)
(6.116666666666686,679.593333)
(6.120833333333353,679.553333)
(6.1250000000000195,679.286667)
(6.1250000000000195,679.34)
(6.15000000000002,679.346667)
(6.15000000000002,679.446667)
(6.158333333333354,679.64)
(6.1666666666666865,679.613333)
(6.17500000000002,679.646667)
(6.17500000000002,679.44)
(6.179166666666687,679.48)
(6.183333333333354,679.626667)
(6.18750000000002,679.473333)
(6.191666666666687,679.44)
(6.195833333333354,679.466667)
(6.200000000000021,679.48)
(6.200000000000021,679.453333)
(6.20357142857145,679.7)
(6.207142857142878,679.34)
(6.210714285714307,679.313333)
(6.214285714285735,679.506667)
(6.217857142857164,679.38)
(6.221428571428592,679.5)
(6.225000000000021,679.48)
(6.225000000000021,679.406667)
(6.230000000000021,679.213333)
(6.235000000000021,679.5)
(6.2400000000000215,679.493333)
(6.245000000000021,679.226667)
(6.250000000000021,679.34)
(6.250000000000021,679.433333)
(6.254166666666688,679.273333)
(6.258333333333355,679.22)
(6.2625000000000215,678.96)
(6.266666666666688,678.673333)
(6.270833333333355,678.993333)
(6.275000000000022,678.993333)
(6.275000000000022,678.833333)
(6.279166666666688,679.033333)
(6.283333333333355,679.2)
(6.287500000000022,678.873333)
(6.291666666666688,678.84)
(6.295833333333356,679.166667)
(6.300000000000022,678.646667)
(6.300000000000022,679.126667)
(6.3041666666666885,678.953333)
(6.308333333333356,678.853333)
(6.312500000000022,678.493333)
(6.316666666666689,678.873333)
(6.320833333333356,678.68)
(6.325000000000022,678.546667)
(6.325000000000022,678.313333)
(6.330000000000022,678.14)
(6.335000000000022,678.64)
(6.340000000000023,678.526667)
(6.345000000000023,678.5)
(6.350000000000023,678.413333)
(6.350000000000023,678.3)
(6.354166666666689,678.606667)
(6.3583333333333565,678.373333)
(6.362500000000023,677.72)
(6.366666666666689,677.793333)
(6.370833333333357,678.266667)
(6.375000000000023,678.233333)
(6.375000000000023,678.193333)
(6.3791666666666895,677.486667)
(6.383333333333357,677.66)
(6.387500000000023,677.666667)
(6.39166666666669,677.88)
(6.395833333333357,677.94)
(6.4000000000000234,677.486667)
(6.4000000000000234,677.513333)
(6.40416666666669,678.006667)
(6.408333333333357,677.726667)
(6.412500000000024,677.56)
(6.41666666666669,677.606667)
(6.420833333333357,678.0)
(6.425000000000024,678.18)
(6.425000000000024,677.906667)
(6.42916666666669,677.66)
(6.4333333333333576,677.953333)
(6.437500000000024,677.573333)
(6.44166666666669,677.7)
(6.445833333333358,677.793333)
(6.450000000000024,677.84)
(6.450000000000024,677.466667)
(6.455000000000024,678.106667)
(6.460000000000024,678.04)
(6.465000000000025,678.113333)
(6.470000000000025,677.56)
(6.4750000000000245,677.52)
(6.4750000000000245,678.026667)
(6.479166666666691,677.893333)
(6.483333333333358,677.713333)
(6.487500000000025,677.833333)
(6.491666666666691,677.873333)
(6.495833333333358,677.846667)
(6.500000000000025,677.6)
(6.500000000000025,677.473333)
(6.504166666666691,677.86)
(6.508333333333359,677.38)
(6.512500000000025,677.773333)
(6.5166666666666915,677.62)
(6.520833333333359,677.54)
(6.525000000000025,677.42)
(6.525000000000025,677.793333)
(6.529166666666692,678.073333)
(6.533333333333359,677.68)
(6.537500000000025,677.74)
(6.541666666666692,677.893333)
(6.545833333333359,677.626667)
(6.550000000000026,677.46)
(6.550000000000026,677.646667)
(6.554166666666692,677.793333)
(6.558333333333359,677.406667)
(6.562500000000026,677.513333)
(6.566666666666692,677.293333)
(6.5708333333333595,677.606667)
(6.575000000000026,677.226667)
(6.575000000000026,677.6)
(6.580000000000026,677.426667)
(6.585000000000026,677.306667)
(6.5900000000000265,677.266667)
(6.595000000000026,677.46)
(6.600000000000026,677.726667)
(6.600000000000026,677.866667)
(6.604166666666693,677.686667)
(6.60833333333336,677.6)
(6.6125000000000265,677.186667)
(6.616666666666693,677.66)
(6.62083333333336,677.44)
(6.625000000000027,677.413333)
(6.625000000000027,676.953333)
(6.6300000000000265,677.726667)
(6.635000000000026,677.733333)
(6.640000000000027,677.433333)
(6.645000000000027,677.346667)
(6.650000000000027,677.373333)
(6.650000000000027,677.673333)
(6.654166666666693,677.786667)
(6.658333333333361,677.973333)
(6.662500000000027,677.473333)
(6.666666666666694,677.64)
(6.670833333333361,677.813333)
(6.675000000000027,677.64)
(6.675000000000027,677.5)
(6.679166666666694,677.18)
(6.683333333333361,677.546667)
(6.6875000000000275,677.773333)
(6.691666666666694,677.746667)
(6.695833333333361,677.393333)
(6.700000000000028,677.26)
(6.700000000000028,677.773333)
(6.704166666666694,677.586667)
(6.7083333333333615,677.753333)
(6.712500000000028,677.56)
(6.716666666666694,677.686667)
(6.720833333333362,678.013333)
(6.725000000000028,677.96)
(6.725000000000028,677.506667)
(6.728571428571457,677.693333)
(6.732142857142885,677.606667)
(6.735714285714314,677.76)
(6.739285714285742,677.526667)
(6.742857142857171,677.573333)
(6.746428571428599,677.54)
(6.750000000000028,677.706667)
(6.750000000000028,677.58)
(6.754166666666695,677.92)
(6.758333333333362,677.253333)
(6.762500000000029,677.353333)
(6.766666666666695,677.64)
(6.770833333333362,677.453333)
(6.775000000000029,677.44)
(6.775000000000029,677.32)
(6.780000000000029,677.44)
(6.785000000000029,677.94)
(6.790000000000029,677.513333)
(6.795000000000029,677.553333)
(6.800000000000029,677.293333)
(6.800000000000029,677.66)
(6.804166666666696,676.993333)
(6.808333333333363,677.446667)
(6.812500000000029,677.446667)
(6.816666666666696,677.646667)
(6.820833333333363,677.76)
(6.8250000000000295,678.02)
(6.8250000000000295,677.426667)
(6.829166666666696,677.473333)
(6.833333333333363,677.78)
(6.83750000000003,677.32)
(6.841666666666696,677.473333)
(6.845833333333363,677.426667)
(6.85000000000003,676.993333)
(6.85000000000003,677.686667)
(6.854166666666696,677.653333)
(6.858333333333364,677.44)
(6.86250000000003,677.553333)
(6.8666666666666965,677.413333)
(6.870833333333364,677.753333)
(6.87500000000003,677.9)
(6.87500000000003,677.633333)
(6.879166666666697,677.753333)
(6.883333333333364,677.633333)
(6.88750000000003,677.746667)
(6.891666666666697,677.64)
(6.895833333333364,677.726667)
(6.9000000000000306,677.546667)
(6.9000000000000306,677.62)
(6.912500000000031,677.7)
(6.925000000000031,677.533333)
(6.925000000000031,677.493333)
(6.950000000000031,677.373333)
(6.950000000000031,677.84)
(6.975000000000032,677.58)
(6.975000000000032,677.52)
(6.979166666666698,677.54)
(6.983333333333365,677.4)
(6.987500000000032,677.993333)
(6.991666666666698,677.906667)
(6.9958333333333655,677.84)
(7.000000000000032,677.673333)
(7.000000000000032,677.893333)
(7.004166666666698,677.746667)
(7.008333333333366,677.546667)
(7.012500000000032,677.173333)
(7.016666666666699,677.42)
(7.020833333333366,677.62)
(7.025000000000032,677.813333)
(7.025000000000032,677.746667)
(7.029166666666699,677.28)
(7.033333333333366,678.066667)
(7.0375000000000325,677.513333)
(7.041666666666699,677.573333)
(7.045833333333366,677.533333)
(7.050000000000033,677.66)
(7.050000000000033,677.286667)
(7.055000000000033,677.66)
(7.0600000000000325,677.273333)
(7.065000000000033,677.306667)
(7.070000000000033,677.7)
(7.075000000000033,677.433333)
(7.075000000000033,677.58)
(7.0791666666666995,677.446667)
(7.083333333333367,677.433333)
(7.087500000000033,677.466667)
(7.0916666666667,677.873333)
(7.095833333333367,677.726667)
(7.100000000000033,677.626667)
(7.100000000000033,677.44)
(7.1041666666667,677.66)
(7.108333333333367,677.813333)
(7.112500000000034,677.82)
(7.1166666666667,677.64)
(7.120833333333367,677.66)
(7.125000000000034,677.906667)
(7.125000000000034,677.5)
(7.1291666666667,677.566667)
(7.1333333333333675,677.066667)
(7.137500000000034,677.473333)
(7.1416666666667,677.74)
(7.145833333333368,677.773333)
(7.150000000000034,677.666667)
(7.150000000000034,677.606667)
(7.1541666666667005,677.4)
(7.158333333333368,677.846667)
(7.162500000000034,678.133333)
(7.166666666666701,677.6)
(7.170833333333368,677.586667)
(7.1750000000000345,677.773333)
(7.1750000000000345,677.74)
(7.1785714285714635,677.686667)
(7.182142857142892,677.453333)
(7.185714285714321,677.553333)
(7.189285714285749,677.206667)
(7.192857142857178,677.646667)
(7.196428571428606,677.42)
(7.200000000000035,677.66)
(7.200000000000035,677.8)
(7.204166666666701,677.673333)
(7.208333333333369,677.733333)
(7.212500000000035,677.613333)
(7.216666666666701,677.806667)
(7.220833333333369,677.553333)
(7.225000000000035,678.06)
(7.225000000000035,677.586667)
(7.229166666666702,677.893333)
(7.233333333333369,677.806667)
(7.237500000000035,677.44)
(7.241666666666702,677.546667)
(7.245833333333369,677.713333)
(7.2500000000000355,677.74)
(7.2500000000000355,677.773333)
(7.255000000000035,677.686667)
(7.260000000000035,677.7)
(7.265000000000036,677.613333)
(7.270000000000036,677.806667)
(7.275000000000036,677.56)
(7.275000000000036,677.74)
(7.279166666666702,677.913333)
(7.28333333333337,677.5)
(7.287500000000036,677.566667)
(7.2916666666667025,677.913333)
(7.29583333333337,677.853333)
(7.300000000000036,677.573333)
(7.300000000000036,677.5)
(7.306250000000036,677.366667)
(7.312500000000036,677.72)
(7.318750000000037,677.633333)
(7.325000000000037,677.633333)
(7.325000000000037,677.346667)
(7.350000000000037,677.646667)
(7.350000000000037,677.88)
(7.355000000000037,677.726667)
(7.360000000000037,677.846667)
(7.3650000000000375,677.706667)
(7.370000000000037,677.9)
(7.375000000000037,678.026667)
(7.375000000000037,677.933333)
(7.375000000000037,677.74)
(7.379166666666704,677.506667)
(7.383333333333371,677.88)
(7.3875000000000375,677.633333)
(7.391666666666704,677.253333)
(7.395833333333371,677.74)
(7.400000000000038,677.6)
(7.400000000000038,677.886667)
(7.404166666666704,677.7)
(7.408333333333371,677.546667)
(7.412500000000038,677.34)
(7.416666666666704,677.96)
(7.420833333333372,677.9)
(7.425000000000038,678.04)
(7.425000000000038,677.486667)
(7.429166666666704,677.386667)
(7.433333333333372,677.44)
(7.437500000000038,677.52)
(7.441666666666705,677.48)
(7.445833333333372,677.373333)
(7.450000000000038,677.433333)
(7.450000000000038,677.753333)
(7.455000000000038,677.88)
(7.460000000000038,677.493333)
(7.465000000000039,677.186667)
(7.470000000000039,677.946667)
(7.475000000000039,677.753333)
(7.475000000000039,677.886667)
(7.479166666666705,677.98)
(7.4833333333333725,677.66)
(7.487500000000039,678.18)
(7.491666666666705,678.08)
(7.495833333333373,677.953333)
(7.500000000000039,677.613333)
(7.500000000000039,677.913333)
(7.505000000000039,677.62)
(7.510000000000039,677.92)
(7.51500000000004,677.513333)
(7.5200000000000395,677.546667)
(7.525000000000039,678.08)
(7.525000000000039,677.986667)
(7.529166666666706,677.94)
(7.533333333333373,677.793333)
(7.53750000000004,677.513333)
(7.541666666666706,677.82)
(7.545833333333373,677.866667)
(7.55000000000004,677.913333)
(7.55000000000004,677.753333)
(7.553571428571469,677.673333)
(7.557142857142897,677.72)
(7.560714285714326,677.806667)
(7.564285714285754,677.706667)
(7.567857142857183,677.406667)
(7.571428571428611,677.66)
(7.57500000000004,677.726667)
(7.57500000000004,677.46)
(7.579166666666707,677.226667)
(7.583333333333374,677.646667)
(7.58750000000004,677.84)
(7.591666666666707,677.726667)
(7.595833333333374,677.866667)
(7.6000000000000405,677.546667)
(7.6000000000000405,677.546667)
(7.604166666666707,677.913333)
(7.608333333333374,677.86)
(7.612500000000041,677.693333)
(7.616666666666707,677.313333)
(7.620833333333374,677.506667)
(7.625000000000041,677.713333)
(7.625000000000041,677.753333)
(7.6312500000000405,677.653333)
(7.637500000000041,677.28)
(7.643750000000042,677.773333)
(7.650000000000041,678.006667)
(7.650000000000041,677.873333)
(7.650000000000041,677.546667)
(7.65357142857147,677.68)
(7.657142857142898,678.033333)
(7.660714285714327,678.006667)
(7.6642857142857554,677.92)
(7.6678571428571844,677.573333)
(7.671428571428613,677.52)
(7.675000000000042,677.74)
(7.675000000000042,677.786667)
(7.6800000000000415,677.8)
(7.685000000000041,677.426667)
(7.690000000000042,677.353333)
(7.695000000000042,677.56)
(7.700000000000042,677.633333)
(7.700000000000042,677.566667)
(7.704166666666708,677.48)
(7.708333333333376,677.766667)
(7.712500000000042,677.766667)
(7.7166666666667085,677.62)
(7.720833333333376,677.32)
(7.725000000000042,677.713333)
(7.725000000000042,677.633333)
(7.729166666666709,677.993333)
(7.733333333333376,677.706667)
(7.7375000000000425,677.72)
(7.741666666666709,677.32)
(7.745833333333376,677.866667)
(7.750000000000043,677.56)
(7.750000000000043,677.606667)
(7.7550000000000425,678.0)
(7.760000000000042,677.66)
(7.765000000000043,677.973333)
(7.770000000000043,678.113333)
(7.775000000000043,677.88)
(7.775000000000043,678.18)
(7.779166666666709,677.686667)
(7.783333333333377,678.086667)
(7.787500000000043,677.913333)
(7.79166666666671,677.493333)
(7.795833333333377,678.086667)
(7.800000000000043,677.32)
(7.800000000000043,677.773333)
(7.80416666666671,677.94)
(7.808333333333377,677.66)
(7.8125000000000435,677.953333)
(7.81666666666671,677.94)
(7.820833333333377,677.8)
(7.825000000000044,677.786667)
(7.825000000000044,677.566667)
(7.82916666666671,678.173333)
(7.8333333333333774,678.013333)
(7.837500000000044,678.166667)
(7.84166666666671,677.8)
(7.845833333333378,678.0)
(7.850000000000044,677.96)
(7.850000000000044,677.806667)
(7.855000000000044,677.84)
(7.860000000000044,677.546667)
(7.865000000000045,678.113333)
(7.8700000000000445,678.093333)
(7.875000000000044,677.9)
(7.875000000000044,677.713333)
(7.879166666666711,678.04)
(7.883333333333378,678.1)
(7.887500000000045,678.026667)
(7.891666666666711,678.126667)
(7.895833333333378,678.013333)
(7.900000000000045,678.173333)
(7.900000000000045,678.213333)
(7.904166666666711,677.74)
(7.9083333333333785,677.626667)
(7.912500000000045,677.653333)
(7.916666666666711,677.313333)
(7.920833333333379,677.82)
(7.925000000000045,677.84)
(7.925000000000045,677.52)
(7.9291666666667115,678.02)
(7.933333333333379,677.853333)
(7.937500000000045,677.44)
(7.941666666666712,677.553333)
(7.945833333333379,677.86)
(7.9500000000000455,677.26)
(7.9500000000000455,677.926667)
(7.955000000000045,677.753333)
(7.960000000000045,677.62)
(7.965000000000046,677.393333)
(7.970000000000046,677.64)
(7.975000000000046,678.0)
(7.975000000000046,677.526667)
(7.979166666666712,677.646667)
(7.98333333333338,677.68)
(7.987500000000046,677.786667)
(7.991666666666712,677.66)
(7.99583333333338,677.766667)
(8.000000000000046,677.593333)
(8.000000000000046,677.44)
(8.005000000000047,677.76)
(8.010000000000046,677.713333)
(8.015000000000047,677.6)
(8.020000000000046,677.466667)
(8.025000000000047,677.52)
(8.025000000000047,677.64)
(8.029166666666713,677.393333)
(8.03333333333338,677.273333)
(8.037500000000048,677.373333)
(8.041666666666714,677.92)
(8.04583333333338,677.76)
(8.050000000000047,677.86)
(8.050000000000047,677.573333)
(8.054166666666713,678.173333)
(8.05833333333338,677.473333)
(8.062500000000046,677.926667)
(8.066666666666714,677.846667)
(8.07083333333338,677.433333)
(8.075000000000047,677.586667)
(8.075000000000047,677.846667)
(8.080000000000048,677.293333)
(8.085000000000047,677.44)
(8.090000000000048,677.233333)
(8.095000000000047,677.66)
(8.100000000000048,677.593333)
(8.100000000000048,677.586667)
(8.104166666666714,677.48)
(8.10833333333338,677.726667)
(8.112500000000047,677.746667)
(8.116666666666715,677.76)
(8.120833333333382,677.806667)
(8.125000000000048,677.506667)
(8.125000000000048,677.546667)
(8.129166666666714,677.8)
(8.13333333333338,677.546667)
(8.137500000000049,677.506667)
(8.141666666666715,677.186667)
(8.145833333333382,677.713333)
(8.150000000000048,677.28)
(8.150000000000048,677.42)
(8.155000000000049,677.366667)
(8.160000000000048,677.166667)
(8.165000000000049,677.746667)
(8.170000000000048,677.48)
(8.175000000000049,677.64)
(8.175000000000049,677.28)
(8.179166666666715,677.486667)
(8.183333333333382,677.92)
(8.18750000000005,677.886667)
(8.191666666666716,677.78)
(8.195833333333383,677.48)
(8.200000000000049,677.606667)
(8.200000000000049,677.486667)
(8.204166666666715,677.493333)
(8.208333333333382,677.34)
(8.212500000000048,677.22)
(8.216666666666717,677.633333)
(8.220833333333383,677.586667)
(8.22500000000005,677.54)
(8.22500000000005,677.513333)
(8.229166666666716,677.426667)
(8.233333333333382,678.073333)
(8.23750000000005,677.726667)
(8.241666666666717,677.42)
(8.245833333333383,677.386667)
(8.25000000000005,677.813333)
(8.25000000000005,677.886667)
(8.253571428571478,677.46)
(8.257142857142908,677.346667)
(8.260714285714336,677.06)
(8.264285714285764,677.54)
(8.267857142857192,677.706667)
(8.271428571428622,677.493333)
(8.27500000000005,677.6)
(8.27500000000005,677.806667)
(8.28000000000005,677.406667)
(8.28500000000005,677.706667)
(8.29000000000005,677.62)
(8.29500000000005,677.76)
(8.30000000000005,677.6)
(8.30000000000005,677.866667)
(8.304166666666717,677.493333)
(8.308333333333383,677.653333)
(8.31250000000005,677.426667)
(8.316666666666718,677.76)
(8.320833333333384,677.66)
(8.32500000000005,677.866667)
(8.32500000000005,677.466667)
(8.329166666666717,677.693333)
(8.333333333333384,677.153333)
(8.337500000000052,677.66)
(8.341666666666718,677.54)
(8.345833333333385,677.386667)
(8.350000000000051,677.56)
(8.350000000000051,677.7)
(8.355000000000052,677.82)
(8.360000000000051,677.473333)
(8.365000000000052,677.906667)
(8.37000000000005,677.553333)
(8.375000000000052,677.94)
(8.375000000000052,677.606667)
(8.400000000000052,677.366667)
(8.400000000000052,677.46)
(8.405000000000053,677.886667)
(8.410000000000052,677.78)
(8.415000000000052,677.746667)
(8.420000000000051,677.44)
(8.425000000000052,677.473333)
(8.425000000000052,677.666667)
(8.429166666666719,677.64)
(8.433333333333385,677.993333)
(8.437500000000053,677.766667)
(8.44166666666672,677.593333)
(8.445833333333386,677.866667)
(8.450000000000053,677.773333)
(8.450000000000053,677.566667)
(8.454166666666719,677.806667)
(8.458333333333385,677.433333)
(8.462500000000052,677.58)
(8.46666666666672,677.686667)
(8.470833333333387,677.74)
(8.475000000000053,677.626667)
(8.475000000000053,677.68)
(8.47916666666672,677.82)
(8.483333333333386,677.586667)
(8.487500000000054,677.446667)
(8.49166666666672,677.96)
(8.495833333333387,677.713333)
(8.500000000000053,677.8)
(8.500000000000053,677.72)
(8.505000000000054,677.806667)
(8.510000000000053,677.966667)
(8.515000000000054,677.713333)
(8.520000000000053,677.246667)
(8.525000000000054,677.946667)
(8.525000000000054,677.42)
(8.52916666666672,677.713333)
(8.533333333333387,677.466667)
(8.537500000000055,677.853333)
(8.541666666666721,677.266667)
(8.545833333333388,677.58)
(8.550000000000054,677.966667)
(8.550000000000054,677.653333)
(8.55416666666672,677.68)
(8.558333333333387,677.266667)
(8.562500000000053,677.973333)
(8.566666666666721,677.913333)
(8.570833333333388,677.646667)
(8.575000000000054,677.333333)
(8.575000000000054,677.426667)
(8.57916666666672,677.286667)
(8.583333333333387,677.913333)
(8.587500000000055,677.473333)
(8.591666666666722,677.266667)
(8.595833333333388,677.993333)
(8.600000000000055,677.586667)
(8.600000000000055,677.48)
(8.605000000000055,677.593333)
(8.610000000000054,677.393333)
(8.615000000000055,677.6)
(8.620000000000054,677.846667)
(8.625000000000055,677.84)
(8.625000000000055,677.386667)
(8.628571428571483,677.44)
(8.632142857142913,677.993333)
(8.635714285714341,677.68)
(8.63928571428577,677.553333)
(8.642857142857197,677.113333)
(8.646428571428627,677.373333)
(8.650000000000055,677.76)
(8.650000000000055,677.433333)
(8.655000000000056,677.24)
(8.660000000000055,677.446667)
(8.665000000000056,677.673333)
(8.670000000000055,677.666667)
(8.675000000000056,677.793333)
(8.675000000000056,677.62)
(8.679166666666722,677.333333)
(8.683333333333389,677.88)
(8.687500000000057,677.453333)
(8.691666666666723,677.626667)
(8.69583333333339,676.9)
(8.700000000000056,677.38)
(8.700000000000056,677.74)
(8.704166666666723,677.526667)
(8.708333333333389,677.306667)
(8.712500000000055,677.593333)
(8.716666666666724,677.72)
(8.72083333333339,677.526667)
(8.725000000000056,677.24)
(8.725000000000056,677.473333)
(8.730000000000057,677.313333)
(8.735000000000056,677.58)
(8.740000000000057,677.88)
(8.745000000000056,677.733333)
(8.750000000000057,677.586667)
(8.750000000000057,677.666667)
(8.754166666666723,677.54)
(8.75833333333339,677.126667)
(8.762500000000056,677.28)
(8.766666666666724,677.566667)
(8.77083333333339,677.246667)
(8.775000000000057,677.8)
(8.775000000000057,677.753333)
(8.780000000000058,677.413333)
(8.785000000000057,677.206667)
(8.790000000000058,677.793333)
(8.795000000000057,677.873333)
(8.800000000000058,677.773333)
(8.800000000000058,677.433333)
(8.804166666666724,677.36)
(8.80833333333339,677.76)
(8.812500000000057,677.506667)
(8.816666666666725,677.14)
(8.820833333333391,677.486667)
(8.825000000000058,677.286667)
(8.825000000000058,677.8)
(8.829166666666724,677.466667)
(8.83333333333339,677.426667)
(8.837500000000059,677.153333)
(8.841666666666725,677.473333)
(8.845833333333392,677.7)
(8.850000000000058,677.746667)
(8.850000000000058,677.253333)
(8.855000000000059,677.406667)
(8.860000000000058,677.786667)
(8.865000000000059,677.553333)
(8.870000000000058,677.686667)
(8.875000000000059,677.34)
(8.875000000000059,677.333333)
(8.879166666666725,677.793333)
(8.883333333333391,677.453333)
(8.88750000000006,677.406667)
(8.891666666666726,677.5)
(8.895833333333393,677.72)
(8.900000000000059,677.126667)
(8.900000000000059,677.593333)
(8.904166666666725,677.413333)
(8.908333333333392,677.466667)
(8.912500000000058,677.72)
(8.916666666666726,677.24)
(8.920833333333393,677.8)
(8.92500000000006,677.393333)
(8.92500000000006,677.52)
(8.929166666666726,677.713333)
(8.933333333333392,677.226667)
(8.93750000000006,677.453333)
(8.941666666666727,677.186667)
(8.945833333333393,677.553333)
(8.95000000000006,677.46)
(8.95000000000006,677.68)
(8.95500000000006,677.506667)
(8.96000000000006,677.086667)
(8.96500000000006,677.653333)
(8.97000000000006,677.553333)
(8.97500000000006,677.653333)
(8.97500000000006,677.32)
(8.979166666666726,677.38)
(8.983333333333393,677.726667)
(8.987500000000061,677.513333)
(8.991666666666728,677.686667)
(8.995833333333394,677.24)
(9.00000000000006,677.646667)
(9.00000000000006,677.58)
(9.004166666666727,677.426667)
(9.008333333333393,677.6)
(9.01250000000006,677.2)
(9.016666666666728,677.7)
(9.020833333333394,677.833333)
(9.02500000000006,677.76)
(9.02500000000006,677.62)
(9.029166666666727,677.84)
(9.033333333333394,677.646667)
(9.037500000000062,677.593333)
(9.041666666666728,677.78)
(9.045833333333395,677.373333)
(9.050000000000061,677.566667)
(9.050000000000061,677.653333)
(9.055000000000062,677.706667)
(9.060000000000061,677.54)
(9.065000000000062,677.3)
(9.07000000000006,677.766667)
(9.075000000000061,677.653333)
(9.075000000000061,677.74)
(9.079166666666728,677.14)
(9.083333333333394,677.466667)
(9.087500000000063,677.786667)
(9.091666666666729,677.68)
(9.095833333333395,677.673333)
(9.100000000000062,677.48)
(9.100000000000062,677.593333)
(9.104166666666728,677.646667)
(9.108333333333395,677.42)
(9.112500000000061,677.413333)
(9.11666666666673,677.286667)
(9.120833333333396,677.666667)
(9.125000000000062,677.753333)
(9.125000000000062,677.4)
(9.129166666666729,677.613333)
(9.133333333333395,677.273333)
(9.137500000000063,677.693333)
(9.14166666666673,677.693333)
(9.145833333333396,677.493333)
(9.150000000000063,677.366667)
(9.150000000000063,677.593333)
(9.154166666666729,678.0)
(9.158333333333395,677.693333)
(9.162500000000062,677.62)
(9.16666666666673,677.046667)
(9.170833333333396,677.54)
(9.175000000000063,677.58)
(9.175000000000063,677.646667)
(9.180000000000064,677.633333)
(9.185000000000063,677.466667)
(9.190000000000063,677.766667)
(9.195000000000062,677.473333)
(9.200000000000063,677.493333)
(9.200000000000063,677.2)
(9.20416666666673,677.466667)
(9.208333333333396,677.726667)
(9.212500000000063,677.686667)
(9.21666666666673,677.486667)
(9.220833333333397,677.606667)
(9.225000000000064,677.64)
(9.225000000000064,677.633333)
(9.22916666666673,677.42)
(9.233333333333396,677.553333)
(9.237500000000065,677.34)
(9.241666666666731,677.82)
(9.245833333333398,677.74)
(9.250000000000064,677.76)
(9.250000000000064,677.633333)
(9.255000000000065,677.833333)
(9.260000000000064,677.793333)
(9.265000000000065,677.793333)
(9.270000000000064,677.646667)
(9.275000000000064,677.74)
(9.275000000000064,677.693333)
(9.278571428571492,677.92)
(9.282142857142922,677.373333)
(9.28571428571435,677.946667)
(9.289285714285779,677.36)
(9.292857142857207,677.746667)
(9.296428571428637,677.78)
(9.300000000000065,677.56)
(9.300000000000065,677.413333)
(9.305000000000065,677.193333)
(9.310000000000064,677.686667)
(9.315000000000065,677.926667)
(9.320000000000064,677.42)
(9.325000000000065,677.653333)
(9.325000000000065,677.706667)
(9.329166666666731,677.56)
(9.333333333333398,677.64)
(9.337500000000066,677.166667)
(9.341666666666733,677.533333)
(9.345833333333399,677.333333)
(9.350000000000065,677.446667)
(9.350000000000065,677.66)
(9.354166666666732,677.58)
(9.358333333333398,677.48)
(9.362500000000065,677.773333)
(9.366666666666733,677.646667)
(9.3708333333334,677.653333)
(9.375000000000066,677.36)
(9.375000000000066,677.586667)
(9.379166666666732,677.806667)
(9.383333333333399,677.706667)
(9.387500000000067,677.913333)
(9.391666666666733,677.546667)
(9.3958333333334,677.9)
(9.400000000000066,677.946667)
(9.400000000000066,677.626667)
(9.404166666666733,677.3)
(9.408333333333399,677.233333)
(9.412500000000065,677.713333)
(9.416666666666734,677.506667)
(9.4208333333334,677.746667)
(9.425000000000066,677.4)
(9.425000000000066,677.566667)
(9.430000000000067,677.74)
(9.435000000000066,677.606667)
(9.440000000000067,677.786667)
(9.445000000000066,677.706667)
(9.450000000000067,677.38)
(9.450000000000067,677.826667)
(9.454166666666733,677.733333)
(9.4583333333334,677.38)
(9.462500000000066,677.113333)
(9.466666666666734,677.56)
(9.4708333333334,677.766667)
(9.475000000000067,677.68)
(9.475000000000067,677.406667)
(9.479166666666734,677.493333)
(9.4833333333334,678.026667)
(9.487500000000068,677.88)
(9.491666666666735,677.58)
(9.495833333333401,677.726667)
(9.500000000000068,677.82)
(9.500000000000068,677.84)
(9.505000000000068,677.64)
(9.510000000000067,677.513333)
(9.515000000000068,677.5)
(9.520000000000067,677.64)
(9.525000000000068,677.506667)
(9.525000000000068,677.666667)
(9.529166666666734,677.573333)
(9.5333333333334,677.413333)
(9.537500000000069,677.873333)
(9.541666666666735,677.553333)
(9.545833333333402,677.633333)
(9.550000000000068,677.366667)
(9.550000000000068,677.68)
(9.554166666666735,677.78)
(9.558333333333401,677.7)
(9.562500000000068,677.526667)
(9.566666666666736,677.706667)
(9.570833333333402,677.686667)
(9.575000000000069,678.0)
(9.575000000000069,677.56)
(9.58000000000007,677.373333)
(9.585000000000068,677.266667)
(9.59000000000007,677.713333)
(9.595000000000068,677.753333)
(9.600000000000069,677.56)
(9.600000000000069,677.466667)
(9.604166666666735,677.673333)
(9.608333333333402,677.913333)
(9.612500000000068,677.506667)
(9.616666666666736,677.673333)
(9.620833333333403,677.16)
(9.62500000000007,677.906667)
(9.62500000000007,677.353333)
(9.63000000000007,677.9)
(9.635000000000069,677.406667)
(9.64000000000007,677.393333)
(9.645000000000069,677.493333)
(9.65000000000007,677.853333)
(9.65000000000007,677.9)
(9.654166666666736,677.406667)
(9.658333333333402,677.746667)
(9.662500000000069,677.553333)
(9.666666666666737,677.98)
(9.670833333333404,677.68)
(9.67500000000007,677.68)
(9.67500000000007,678.06)
(9.679166666666736,677.86)
(9.683333333333403,677.9)
(9.687500000000071,677.886667)
(9.691666666666737,677.72)
(9.695833333333404,677.993333)
(9.70000000000007,677.78)
(9.70000000000007,677.62)
(9.705000000000071,677.52)
(9.71000000000007,677.693333)
(9.715000000000071,677.673333)
(9.72000000000007,677.786667)
(9.72500000000007,677.72)
(9.72500000000007,677.613333)
(9.729166666666737,677.613333)
(9.733333333333404,677.933333)
(9.737500000000072,678.066667)
(9.741666666666738,677.733333)
(9.745833333333405,677.533333)
(9.750000000000071,677.826667)
(9.750000000000071,678.026667)
(9.7535714285715,677.6)
(9.757142857142929,677.286667)
(9.760714285714357,677.22)
(9.764285714285785,677.82)
(9.767857142857213,677.74)
(9.771428571428643,677.873333)
(9.775000000000071,677.446667)
(9.775000000000071,677.673333)
(9.779166666666738,677.946667)
(9.783333333333404,677.88)
(9.787500000000072,677.846667)
(9.791666666666739,677.473333)
(9.795833333333405,677.893333)
(9.800000000000072,678.033333)
(9.800000000000072,677.52)
(9.804166666666738,677.566667)
(9.808333333333405,677.746667)
(9.812500000000071,677.806667)
(9.81666666666674,677.726667)
(9.820833333333406,677.586667)
(9.825000000000072,677.56)
(9.825000000000072,677.7)
(9.830000000000073,677.76)
(9.835000000000072,677.74)
(9.840000000000073,677.766667)
(9.845000000000072,677.866667)
(9.850000000000072,677.833333)
(9.850000000000072,677.786667)
(9.854166666666739,677.633333)
(9.858333333333405,677.513333)
(9.862500000000072,677.773333)
(9.86666666666674,677.946667)
(9.870833333333406,677.793333)
(9.875000000000073,677.633333)
(9.875000000000073,677.346667)
(9.87916666666674,677.413333)
(9.883333333333406,677.926667)
(9.887500000000074,677.653333)
(9.89166666666674,677.64)
(9.895833333333407,677.44)
(9.900000000000073,677.806667)
(9.900000000000073,677.82)
(9.90416666666674,677.933333)
(9.908333333333406,677.713333)
(9.912500000000072,677.646667)
(9.91666666666674,677.993333)
(9.920833333333407,677.886667)
(9.925000000000074,677.606667)
(9.925000000000074,677.64)
(9.930000000000074,677.613333)
(9.935000000000073,677.406667)
(9.940000000000074,677.76)
(9.945000000000073,677.72)
(9.950000000000074,677.48)
(9.950000000000074,677.773333)
(9.95416666666674,677.693333)
(9.958333333333407,677.726667)
(9.962500000000073,677.546667)
(9.966666666666741,677.74)
(9.970833333333408,677.406667)
(9.975000000000074,678.04)
(9.975000000000074,677.633333)
(9.97916666666674,677.8)
(9.983333333333407,677.82)
(9.987500000000075,677.786667)
(9.991666666666742,677.613333)
(9.995833333333408,677.593333)
(10.000000000000075,677.16)
