(10.000000000000075,0.044926)
(10.000000000000075,0.068393)
(10.003125000000075,0.045374)
(10.006250000000074,0.044926)
(10.009375000000075,0.044926)
(10.012500000000074,0.068393)
(10.015625000000075,0.045374)
(10.018750000000075,0.067843)
(10.021875000000074,0.045825)
(10.025000000000075,0.067295)
(10.025000000000075,0.046278)
(10.031250000000075,0.046278)
(10.037500000000076,0.046278)
(10.043750000000076,0.046278)
(10.050000000000075,0.06675)
(10.050000000000075,0.046733)
(10.058333333333408,0.066206)
(10.066666666666743,0.046733)
(10.075000000000076,0.47563)
(10.075000000000076,0.06675)
(10.081250000000075,0.046733)
(10.087500000000077,0.06675)
(10.093750000000076,0.046278)
(10.100000000000076,0.046278)
(10.100000000000076,0.045825)
(10.106250000000076,0.472719)
(10.112500000000075,0.045374)
(10.118750000000077,0.045374)
(10.125000000000076,0.067843)
(10.125000000000076,0.04448)
(10.13333333333341,0.044926)
(10.141666666666744,0.04448)
(10.150000000000077,0.04448)
(10.150000000000077,0.04448)
(10.155000000000078,0.044926)
(10.160000000000077,0.068945)
(10.165000000000077,0.044926)
(10.170000000000076,0.045374)
(10.175000000000077,0.068393)
(10.175000000000077,0.044926)
(10.18333333333341,0.045374)
(10.191666666666745,0.044926)
(10.200000000000077,0.045374)
(10.200000000000077,0.044926)
(10.206250000000077,0.068393)
(10.212500000000077,0.045825)
(10.218750000000078,0.067843)
(10.225000000000078,0.472719)
(10.225000000000078,0.045374)
(10.23333333333341,0.045374)
(10.241666666666745,0.068393)
(10.250000000000078,0.068393)
(10.250000000000078,0.045374)
(10.258333333333411,0.045374)
(10.266666666666746,0.045374)
(10.275000000000079,0.045374)
(10.275000000000079,0.045374)
(10.281250000000078,0.540227)
(10.28750000000008,0.068393)
(10.29375000000008,0.045374)
(10.300000000000079,0.068393)
(10.300000000000079,0.044926)
(10.306250000000079,0.044926)
(10.312500000000078,0.044926)
(10.31875000000008,0.044926)
(10.32500000000008,0.044926)
(10.32500000000008,0.044926)
(10.333333333333412,0.067843)
(10.341666666666747,0.068945)
(10.35000000000008,0.068393)
(10.35000000000008,0.045374)
(10.35625000000008,0.045374)
(10.362500000000079,0.045374)
(10.36875000000008,0.067295)
(10.37500000000008,0.046278)
(10.37500000000008,0.06675)
(10.383333333333413,0.046733)
(10.391666666666747,0.046733)
(10.40000000000008,0.066206)
(10.40000000000008,0.065126)
(10.40625000000008,0.064589)
(10.41250000000008,0.048576)
(10.418750000000081,0.064055)
(10.42500000000008,0.049511)
(10.42500000000008,0.049511)
(10.43125000000008,0.049511)
(10.437500000000082,0.062993)
(10.443750000000081,0.049981)
(10.450000000000081,0.049981)
(10.450000000000081,0.062465)
(10.458333333333414,0.049981)
(10.466666666666748,0.050454)
(10.475000000000081,0.049981)
(10.475000000000081,0.049981)
(10.481250000000081,0.062993)
(10.487500000000082,0.049511)
(10.493750000000082,0.049511)
(10.500000000000082,0.063523)
(10.500000000000082,0.049042)
(10.508333333333415,0.482946)
(10.51666666666675,0.048112)
(10.525000000000082,0.048576)
(10.525000000000082,0.04765)
(10.531250000000082,0.065665)
(10.537500000000083,0.04719)
(10.543750000000083,0.04719)
(10.550000000000082,0.04719)
(10.550000000000082,0.046733)
(10.556250000000082,0.046733)
(10.562500000000082,0.046278)
(10.568750000000083,0.067295)
(10.575000000000083,0.046278)
(10.575000000000083,0.045825)
(10.581250000000082,0.045374)
(10.587500000000084,0.044926)
(10.593750000000083,0.04448)
(10.600000000000083,0.04448)
(10.600000000000083,0.068945)
(10.606250000000083,0.044926)
(10.612500000000082,0.04448)
(10.618750000000084,0.044926)
(10.625000000000083,0.044036)
(10.625000000000083,0.0695)
(10.633333333333416,0.04448)
(10.641666666666751,0.04448)
(10.650000000000084,0.0695)
(10.650000000000084,0.04448)
(10.656250000000083,0.068945)
(10.662500000000083,0.068393)
(10.668750000000085,0.044926)
(10.675000000000084,0.044926)
(10.675000000000084,0.04448)
(10.683333333333417,0.04448)
(10.691666666666752,0.044036)
(10.700000000000085,0.465481)
(10.700000000000085,0.043154)
(10.706250000000084,0.043154)
(10.712500000000084,0.042717)
(10.718750000000085,0.042717)
(10.725000000000085,0.042717)
(10.725000000000085,0.042282)
(10.733333333333418,0.459731)
(10.741666666666752,0.04099)
(10.750000000000085,0.04099)
(10.750000000000085,0.04099)
(10.756250000000085,0.456869)
(10.762500000000085,0.454017)
(10.768750000000086,0.039719)
(10.775000000000086,0.039299)
(10.775000000000086,0.038882)
(10.783333333333418,0.038882)
(10.791666666666753,0.448338)
(10.800000000000086,0.038054)
(10.800000000000086,0.037644)
(10.806250000000086,0.037644)
(10.812500000000085,0.446924)
(10.818750000000087,0.078082)
(10.825000000000086,0.078082)
(10.825000000000086,0.037644)
(10.831250000000086,0.037644)
(10.837500000000087,0.037235)
(10.843750000000087,0.037644)
(10.850000000000087,0.078082)
(10.850000000000087,0.037644)
(10.85833333333342,0.037235)
(10.866666666666754,0.036829)
(10.875000000000087,0.036425)
(10.875000000000087,0.079858)
(10.881250000000087,0.036425)
(10.887500000000088,0.036829)
(10.893750000000088,0.036829)
(10.900000000000087,0.036829)
(10.900000000000087,0.036829)
(10.906250000000087,0.079264)
(10.912500000000087,0.037235)
(10.918750000000088,0.078672)
(10.925000000000088,0.079264)
(10.925000000000088,0.079264)
(10.93333333333342,0.078672)
(10.941666666666755,0.078082)
(10.950000000000088,0.078082)
(10.950000000000088,0.038054)
(10.956250000000088,0.078082)
(10.962500000000087,0.078082)
(10.968750000000089,0.077494)
(10.975000000000088,0.077494)
(10.975000000000088,0.038467)
(10.983333333333421,0.076909)
(10.991666666666756,0.038882)
(11.000000000000089,0.038467)
(11.000000000000089,0.038054)
(11.006250000000088,0.037644)
(11.012500000000088,0.037644)
(11.01875000000009,0.036829)
(11.02500000000009,0.037235)
(11.02500000000009,0.036829)
(11.031250000000089,0.036829)
(11.03750000000009,0.036425)
(11.04375000000009,0.081053)
(11.05000000000009,0.036024)
(11.05000000000009,0.035624)
(11.062500000000089,0.035227)
(11.07500000000009,0.081654)
(11.07500000000009,0.034832)
(11.10000000000009,0.034832)
(11.10000000000009,0.03444)
(11.10625000000009,0.082863)
(11.11250000000009,0.03444)
(11.118750000000091,0.083471)
(11.12500000000009,0.03444)
(11.12500000000009,0.03444)
(11.13125000000009,0.034049)
(11.137500000000092,0.03444)
(11.143750000000091,0.034049)
(11.150000000000091,0.034049)
(11.150000000000091,0.032891)
(11.158333333333424,0.431519)
(11.166666666666758,0.032509)
(11.175000000000091,0.086542)
(11.175000000000091,0.032891)
(11.181250000000091,0.085923)
(11.187500000000092,0.032891)
(11.193750000000092,1.272866)
(11.200000000000092,2.555066)
(11.200000000000092,2.541533)
(11.208333333333425,4.261926)
(11.21666666666676,2.517937)
(11.225000000000092,6.402947)
(11.225000000000092,8.984437)
(11.231250000000092,12.001957)
(11.237500000000093,11.95032)
(11.243750000000093,11.840052)
(11.250000000000092,11.898795)
(11.250000000000092,15.263038)
(11.254166666666759,19.110504)
(11.258333333333425,15.121614)
(11.262500000000092,18.94269)
(11.26666666666676,18.85907)
(11.270833333333426,18.766382)
(11.275000000000093,18.683161)
(11.275000000000093,18.60013)
(11.27857142857152,18.517286)
(11.28214285714295,18.434639)
(11.285714285714379,18.352179)
(11.289285714285807,18.260777)
(11.292857142857235,18.096846)
(11.296428571428665,18.178717)
(11.300000000000093,18.006105)
(11.300000000000093,17.915594)
(11.305000000000094,17.825319)
(11.310000000000093,17.74427)
(11.315000000000094,17.66341)
(11.320000000000093,17.582745)
(11.325000000000093,17.493336)
(11.325000000000093,17.324097)
(11.333333333333426,17.404158)
(11.341666666666761,17.235367)
(11.350000000000094,17.146872)
(11.350000000000094,17.067423)
(11.356250000000093,16.90909)
(11.362500000000093,16.988161)
(11.368750000000095,16.821457)
(11.375000000000094,16.742786)
(11.375000000000094,16.664307)
(11.381250000000094,16.586012)
(11.387500000000095,16.516577)
(11.393750000000095,16.438641)
(11.400000000000095,16.360893)
(11.400000000000095,16.197384)
(11.408333333333427,16.274733)
(11.416666666666762,16.111664)
(11.425000000000095,16.034714)
(11.425000000000095,15.957955)
(11.431250000000095,15.872889)
(11.437500000000096,15.796526)
(11.443750000000096,19.692186)
(11.450000000000095,15.635937)
(11.450000000000095,15.551754)
(11.456250000000095,15.467808)
(11.462500000000095,15.384089)
(11.468750000000096,15.300605)
(11.475000000000096,15.225669)
(11.475000000000096,15.150919)
(11.481250000000095,15.068089)
(11.487500000000097,14.993737)
(11.493750000000096,14.919577)
(11.500000000000096,14.837395)
(11.500000000000096,14.755445)
(11.506250000000096,14.592247)
(11.512500000000095,14.673732)
(11.518750000000097,14.510995)
(11.525000000000096,14.429976)
(11.525000000000096,14.276678)
(11.531250000000096,14.34919)
(11.537500000000097,14.196331)
(11.543750000000097,14.116219)
(11.550000000000097,14.036336)
(11.550000000000097,13.964642)
(11.556250000000096,13.901069)
(11.562500000000096,13.663997)
(11.568750000000097,13.742789)
(11.575000000000097,13.821812)
(11.575000000000097,13.593282)
(11.581250000000097,13.522753)
(11.587500000000098,13.452414)
(11.593750000000098,13.382262)
(11.600000000000097,13.304535)
(11.600000000000097,13.227041)
(11.60833333333343,13.149776)
(11.616666666666765,13.072744)
(11.625000000000098,13.003613)
(11.625000000000098,12.934669)
(11.631250000000097,12.865913)
(11.637500000000099,12.789739)
(11.643750000000098,12.638081)
(11.650000000000098,12.713793)
(11.650000000000098,12.570134)
(11.658333333333431,12.502377)
(11.666666666666766,12.427311)
(11.675000000000098,12.359949)
(11.675000000000098,12.285322)
(11.681250000000098,12.210924)
(11.6875000000001,12.062823)
(11.6937500000001,12.136758)
(11.700000000000099,15.480211)
(11.700000000000099,11.835093)
(11.708333333333432,11.908313)
(11.716666666666766,11.762103)
(11.7250000000001,11.689346)
(11.7250000000001,11.616819)
(11.731250000000099,11.54452)
(11.7375000000001,11.407791)
(11.7437500000001,11.472454)
(11.7500000000001,11.336163)
(11.7500000000001,11.271893)
(11.758333333333432,11.207809)
(11.766666666666767,11.136827)
(11.7750000000001,11.066072)
(11.7750000000001,11.00259)
(11.7812500000001,10.939295)
(11.787500000000101,10.876184)
(11.7937500000001,10.806281)
(11.8000000000001,10.743565)
(11.8000000000001,10.674101)
(11.8062500000001,10.604866)
(11.8125000000001,10.473948)
(11.818750000000101,10.535858)
(11.8250000000001,10.40538)
(11.8250000000001,10.343863)
(11.833333333333433,10.275733)
(11.841666666666768,10.214609)
(11.850000000000101,10.15367)
(11.850000000000101,10.092918)
(11.8562500000001,10.025636)
(11.8625000000001,9.958582)
(11.868750000000102,9.898429)
(11.875000000000101,9.831811)
(11.875000000000101,9.712477)
(11.881250000000101,9.77205)
(11.887500000000102,9.593883)
(11.893750000000102,9.653087)
(11.900000000000102,9.534866)
(11.900000000000102,9.476033)
(11.906250000000101,9.417386)
(11.912500000000101,9.294188)
(11.918750000000102,9.229678)
(11.925000000000102,9.352444)
(11.925000000000102,9.165397)
(11.931250000000102,6.431361)
(11.937500000000103,9.10774)
(11.943750000000103,0.026469)
(11.950000000000102,2.508809)
(11.950000000000102,0.614771)
(11.958333333333435,0.099153)
(11.96666666666677,0.623008)
(11.975000000000103,0.626318)
(11.975000000000103,0.632964)
(11.981250000000102,0.634631)
(11.987500000000104,0.629636)
(11.993750000000103,0.107235)
(12.000000000000103,0.641321)
(12.000000000000103,0.11)
(12.006250000000103,0.649732)
(12.012500000000102,0.653112)
(12.018750000000104,0.656501)
(12.025000000000103,1.644913)
(12.025000000000103,0.659898)
(12.031250000000103,0.658198)
(12.037500000000104,0.663304)
(12.043750000000104,0.666719)
(12.050000000000104,0.668429)
(12.050000000000104,1.666433)
(12.058333333333437,0.673574)
(12.066666666666771,0.675294)
(12.075000000000104,1.677245)
(12.075000000000104,0.678739)
(12.081250000000104,1.682664)
(12.087500000000105,0.683923)
(12.093750000000105,1.690809)
(12.100000000000104,0.689127)
(12.100000000000104,0.69435)
(12.108333333333437,0.690866)
(12.116666666666772,0.696096)
(12.125000000000105,1.707157)
(12.125000000000105,0.699593)
(12.131250000000104,0.7031)
(12.137500000000106,1.718099)
(12.143750000000106,1.72084)
(12.150000000000105,0.708376)
(12.150000000000105,0.711904)
(12.158333333333438,1.734578)
(12.166666666666773,1.737331)
(12.175000000000106,1.737331)
(12.175000000000106,0.718986)
(12.181250000000105,1.742846)
(12.187500000000107,1.745606)
(12.193750000000106,0.72254)
(12.200000000000106,1.751134)
(12.200000000000106,0.727888)
(12.208333333333439,1.75667)
(12.216666666666773,1.759441)
(12.225000000000106,1.759441)
(12.225000000000106,1.762215)
(12.231250000000106,0.735049)
(12.237500000000107,1.770548)
(12.243750000000107,1.77333)
(12.250000000000107,3.254003)
(12.250000000000107,0.742244)
(12.262500000000106,1.78448)
(12.275000000000107,1.78448)
(12.275000000000107,0.744049)
(12.287500000000108,1.787273)
(12.300000000000107,0.751288)
(12.300000000000107,0.754921)
(12.30833333333344,1.80127)
(12.316666666666775,1.798466)
(12.325000000000108,1.804076)
(12.325000000000108,1.806884)
(12.331250000000107,1.804076)
(12.337500000000109,1.806884)
(12.343750000000108,3.299333)
(12.350000000000108,1.806884)
(12.350000000000108,1.806884)
(12.35833333333344,1.806884)
(12.366666666666775,1.806884)
(12.375000000000108,1.809694)
(12.375000000000108,1.812507)
(12.375000000000108,1.812507)
(12.375000000000108,1.815321)
(12.38750000000011,1.815321)
(12.400000000000109,0.769538)
(12.400000000000109,1.820957)
(12.40500000000011,1.820957)
(12.410000000000108,0.771375)
(12.41500000000011,3.322114)
(12.420000000000108,1.823778)
(12.425000000000109,1.826601)
(12.425000000000109,1.826601)
(12.433333333333442,1.829426)
(12.441666666666777,0.7769)
(12.45000000000011,1.832254)
(12.45000000000011,1.832254)
(12.456250000000109,1.832254)
(12.462500000000109,1.835084)
(12.46875000000011,1.835084)
(12.47500000000011,1.837916)
(12.47500000000011,3.337344)
(12.483333333333443,0.778745)
(12.491666666666777,1.837916)
(12.50000000000011,1.837916)
(12.50000000000011,0.784296)
(12.50625000000011,1.843586)
(12.51250000000011,3.344972)
(12.51875000000011,1.84075)
(12.52500000000011,0.782443)
(12.52500000000011,1.84075)
(12.533333333333443,1.843586)
(12.541666666666778,1.843586)
(12.55000000000011,1.843586)
(12.55000000000011,1.843586)
(12.55625000000011,1.843586)
(12.56250000000011,1.843586)
(12.568750000000112,1.843586)
(12.575000000000111,0.788007)
(12.575000000000111,1.849265)
(12.583333333333444,1.849265)
(12.591666666666779,1.852108)
(12.600000000000112,1.852108)
(12.600000000000112,1.852108)
(12.606250000000111,1.852108)
(12.61250000000011,0.791726)
(12.618750000000112,0.79359)
(12.625000000000112,1.8578)
(12.625000000000112,1.860649)
(12.631250000000112,1.8635)
(12.637500000000113,1.8635)
(12.643750000000113,1.860649)
(12.650000000000112,1.860649)
(12.650000000000112,1.860649)
(12.656250000000112,1.8635)
(12.662500000000112,1.866354)
(12.668750000000113,1.866354)
(12.675000000000113,1.866354)
(12.675000000000113,1.866354)
(12.680000000000113,1.866354)
(12.685000000000112,1.872067)
(12.690000000000113,1.874928)
(12.695000000000112,1.872067)
(12.700000000000113,1.874928)
(12.700000000000113,1.87779)
(12.708333333333446,1.87779)
(12.71666666666678,1.87779)
(12.725000000000113,1.87779)
(12.725000000000113,1.87779)
(12.730000000000114,1.87779)
(12.735000000000113,0.812341)
(12.740000000000114,0.808573)
(12.745000000000113,1.88926)
(12.750000000000114,0.818009)
(12.750000000000114,1.892133)
(12.758333333333447,3.414012)
(12.766666666666781,1.892133)
(12.775000000000114,1.895008)
(12.775000000000114,1.895008)
(12.783333333333447,1.897886)
(12.791666666666782,1.897886)
(12.800000000000114,1.897886)
(12.800000000000114,0.823696)
(12.806250000000114,1.906531)
(12.812500000000114,3.429449)
(12.818750000000115,1.909417)
(12.825000000000115,1.906531)
(12.825000000000115,1.909417)
(12.833333333333448,0.829403)
(12.841666666666782,1.915195)
(12.850000000000115,1.912305)
(12.850000000000115,1.915195)
(12.856250000000115,1.915195)
(12.862500000000114,1.918088)
(12.868750000000116,1.918088)
(12.875000000000115,3.44492)
(12.875000000000115,1.915195)
(12.883333333333448,1.915195)
(12.891666666666783,1.915195)
(12.900000000000116,0.83513)
(12.900000000000116,1.92388)
(12.906250000000115,1.920982)
(12.912500000000115,1.92388)
(12.918750000000117,1.920982)
(12.925000000000116,1.920982)
(12.925000000000116,0.837043)
(12.931250000000116,1.92388)
(12.937500000000117,1.926778)
(12.943750000000117,1.926778)
(12.950000000000117,1.926778)
(12.950000000000117,0.840876)
(12.956250000000116,1.92968)
(12.962500000000116,1.92968)
(12.968750000000117,1.92968)
(12.975000000000117,1.932583)
(12.975000000000117,0.844718)
(12.98333333333345,1.935488)
(12.991666666666784,3.464308)
(13.000000000000117,3.468192)
(13.000000000000117,1.92968)
(13.006250000000117,1.932583)
(13.012500000000117,1.932583)
(13.018750000000118,1.92968)
(13.025000000000118,3.464308)
(13.025000000000118,1.92968)
(13.03333333333345,1.92968)
(13.041666666666785,1.932583)
(13.050000000000118,1.932583)
(13.050000000000118,3.464308)
(13.056250000000118,1.932583)
(13.062500000000117,3.464308)
(13.068750000000119,1.932583)
(13.075000000000118,1.935488)
(13.075000000000118,1.935488)
(13.083333333333451,3.468192)
(13.091666666666786,3.464308)
(13.100000000000119,1.92968)
(13.100000000000119,1.92968)
(13.125000000000119,1.926778)
(13.125000000000119,3.456546)
(13.13750000000012,1.92388)
(13.15000000000012,1.92388)
(13.15000000000012,1.92388)
(13.156250000000119,3.441049)
(13.162500000000119,3.452669)
(13.16875000000012,3.448793)
(13.17500000000012,1.915195)
(13.17500000000012,3.43718)
(13.183333333333453,3.433313)
(13.191666666666787,1.903647)
(13.20000000000012,3.421726)
(13.20000000000012,1.897886)
(13.20625000000012,1.897886)
(13.21250000000012,1.897886)
(13.21875000000012,3.417868)
(13.22500000000012,1.892133)
(13.22500000000012,3.410158)
(13.233333333333453,1.88926)
(13.241666666666788,1.88926)
(13.25000000000012,3.410158)
(13.25000000000012,3.406307)
(13.25625000000012,1.88926)
(13.26250000000012,1.886389)
(13.268750000000122,3.402457)
(13.275000000000121,3.398609)
(13.275000000000121,1.880654)
(13.28125000000012,3.398609)
(13.287500000000122,1.880654)
(13.293750000000122,0.810456)
(13.300000000000122,3.398609)
(13.300000000000122,3.394765)
(13.308333333333454,3.390921)
(13.316666666666789,1.87779)
(13.325000000000122,3.390921)
(13.325000000000122,1.874928)
(13.331250000000122,1.874928)
(13.337500000000123,0.806693)
(13.343750000000123,1.880654)
(13.350000000000122,1.883521)
(13.350000000000122,1.883521)
(13.356250000000122,1.886389)
(13.362500000000122,1.88926)
(13.368750000000123,1.892133)
(13.375000000000123,0.819902)
(13.375000000000123,1.900765)
(13.383333333333455,1.900765)
(13.39166666666679,1.903647)
(13.400000000000123,3.425586)
(13.400000000000123,1.906531)
(13.406250000000123,3.433313)
(13.412500000000122,1.909417)
(13.418750000000124,3.433313)
(13.425000000000123,3.429449)
(13.425000000000123,3.425586)
(13.433333333333456,1.900765)
(13.44166666666679,3.421726)
(13.450000000000124,1.897886)
(13.450000000000124,1.897886)
(13.456250000000123,1.897886)
(13.462500000000123,3.417868)
(13.468750000000124,3.414012)
(13.475000000000124,1.892133)
(13.475000000000124,3.410158)
(13.483333333333457,3.410158)
(13.491666666666791,1.88926)
(13.500000000000124,1.892133)
(13.500000000000124,3.410158)
(13.506250000000124,1.88926)
(13.512500000000124,1.88926)
(13.518750000000125,3.406307)
(13.525000000000125,3.406307)
(13.525000000000125,3.402457)
(13.531250000000124,1.883521)
(13.537500000000126,1.883521)
(13.543750000000125,3.402457)
(13.550000000000125,1.883521)
(13.550000000000125,1.883521)
(13.558333333333458,1.883521)
(13.566666666666793,1.883521)
(13.575000000000125,3.394765)
(13.575000000000125,3.390921)
(13.583333333333458,3.38708)
(13.591666666666793,3.38708)
(13.600000000000126,3.38708)
(13.600000000000126,3.383242)
(13.606250000000125,1.86921)
(13.612500000000125,1.8635)
(13.618750000000126,1.846425)
(13.625000000000126,1.854953)
(13.625000000000126,0.780593)
(13.630000000000127,1.829427)
(13.635000000000126,1.815322)
(13.640000000000127,3.254005)
(13.645000000000126,3.28419)
(13.650000000000126,3.223958)
(13.650000000000126,3.194049)
(13.656250000000126,3.164279)
(13.662500000000126,3.130951)
(13.668750000000127,3.094125)
(13.675000000000127,1.634208)
(13.675000000000127,3.028381)
(13.68333333333346,2.992158)
(13.691666666666794,1.557614)
(13.700000000000127,1.534214)
(13.700000000000127,1.51099)
(13.706250000000127,2.86001)
(13.712500000000126,1.462539)
(13.718750000000128,1.414871)
(13.725000000000128,2.793297)
(13.725000000000128,2.727364)
(13.73333333333346,2.692975)
(13.741666666666795,2.658802)
(13.750000000000128,1.319483)
(13.750000000000128,2.594469)
(13.750000000000128,1.274209)
(13.762500000000127,1.253037)
(13.775000000000128,2.501083)
(13.775000000000128,1.20892)
(13.775000000000128,2.438679)
(13.783333333333461,4.091448)
(13.791666666666796,2.370615)
(13.800000000000129,2.338539)
(13.800000000000129,1.096574)
(13.806250000000128,1.07693)
(13.812500000000128,1.057462)
(13.81875000000013,2.221739)
(13.825000000000129,2.190681)
(13.825000000000129,0.995933)
(13.833333333333462,0.977211)
(13.841666666666796,2.104869)
(13.85000000000013,2.074633)
(13.85000000000013,2.014813)
(13.856250000000129,1.985227)
(13.862500000000129,2.044614)
(13.86875000000013,0.858847)
(13.87500000000013,1.929613)
(13.87500000000013,1.900657)
(13.883333333333463,1.871918)
(13.891666666666797,1.843397)
(13.90000000000013,1.812273)
(13.90000000000013,0.746268)
(13.90625000000013,1.759133)
(13.91250000000013,1.73148)
(13.91875000000013,0.694674)
(13.92500000000013,0.679036)
(13.92500000000013,1.655207)
(13.933333333333463,0.646604)
(13.941666666666798,1.604421)
(13.95000000000013,1.578007)
(13.95000000000013,0.598625)
(13.95625000000013,1.528419)
(13.96250000000013,0.568188)
(13.968750000000131,1.479617)
(13.975000000000131,1.454247)
(13.975000000000131,1.429095)
(13.983333333333464,0.508189)
(13.991666666666799,1.381906)
(14.000000000000131,1.357385)
(14.000000000000131,1.333083)
(14.006250000000131,0.451523)
(14.01250000000013,0.43892)
(14.018750000000132,0.426495)
(14.025000000000132,1.245059)
(14.025000000000132,0.400847)
(14.031250000000131,0.022937)
(14.037500000000133,1.18271)
(14.043750000000133,0.365762)
(14.050000000000132,1.139788)
(14.050000000000132,0.342033)
(14.058333333333465,0.331069)
(14.0666666666668,1.077971)
(14.075000000000133,1.056308)
(14.075000000000133,0.296952)
(14.081250000000132,0.28674)
(14.087500000000134,0.276707)
(14.093750000000133,0.266851)
(14.100000000000133,0.959475)
(14.100000000000133,0.939036)
(14.108333333333466,0.236305)
(14.1166666666668,0.900805)
(14.125000000000133,0.217296)
(14.125000000000133,0.208569)
(14.131250000000133,0.845905)
(14.137500000000134,0.826714)
(14.143750000000134,0.172813)
(14.150000000000134,0.807741)
(14.150000000000134,0.165038)
(14.156250000000133,0.157441)
(14.162500000000133,0.737643)
(14.168750000000134,0.141198)
(14.175000000000134,0.134177)
(14.175000000000134,0.12067)
(14.183333333333467,0.127334)
(14.191666666666801,0.640111)
(14.200000000000134,0.657023)
(14.200000000000134,0.100412)
(14.206250000000134,0.088147)
(14.212500000000134,0.608582)
(14.218750000000135,0.561987)
(14.225000000000135,0.577846)
(14.225000000000135,0.546348)
(14.231250000000134,0.060713)
(14.237500000000136,0.065469)
(14.243750000000135,0.503728)
(14.250000000000135,0.488924)
(14.250000000000135,0.47434)
(14.258333333333468,0.459976)
(14.266666666666802,0.037961)
(14.275000000000135,0.034359)
(14.275000000000135,0.030937)
(14.281250000000135,0.40874)
(14.287500000000136,0.024301)
(14.293750000000136,0.383601)
(14.300000000000136,0.018464)
(14.300000000000136,0.015979)
(14.308333333333469,0.011321)
(14.316666666666803,0.348002)
(14.325000000000136,0.009394)
(14.325000000000136,0.007646)
(14.330000000000137,0.006078)
(14.335000000000136,0.00469)
(14.340000000000137,0.003481)
(14.345000000000136,0.273121)
(14.350000000000136,0.00152)
(14.350000000000136,0.00087)
(14.35833333333347,0.205307)
(14.366666666666804,0.000134)
(14.375000000000137,4e-06)
(14.375000000000137,5.4e-05)
(14.381250000000136,0.208233)
(14.387500000000138,0.001361)
(14.393750000000137,0.000751)
(14.400000000000137,0.182207)
(14.400000000000137,0.174209)
(14.40833333333347,0.168113)
(14.416666666666805,0.163824)
(14.425000000000137,0.004551)
(14.425000000000137,0.005137)
(14.431250000000137,0.160433)
(14.437500000000139,0.157913)
(14.443750000000138,0.005601)
(14.450000000000138,0.006084)
(14.450000000000138,0.00625)
(14.456250000000137,0.006588)
(14.462500000000137,0.00676)
(14.468750000000139,0.007111)
(14.475000000000138,0.00729)
(14.475000000000138,0.148032)
(14.483333333333471,0.149657)
(14.491666666666806,0.147223)
(14.500000000000139,0.00841)
(14.500000000000139,0.008605)
(14.506250000000138,0.144009)
(14.512500000000138,0.009202)
(14.51875000000014,0.009405)
(14.525000000000139,0.141622)
(14.525000000000139,0.140041)
(14.533333333333472,0.13847)
(14.541666666666806,0.010456)
(14.55000000000014,0.010672)
(14.55000000000014,0.010672)
(14.556250000000139,0.010891)
(14.562500000000139,0.010891)
(14.56875000000014,0.135353)
(14.57500000000014,0.133808)
(14.57500000000014,0.132271)
(14.583333333333472,0.130744)
(14.591666666666807,0.129984)
(14.60000000000014,0.12847)
(14.60000000000014,0.013693)
(14.60625000000014,0.126964)
(14.61250000000014,0.126215)
(14.61875000000014,0.124723)
(14.62500000000014,0.12324)
(14.62500000000014,0.015214)
(14.633333333333473,0.015214)
(14.641666666666808,0.015214)
(14.65000000000014,0.015475)
(14.65000000000014,0.015475)
(14.65625000000014,0.121765)
(14.66250000000014,0.1203)
(14.668750000000141,0.119571)
(14.675000000000141,0.118118)
(14.675000000000141,0.117396)
(14.683333333333474,0.116675)
(14.691666666666809,0.115957)
(14.700000000000141,0.115241)
(14.700000000000141,0.113815)
(14.706250000000141,0.113106)
(14.71250000000014,0.112398)
(14.718750000000142,0.112398)
(14.725000000000142,0.019661)
(14.725000000000142,0.019958)
(14.733333333333475,0.11029)
(14.74166666666681,0.020257)
(14.750000000000142,0.020257)
(14.750000000000142,0.108895)
(14.756250000000142,0.107509)
(14.762500000000141,0.106133)
(14.768750000000143,0.10682)
(14.775000000000142,0.105447)
(14.775000000000142,0.022414)
(14.783333333333475,0.104765)
(14.79166666666681,0.104084)
(14.800000000000143,0.104765)
(14.800000000000143,0.103405)
(14.806250000000142,0.102729)
(14.812500000000142,0.023695)
(14.818750000000144,0.023695)
(14.825000000000143,0.102055)
(14.825000000000143,0.100714)
(14.833333333333476,0.024679)
(14.84166666666681,0.101383)
(14.850000000000144,0.100046)
(14.850000000000144,0.098718)
(14.856250000000143,0.098057)
(14.862500000000143,0.097399)
(14.868750000000144,0.096088)
(14.875000000000144,0.026708)
(14.875000000000144,0.026708)
(14.881250000000144,0.096088)
(14.887500000000145,0.095436)
(14.893750000000145,0.093494)
(14.900000000000144,0.094786)
(14.900000000000144,0.092851)
(14.906250000000144,0.028816)
(14.912500000000144,0.091571)
(14.918750000000145,0.09221)
(14.925000000000145,0.090935)
(14.925000000000145,0.090301)
(14.933333333333477,0.090301)
(14.941666666666812,0.089039)
(14.950000000000145,0.030635)
(14.950000000000145,0.087163)
(14.956250000000145,0.088411)
(14.962500000000144,0.031753)
(14.968750000000146,0.087163)
(14.975000000000145,0.086542)
(14.975000000000145,0.085307)
(14.983333333333478,0.033275)
(14.991666666666813,0.033275)
(15.000000000000146,0.033275)
