(10.000000000000075,671.0)
(10.000000000000075,670.0)
(10.003125000000075,671.0)
(10.006250000000074,671.0)
(10.009375000000075,671.0)
(10.012500000000074,670.0)
(10.015625000000075,671.0)
(10.018750000000075,670.0)
(10.021875000000074,671.0)
(10.025000000000075,670.0)
(10.025000000000075,671.0)
(10.031250000000075,671.0)
(10.037500000000076,671.0)
(10.043750000000076,671.0)
(10.050000000000075,670.0)
(10.050000000000075,671.0)
(10.056250000000075,670.0)
(10.062500000000075,671.0)
(10.068750000000076,672.0)
(10.075000000000076,670.0)
(10.075000000000076,671.0)
(10.081250000000075,671.0)
(10.087500000000077,670.0)
(10.093750000000076,671.0)
(10.100000000000076,671.0)
(10.100000000000076,672.0)
(10.108333333333409,671.0)
(10.116666666666744,670.0)
(10.125000000000076,671.0)
(10.125000000000076,671.0)
(10.131250000000076,671.0)
(10.137500000000077,671.0)
(10.143750000000077,671.0)
(10.150000000000077,671.0)
(10.150000000000077,670.0)
(10.156250000000076,671.0)
(10.162500000000076,671.0)
(10.168750000000077,670.0)
(10.175000000000077,671.0)
(10.175000000000077,671.0)
(10.181250000000077,671.0)
(10.187500000000078,671.0)
(10.193750000000078,671.0)
(10.200000000000077,671.0)
(10.200000000000077,670.0)
(10.20833333333341,670.0)
(10.216666666666745,671.0)
(10.225000000000078,672.0)
(10.225000000000078,671.0)
(10.231250000000077,670.0)
(10.237500000000079,671.0)
(10.243750000000079,670.0)
(10.250000000000078,671.0)
(10.250000000000078,671.0)
(10.258333333333411,671.0)
(10.266666666666746,671.0)
(10.275000000000079,669.0)
(10.275000000000079,671.0)
(10.281250000000078,670.0)
(10.28750000000008,670.0)
(10.29375000000008,671.0)
(10.300000000000079,671.0)
(10.300000000000079,671.0)
(10.306250000000079,671.0)
(10.312500000000078,671.0)
(10.31875000000008,671.0)
(10.32500000000008,671.0)
(10.32500000000008,670.0)
(10.333333333333412,670.0)
(10.341666666666747,670.0)
(10.35000000000008,671.0)
(10.35000000000008,671.0)
(10.35000000000008,671.0)
(10.35000000000008,670.0)
(10.37500000000008,671.0)
(10.37500000000008,670.0)
(10.38125000000008,671.0)
(10.387500000000081,671.0)
(10.39375000000008,670.0)
(10.40000000000008,670.0)
(10.40000000000008,671.0)
(10.40625000000008,670.0)
(10.41250000000008,670.0)
(10.418750000000081,671.0)
(10.42500000000008,671.0)
(10.42500000000008,670.0)
(10.433333333333414,671.0)
(10.441666666666748,671.0)
(10.450000000000081,671.0)
(10.450000000000081,670.0)
(10.45625000000008,671.0)
(10.46250000000008,671.0)
(10.468750000000082,671.0)
(10.475000000000081,671.0)
(10.475000000000081,670.0)
(10.483333333333414,671.0)
(10.491666666666749,671.0)
(10.500000000000082,670.0)
(10.500000000000082,671.0)
(10.506250000000081,672.0)
(10.512500000000081,671.0)
(10.518750000000082,671.0)
(10.525000000000082,671.0)
(10.525000000000082,670.0)
(10.533333333333415,671.0)
(10.54166666666675,671.0)
(10.550000000000082,671.0)
(10.550000000000082,671.0)
(10.556250000000082,671.0)
(10.562500000000082,671.0)
(10.568750000000083,670.0)
(10.575000000000083,671.0)
(10.575000000000083,671.0)
(10.581250000000082,671.0)
(10.587500000000084,671.0)
(10.593750000000083,671.0)
(10.600000000000083,671.0)
(10.600000000000083,671.0)
(10.606250000000083,670.0)
(10.612500000000082,671.0)
(10.618750000000084,671.0)
(10.625000000000083,671.0)
(10.625000000000083,670.0)
(10.631250000000083,671.0)
(10.637500000000085,671.0)
(10.643750000000084,671.0)
(10.650000000000084,670.0)
(10.650000000000084,670.0)
(10.658333333333417,670.0)
(10.666666666666751,671.0)
(10.675000000000084,671.0)
(10.675000000000084,671.0)
(10.681250000000084,671.0)
(10.687500000000085,671.0)
(10.693750000000085,672.0)
(10.700000000000085,671.0)
(10.700000000000085,671.0)
(10.708333333333417,671.0)
(10.716666666666752,671.0)
(10.725000000000085,671.0)
(10.725000000000085,671.0)
(10.731250000000085,672.0)
(10.737500000000086,671.0)
(10.743750000000086,671.0)
(10.750000000000085,671.0)
(10.750000000000085,672.0)
(10.758333333333418,672.0)
(10.766666666666753,671.0)
(10.775000000000086,671.0)
(10.775000000000086,671.0)
(10.781250000000085,671.0)
(10.787500000000087,672.0)
(10.793750000000086,671.0)
(10.800000000000086,671.0)
(10.800000000000086,670.0)
(10.806250000000086,670.0)
(10.812500000000085,672.0)
(10.818750000000087,671.0)
(10.825000000000086,671.0)
(10.825000000000086,671.0)
(10.83333333333342,671.0)
(10.841666666666754,671.0)
(10.850000000000087,670.0)
(10.850000000000087,671.0)
(10.856250000000086,671.0)
(10.862500000000086,671.0)
(10.868750000000087,671.0)
(10.875000000000087,671.0)
(10.875000000000087,670.0)
(10.881250000000087,671.0)
(10.887500000000088,671.0)
(10.893750000000088,671.0)
(10.900000000000087,671.0)
(10.900000000000087,670.0)
(10.90833333333342,671.0)
(10.916666666666755,670.0)
(10.925000000000088,670.0)
(10.925000000000088,670.0)
(10.931250000000087,670.0)
(10.937500000000089,670.0)
(10.943750000000088,670.0)
(10.950000000000088,671.0)
(10.950000000000088,670.0)
(10.958333333333421,670.0)
(10.966666666666756,670.0)
(10.975000000000088,670.0)
(10.975000000000088,671.0)
(10.981250000000088,670.0)
(10.98750000000009,671.0)
(10.99375000000009,671.0)
(11.000000000000089,671.0)
(11.000000000000089,671.0)
(11.006250000000088,671.0)
(11.012500000000088,671.0)
(11.01875000000009,671.0)
(11.02500000000009,671.0)
(11.02500000000009,671.0)
(11.031250000000089,671.0)
(11.03750000000009,671.0)
(11.04375000000009,670.0)
(11.05000000000009,671.0)
(11.05000000000009,671.0)
(11.058333333333422,670.0)
(11.066666666666757,671.0)
(11.07500000000009,671.0)
(11.07500000000009,671.0)
(11.08000000000009,671.0)
(11.08500000000009,670.0)
(11.09000000000009,670.0)
(11.09500000000009,671.0)
(11.10000000000009,671.0)
(11.10000000000009,671.0)
(11.11250000000009,671.0)
(11.12500000000009,671.0)
(11.12500000000009,671.0)
(11.12500000000009,671.0)
(11.13125000000009,672.0)
(11.137500000000092,671.0)
(11.143750000000091,670.0)
(11.150000000000091,670.0)
(11.150000000000091,671.0)
(11.158333333333424,671.0)
(11.166666666666758,673.0)
(11.175000000000091,674.0)
(11.175000000000091,675.0)
(11.181250000000091,674.0)
(11.187500000000092,674.0)
(11.193750000000092,676.0)
(11.200000000000092,677.0)
(11.200000000000092,678.0)
(11.208333333333425,678.0)
(11.21666666666676,678.0)
(11.225000000000092,678.0)
(11.225000000000092,679.0)
(11.229166666666758,680.0)
(11.233333333333425,679.0)
(11.237500000000093,680.0)
(11.24166666666676,680.0)
(11.245833333333426,680.0)
(11.250000000000092,680.0)
(11.250000000000092,680.0)
(11.253125000000093,680.0)
(11.256250000000092,680.0)
(11.259375000000093,680.0)
(11.262500000000092,680.0)
(11.265625000000092,680.0)
(11.268750000000093,680.0)
(11.271875000000092,680.0)
(11.275000000000093,680.0)
(11.275000000000093,680.0)
(11.281250000000092,680.0)
(11.287500000000094,680.0)
(11.293750000000093,680.0)
(11.300000000000093,680.0)
(11.300000000000093,680.0)
(11.306250000000093,680.0)
(11.312500000000092,680.0)
(11.318750000000094,680.0)
(11.325000000000093,680.0)
(11.325000000000093,680.0)
(11.331250000000093,680.0)
(11.337500000000095,680.0)
(11.343750000000094,680.0)
(11.350000000000094,680.0)
(11.350000000000094,680.0)
(11.358333333333427,680.0)
(11.366666666666761,680.0)
(11.375000000000094,680.0)
(11.375000000000094,680.0)
(11.381250000000094,680.0)
(11.387500000000095,680.0)
(11.393750000000095,680.0)
(11.400000000000095,680.0)
(11.400000000000095,680.0)
(11.406250000000094,680.0)
(11.412500000000094,680.0)
(11.418750000000095,681.0)
(11.425000000000095,680.0)
(11.425000000000095,680.0)
(11.433333333333428,680.0)
(11.441666666666762,680.0)
(11.450000000000095,680.0)
(11.450000000000095,680.0)
(11.455000000000096,680.0)
(11.460000000000095,680.0)
(11.465000000000096,680.0)
(11.470000000000095,680.0)
(11.475000000000096,680.0)
(11.475000000000096,680.0)
(11.483333333333428,680.0)
(11.491666666666763,680.0)
(11.500000000000096,680.0)
(11.500000000000096,680.0)
(11.506250000000096,680.0)
(11.512500000000095,680.0)
(11.518750000000097,680.0)
(11.525000000000096,680.0)
(11.525000000000096,680.0)
(11.531250000000096,680.0)
(11.537500000000097,680.0)
(11.543750000000097,680.0)
(11.550000000000097,680.0)
(11.550000000000097,680.0)
(11.556250000000096,680.0)
(11.562500000000096,680.0)
(11.568750000000097,680.0)
(11.575000000000097,680.0)
(11.575000000000097,680.0)
(11.581250000000097,680.0)
(11.587500000000098,680.0)
(11.593750000000098,680.0)
(11.600000000000097,680.0)
(11.600000000000097,680.0)
(11.60833333333343,680.0)
(11.616666666666765,680.0)
(11.625000000000098,680.0)
(11.625000000000098,680.0)
(11.631250000000097,680.0)
(11.637500000000099,680.0)
(11.643750000000098,680.0)
(11.650000000000098,680.0)
(11.650000000000098,680.0)
(11.658333333333431,680.0)
(11.666666666666766,681.0)
(11.675000000000098,680.0)
(11.675000000000098,680.0)
(11.681250000000098,680.0)
(11.6875000000001,680.0)
(11.6937500000001,680.0)
(11.700000000000099,680.0)
(11.700000000000099,680.0)
(11.706250000000098,680.0)
(11.712500000000098,680.0)
(11.7187500000001,680.0)
(11.7250000000001,680.0)
(11.7250000000001,680.0)
(11.733333333333432,680.0)
(11.741666666666767,680.0)
(11.7500000000001,680.0)
(11.7500000000001,680.0)
(11.7562500000001,680.0)
(11.762500000000099,680.0)
(11.7687500000001,680.0)
(11.7750000000001,680.0)
(11.7750000000001,680.0)
(11.7812500000001,680.0)
(11.787500000000101,680.0)
(11.7937500000001,680.0)
(11.8000000000001,680.0)
(11.8000000000001,680.0)
(11.8250000000001,680.0)
(11.8250000000001,680.0)
(11.850000000000101,680.0)
(11.850000000000101,680.0)
(11.8562500000001,680.0)
(11.8625000000001,680.0)
(11.868750000000102,680.0)
(11.875000000000101,680.0)
(11.875000000000101,680.0)
(11.881250000000101,680.0)
(11.887500000000102,680.0)
(11.893750000000102,680.0)
(11.900000000000102,680.0)
(11.900000000000102,680.0)
(11.900000000000102,680.0)
(11.925000000000102,680.0)
(11.925000000000102,680.0)
(11.950000000000102,680.0)
(11.950000000000102,680.0)
(11.958333333333435,674.0)
(11.96666666666677,677.0)
(11.975000000000103,679.0)
(11.975000000000103,672.0)
(11.981250000000102,673.0)
(11.987500000000104,672.0)
(11.993750000000103,672.0)
(12.000000000000103,672.0)
(12.000000000000103,672.0)
(12.006250000000103,672.0)
(12.012500000000102,673.0)
(12.018750000000104,672.0)
(12.025000000000103,673.0)
(12.025000000000103,672.0)
(12.033333333333436,672.0)
(12.04166666666677,671.0)
(12.050000000000104,672.0)
(12.050000000000104,672.0)
(12.056250000000103,672.0)
(12.062500000000103,672.0)
(12.068750000000104,672.0)
(12.075000000000104,672.0)
(12.075000000000104,671.0)
(12.081250000000104,672.0)
(12.087500000000105,672.0)
(12.093750000000105,671.0)
(12.100000000000104,672.0)
(12.100000000000104,671.0)
(12.106250000000104,672.0)
(12.112500000000104,672.0)
(12.118750000000105,671.0)
(12.125000000000105,672.0)
(12.125000000000105,672.0)
(12.133333333333438,671.0)
(12.141666666666772,672.0)
(12.150000000000105,672.0)
(12.150000000000105,672.0)
(12.158333333333438,671.0)
(12.166666666666773,672.0)
(12.175000000000106,671.0)
(12.175000000000106,672.0)
(12.181250000000105,671.0)
(12.187500000000107,671.0)
(12.193750000000106,671.0)
(12.200000000000106,672.0)
(12.200000000000106,671.0)
(12.208333333333439,671.0)
(12.216666666666773,672.0)
(12.225000000000106,671.0)
(12.225000000000106,672.0)
(12.231250000000106,671.0)
(12.237500000000107,671.0)
(12.243750000000107,671.0)
(12.250000000000107,671.0)
(12.250000000000107,672.0)
(12.25833333333344,671.0)
(12.266666666666774,671.0)
(12.275000000000107,670.0)
(12.275000000000107,672.0)
(12.280000000000108,672.0)
(12.285000000000107,671.0)
(12.290000000000108,671.0)
(12.295000000000107,671.0)
(12.300000000000107,672.0)
(12.300000000000107,672.0)
(12.306250000000107,671.0)
(12.312500000000107,671.0)
(12.318750000000108,671.0)
(12.325000000000108,671.0)
(12.325000000000108,671.0)
(12.33333333333344,670.0)
(12.341666666666775,671.0)
(12.350000000000108,671.0)
(12.350000000000108,671.0)
(12.356250000000108,671.0)
(12.362500000000107,671.0)
(12.368750000000109,671.0)
(12.375000000000108,671.0)
(12.375000000000108,671.0)
(12.383333333333441,671.0)
(12.391666666666776,672.0)
(12.400000000000109,671.0)
(12.400000000000109,671.0)
(12.400000000000109,671.0)
(12.406250000000108,672.0)
(12.412500000000108,670.0)
(12.41875000000011,671.0)
(12.425000000000109,671.0)
(12.425000000000109,671.0)
(12.431250000000109,671.0)
(12.43750000000011,671.0)
(12.44375000000011,671.0)
(12.45000000000011,672.0)
(12.45000000000011,671.0)
(12.458333333333442,671.0)
(12.466666666666777,671.0)
(12.47500000000011,671.0)
(12.47500000000011,670.0)
(12.48125000000011,672.0)
(12.48750000000011,671.0)
(12.49375000000011,672.0)
(12.50000000000011,671.0)
(12.50000000000011,671.0)
(12.508333333333443,670.0)
(12.516666666666778,671.0)
(12.52500000000011,672.0)
(12.52500000000011,671.0)
(12.53125000000011,671.0)
(12.537500000000112,671.0)
(12.543750000000111,671.0)
(12.55000000000011,671.0)
(12.55000000000011,671.0)
(12.558333333333444,671.0)
(12.566666666666778,671.0)
(12.575000000000111,672.0)
(12.575000000000111,671.0)
(12.58125000000011,671.0)
(12.587500000000112,671.0)
(12.593750000000112,671.0)
(12.600000000000112,671.0)
(12.600000000000112,671.0)
(12.608333333333444,672.0)
(12.616666666666779,672.0)
(12.625000000000112,671.0)
(12.625000000000112,671.0)
(12.630000000000113,671.0)
(12.635000000000112,671.0)
(12.640000000000112,671.0)
(12.645000000000111,671.0)
(12.650000000000112,671.0)
(12.650000000000112,671.0)
(12.656250000000112,671.0)
(12.662500000000112,671.0)
(12.668750000000113,671.0)
(12.675000000000113,671.0)
(12.675000000000113,671.0)
(12.681250000000112,671.0)
(12.687500000000114,671.0)
(12.693750000000113,671.0)
(12.700000000000113,671.0)
(12.700000000000113,671.0)
(12.706250000000113,671.0)
(12.712500000000112,671.0)
(12.718750000000114,671.0)
(12.725000000000113,671.0)
(12.725000000000113,671.0)
(12.731250000000113,672.0)
(12.737500000000114,672.0)
(12.743750000000114,671.0)
(12.750000000000114,672.0)
(12.750000000000114,670.0)
(12.756250000000113,671.0)
(12.762500000000113,671.0)
(12.768750000000114,671.0)
(12.775000000000114,671.0)
(12.775000000000114,671.0)
(12.783333333333447,671.0)
(12.791666666666782,671.0)
(12.800000000000114,672.0)
(12.800000000000114,671.0)
(12.808333333333447,670.0)
(12.816666666666782,671.0)
(12.825000000000115,671.0)
(12.825000000000115,671.0)
(12.831250000000114,672.0)
(12.837500000000116,671.0)
(12.843750000000115,671.0)
(12.850000000000115,671.0)
(12.850000000000115,671.0)
(12.858333333333448,671.0)
(12.866666666666783,671.0)
(12.875000000000115,670.0)
(12.875000000000115,671.0)
(12.881250000000115,671.0)
(12.887500000000117,671.0)
(12.893750000000116,672.0)
(12.900000000000116,671.0)
(12.900000000000116,671.0)
(12.908333333333449,671.0)
(12.916666666666783,671.0)
(12.925000000000116,671.0)
(12.925000000000116,671.0)
(12.930000000000117,672.0)
(12.935000000000116,671.0)
(12.940000000000117,671.0)
(12.945000000000116,672.0)
(12.950000000000117,671.0)
(12.950000000000117,671.0)
(12.95833333333345,671.0)
(12.966666666666784,671.0)
(12.975000000000117,671.0)
(12.975000000000117,672.0)
(12.981250000000117,671.0)
(12.987500000000118,670.0)
(12.993750000000118,670.0)
(13.000000000000117,671.0)
(13.000000000000117,671.0)
(13.00833333333345,671.0)
(13.016666666666785,671.0)
(13.025000000000118,670.0)
(13.025000000000118,671.0)
(13.031250000000117,671.0)
(13.037500000000119,671.0)
(13.043750000000118,671.0)
(13.050000000000118,670.0)
(13.050000000000118,670.0)
(13.05833333333345,671.0)
(13.066666666666785,671.0)
(13.075000000000118,671.0)
(13.075000000000118,671.0)
(13.081250000000118,670.0)
(13.08750000000012,670.0)
(13.093750000000119,671.0)
(13.100000000000119,671.0)
(13.100000000000119,670.0)
(13.108333333333452,671.0)
(13.116666666666786,671.0)
(13.125000000000119,671.0)
(13.125000000000119,671.0)
(13.13000000000012,670.0)
(13.135000000000119,670.0)
(13.14000000000012,671.0)
(13.145000000000119,670.0)
(13.15000000000012,670.0)
(13.15000000000012,670.0)
(13.158333333333452,671.0)
(13.166666666666787,670.0)
(13.17500000000012,671.0)
(13.17500000000012,671.0)
(13.183333333333453,671.0)
(13.191666666666787,670.0)
(13.20000000000012,671.0)
(13.20000000000012,670.0)
(13.20625000000012,671.0)
(13.21250000000012,670.0)
(13.21875000000012,671.0)
(13.22500000000012,671.0)
(13.22500000000012,671.0)
(13.233333333333453,670.0)
(13.241666666666788,670.0)
(13.25000000000012,670.0)
(13.25000000000012,671.0)
(13.25625000000012,670.0)
(13.26250000000012,671.0)
(13.268750000000122,672.0)
(13.275000000000121,670.0)
(13.275000000000121,670.0)
(13.28125000000012,670.0)
(13.287500000000122,671.0)
(13.293750000000122,671.0)
(13.300000000000122,670.0)
(13.300000000000122,671.0)
(13.306250000000121,672.0)
(13.31250000000012,671.0)
(13.318750000000122,671.0)
(13.325000000000122,671.0)
(13.325000000000122,671.0)
(13.333333333333455,671.0)
(13.34166666666679,671.0)
(13.350000000000122,672.0)
(13.350000000000122,671.0)
(13.356250000000122,671.0)
(13.362500000000122,670.0)
(13.368750000000123,671.0)
(13.375000000000123,671.0)
(13.375000000000123,671.0)
(13.383333333333455,670.0)
(13.39166666666679,670.0)
(13.400000000000123,670.0)
(13.400000000000123,670.0)
(13.406250000000123,671.0)
(13.412500000000122,670.0)
(13.418750000000124,671.0)
(13.425000000000123,671.0)
(13.425000000000123,670.0)
(13.433333333333456,671.0)
(13.44166666666679,670.0)
(13.450000000000124,671.0)
(13.450000000000124,671.0)
(13.456250000000123,670.0)
(13.462500000000123,670.0)
(13.468750000000124,671.0)
(13.475000000000124,670.0)
(13.475000000000124,671.0)
(13.481250000000124,671.0)
(13.487500000000125,670.0)
(13.493750000000125,670.0)
(13.500000000000124,670.0)
(13.500000000000124,670.0)
(13.508333333333457,671.0)
(13.516666666666792,671.0)
(13.525000000000125,671.0)
(13.525000000000125,671.0)
(13.531250000000124,671.0)
(13.537500000000126,671.0)
(13.543750000000125,670.0)
(13.550000000000125,670.0)
(13.550000000000125,670.0)
(13.558333333333458,670.0)
(13.566666666666793,670.0)
(13.575000000000125,670.0)
(13.575000000000125,671.0)
(13.583333333333458,671.0)
(13.591666666666793,671.0)
(13.600000000000126,671.0)
(13.600000000000126,671.0)
(13.604166666666792,672.0)
(13.608333333333459,671.0)
(13.612500000000125,670.0)
(13.616666666666793,670.0)
(13.62083333333346,670.0)
(13.625000000000126,670.0)
(13.625000000000126,670.0)
(13.633333333333459,670.0)
(13.641666666666794,670.0)
(13.650000000000126,671.0)
(13.650000000000126,670.0)
(13.656250000000126,670.0)
(13.662500000000126,671.0)
(13.668750000000127,671.0)
(13.675000000000127,671.0)
(13.675000000000127,670.0)
(13.68333333333346,671.0)
(13.691666666666794,670.0)
(13.700000000000127,671.0)
(13.700000000000127,670.0)
(13.706250000000127,670.0)
(13.712500000000126,670.0)
(13.718750000000128,671.0)
(13.725000000000128,670.0)
(13.725000000000128,671.0)
(13.73333333333346,671.0)
(13.741666666666795,670.0)
(13.750000000000128,671.0)
(13.750000000000128,670.0)
(13.756250000000128,669.0)
(13.762500000000127,670.0)
(13.768750000000129,671.0)
(13.775000000000128,670.0)
(13.775000000000128,671.0)
(13.783333333333461,671.0)
(13.791666666666796,670.0)
(13.800000000000129,670.0)
(13.800000000000129,671.0)
(13.806250000000128,671.0)
(13.812500000000128,670.0)
(13.81875000000013,670.0)
(13.825000000000129,670.0)
(13.825000000000129,670.0)
(13.833333333333462,670.0)
(13.841666666666796,671.0)
(13.85000000000013,670.0)
(13.85000000000013,670.0)
(13.856250000000129,670.0)
(13.862500000000129,670.0)
(13.86875000000013,671.0)
(13.87500000000013,670.0)
(13.87500000000013,670.0)
(13.883333333333463,670.0)
(13.891666666666797,671.0)
(13.90000000000013,671.0)
(13.90000000000013,671.0)
(13.90625000000013,670.0)
(13.91250000000013,670.0)
(13.91875000000013,670.0)
(13.92500000000013,671.0)
(13.92500000000013,670.0)
(13.933333333333463,671.0)
(13.941666666666798,670.0)
(13.95000000000013,670.0)
(13.95000000000013,670.0)
(13.95625000000013,671.0)
(13.96250000000013,670.0)
(13.968750000000131,670.0)
(13.975000000000131,670.0)
(13.975000000000131,671.0)
(13.98125000000013,671.0)
(13.987500000000132,671.0)
(13.993750000000132,670.0)
(14.000000000000131,671.0)
(14.000000000000131,672.0)
(14.006250000000131,670.0)
(14.01250000000013,671.0)
(14.018750000000132,670.0)
(14.025000000000132,671.0)
(14.025000000000132,671.0)
(14.033333333333465,670.0)
(14.0416666666668,670.0)
(14.050000000000132,671.0)
(14.050000000000132,671.0)
(14.058333333333465,671.0)
(14.0666666666668,671.0)
(14.075000000000133,670.0)
(14.075000000000133,670.0)
(14.081250000000132,671.0)
(14.087500000000134,670.0)
(14.093750000000133,671.0)
(14.100000000000133,671.0)
(14.100000000000133,670.0)
(14.108333333333466,670.0)
(14.1166666666668,670.0)
(14.125000000000133,671.0)
(14.125000000000133,671.0)
(14.131250000000133,671.0)
(14.137500000000134,670.0)
(14.143750000000134,671.0)
(14.150000000000134,671.0)
(14.150000000000134,671.0)
(14.156250000000133,670.0)
(14.162500000000133,671.0)
(14.168750000000134,670.0)
(14.175000000000134,671.0)
(14.175000000000134,670.0)
(14.181250000000134,670.0)
(14.187500000000135,671.0)
(14.193750000000135,670.0)
(14.200000000000134,670.0)
(14.200000000000134,671.0)
(14.208333333333467,671.0)
(14.216666666666802,670.0)
(14.225000000000135,670.0)
(14.225000000000135,670.0)
(14.231250000000134,670.0)
(14.237500000000136,671.0)
(14.243750000000135,671.0)
(14.250000000000135,671.0)
(14.250000000000135,671.0)
(14.258333333333468,670.0)
(14.266666666666802,670.0)
(14.275000000000135,671.0)
(14.275000000000135,671.0)
(14.281250000000135,671.0)
(14.287500000000136,670.0)
(14.293750000000136,671.0)
(14.300000000000136,671.0)
(14.300000000000136,671.0)
(14.306250000000135,671.0)
(14.312500000000135,671.0)
(14.318750000000136,671.0)
(14.325000000000136,670.0)
(14.325000000000136,671.0)
(14.331250000000136,671.0)
(14.337500000000137,672.0)
(14.343750000000137,671.0)
(14.350000000000136,671.0)
(14.350000000000136,671.0)
(14.35833333333347,670.0)
(14.366666666666804,670.0)
(14.375000000000137,671.0)
(14.375000000000137,670.0)
(14.381250000000136,670.0)
(14.387500000000138,670.0)
(14.393750000000137,671.0)
(14.400000000000137,671.0)
(14.400000000000137,670.0)
(14.40833333333347,671.0)
(14.416666666666805,670.0)
(14.425000000000137,671.0)
(14.425000000000137,671.0)
(14.431250000000137,671.0)
(14.437500000000139,671.0)
(14.443750000000138,671.0)
(14.450000000000138,671.0)
(14.450000000000138,670.0)
(14.456250000000137,670.0)
(14.462500000000137,670.0)
(14.468750000000139,671.0)
(14.475000000000138,671.0)
(14.475000000000138,670.0)
(14.483333333333471,671.0)
(14.491666666666806,671.0)
(14.500000000000139,670.0)
(14.500000000000139,670.0)
(14.506250000000138,670.0)
(14.512500000000138,671.0)
(14.51875000000014,671.0)
(14.525000000000139,671.0)
(14.525000000000139,671.0)
(14.533333333333472,671.0)
(14.541666666666806,670.0)
(14.55000000000014,670.0)
(14.55000000000014,670.0)
(14.556250000000139,670.0)
(14.562500000000139,670.0)
(14.56875000000014,670.0)
(14.57500000000014,671.0)
(14.57500000000014,670.0)
(14.583333333333472,670.0)
(14.591666666666807,670.0)
(14.60000000000014,670.0)
(14.60000000000014,671.0)
(14.60625000000014,671.0)
(14.61250000000014,671.0)
(14.61875000000014,671.0)
(14.62500000000014,671.0)
(14.62500000000014,670.0)
(14.633333333333473,670.0)
(14.641666666666808,670.0)
(14.65000000000014,670.0)
(14.65000000000014,670.0)
(14.65625000000014,670.0)
(14.66250000000014,670.0)
(14.668750000000141,670.0)
(14.675000000000141,670.0)
(14.675000000000141,670.0)
(14.683333333333474,670.0)
(14.691666666666809,670.0)
(14.700000000000141,671.0)
(14.700000000000141,671.0)
(14.706250000000141,670.0)
(14.71250000000014,671.0)
(14.718750000000142,671.0)
(14.725000000000142,670.0)
(14.725000000000142,670.0)
(14.733333333333475,670.0)
(14.74166666666681,670.0)
(14.750000000000142,670.0)
(14.750000000000142,671.0)
(14.756250000000142,670.0)
(14.762500000000141,670.0)
(14.768750000000143,670.0)
(14.775000000000142,670.0)
(14.775000000000142,670.0)
(14.783333333333475,671.0)
(14.79166666666681,671.0)
(14.800000000000143,670.0)
(14.800000000000143,670.0)
(14.806250000000142,670.0)
(14.812500000000142,671.0)
(14.818750000000144,670.0)
(14.825000000000143,670.0)
(14.825000000000143,670.0)
(14.831250000000143,670.0)
(14.837500000000144,670.0)
(14.843750000000144,671.0)
(14.850000000000144,671.0)
(14.850000000000144,670.0)
(14.858333333333476,670.0)
(14.866666666666811,670.0)
(14.875000000000144,670.0)
(14.875000000000144,670.0)
(14.881250000000144,670.0)
(14.887500000000145,670.0)
(14.893750000000145,671.0)
(14.900000000000144,670.0)
(14.900000000000144,670.0)
(14.906250000000144,670.0)
(14.912500000000144,671.0)
(14.918750000000145,670.0)
(14.925000000000145,670.0)
(14.925000000000145,671.0)
(14.933333333333477,670.0)
(14.941666666666812,670.0)
(14.950000000000145,670.0)
(14.950000000000145,670.0)
(14.953125000000146,671.0)
(14.956250000000145,671.0)
(14.959375000000145,671.0)
(14.962500000000144,670.0)
(14.965625000000145,670.0)
(14.968750000000146,671.0)
(14.971875000000145,670.0)
(14.975000000000145,670.0)
(14.975000000000145,671.0)
(14.978571428571573,671.0)
(14.982142857143003,670.0)
(14.985714285714431,670.0)
(14.98928571428586,671.0)
(14.992857142857288,670.0)
(14.996428571428718,671.0)
(15.000000000000146,671.0)
