(5.0000000000000036,687.0)
(5.0000000000000036,687.0)
(5.001315789473688,687.0)
(5.002631578947372,688.0)
(5.0039473684210565,687.0)
(5.00526315789474,687.0)
(5.006578947368425,687.0)
(5.0078947368421085,687.0)
(5.009210526315793,687.0)
(5.010526315789478,687.0)
(5.011842105263161,687.0)
(5.013157894736846,687.0)
(5.01447368421053,688.0)
(5.015789473684214,686.0)
(5.017105263157899,687.0)
(5.018421052631583,688.0)
(5.019736842105267,687.0)
(5.021052631578951,686.0)
(5.022368421052636,687.0)
(5.023684210526319,688.0)
(5.025000000000004,687.0)
(5.025000000000004,688.0)
(5.026250000000004,687.0)
(5.027500000000004,686.0)
(5.028750000000004,687.0)
(5.030000000000004,688.0)
(5.0312500000000036,687.0)
(5.032500000000004,687.0)
(5.033750000000004,686.0)
(5.035000000000004,688.0)
(5.036250000000004,688.0)
(5.037500000000004,686.0)
(5.038750000000004,687.0)
(5.0400000000000045,686.0)
(5.041250000000004,687.0)
(5.042500000000004,687.0)
(5.043750000000005,686.0)
(5.045000000000004,687.0)
(5.046250000000004,687.0)
(5.047500000000004,686.0)
(5.0487500000000045,686.0)
(5.050000000000004,687.0)
(5.050000000000004,686.0)
(5.075000000000005,686.0)
(5.075000000000005,686.0)
(5.076923076923082,686.0)
(5.0788461538461585,687.0)
(5.080769230769236,686.0)
(5.082692307692312,686.0)
(5.08461538461539,686.0)
(5.086538461538466,687.0)
(5.0884615384615435,687.0)
(5.09038461538462,687.0)
(5.092307692307697,686.0)
(5.094230769230774,687.0)
(5.096153846153851,687.0)
(5.098076923076928,686.0)
(5.100000000000005,687.0)
(5.100000000000005,687.0)
(5.125000000000005,687.0)
(5.125000000000005,686.0)
(5.125000000000005,686.0)
(5.1270833333333385,688.0)
(5.129166666666672,686.0)
(5.131250000000005,686.0)
(5.133333333333339,688.0)
(5.135416666666672,687.0)
(5.1375000000000055,686.0)
(5.139583333333339,687.0)
(5.141666666666672,686.0)
(5.143750000000006,688.0)
(5.145833333333339,687.0)
(5.1479166666666725,685.0)
(5.150000000000006,687.0)
(5.150000000000006,688.0)
(5.151041666666672,687.0)
(5.152083333333339,687.0)
(5.1531250000000055,687.0)
(5.154166666666672,686.0)
(5.155208333333339,687.0)
(5.156250000000005,686.0)
(5.157291666666673,686.0)
(5.158333333333339,687.0)
(5.159375000000006,687.0)
(5.160416666666673,688.0)
(5.161458333333339,686.0)
(5.162500000000006,687.0)
(5.1635416666666725,687.0)
(5.164583333333339,687.0)
(5.165625000000006,687.0)
(5.166666666666672,686.0)
(5.167708333333339,687.0)
(5.168750000000006,688.0)
(5.169791666666673,686.0)
(5.17083333333334,685.0)
(5.171875000000006,687.0)
(5.172916666666673,687.0)
(5.173958333333339,686.0)
(5.175000000000006,687.0)
(5.175000000000006,686.0)
(5.200000000000006,686.0)
(5.200000000000006,687.0)
(5.201041666666673,686.0)
(5.20208333333334,686.0)
(5.203125000000006,686.0)
(5.204166666666673,686.0)
(5.205208333333339,687.0)
(5.206250000000006,687.0)
(5.2072916666666735,687.0)
(5.20833333333334,686.0)
(5.209375000000007,687.0)
(5.210416666666673,686.0)
(5.21145833333334,687.0)
(5.212500000000007,687.0)
(5.213541666666673,686.0)
(5.21458333333334,687.0)
(5.215625000000006,686.0)
(5.216666666666673,686.0)
(5.21770833333334,686.0)
(5.218750000000007,686.0)
(5.219791666666674,687.0)
(5.22083333333334,687.0)
(5.221875000000007,687.0)
(5.2229166666666735,686.0)
(5.22395833333334,687.0)
(5.225000000000007,687.0)
(5.225000000000007,687.0)
(5.225000000000007,686.0)
(5.226315789473691,687.0)
(5.227631578947375,687.0)
(5.22894736842106,687.0)
(5.230263157894743,688.0)
(5.231578947368428,687.0)
(5.232894736842112,686.0)
(5.234210526315796,686.0)
(5.235526315789481,688.0)
(5.236842105263165,687.0)
(5.238157894736849,688.0)
(5.239473684210533,686.0)
(5.2407894736842175,687.0)
(5.242105263157902,686.0)
(5.243421052631586,687.0)
(5.2447368421052705,687.0)
(5.246052631578954,687.0)
(5.247368421052639,687.0)
(5.2486842105263225,687.0)
(5.250000000000007,686.0)
(5.250000000000007,687.0)
(5.251315789473692,687.0)
(5.252631578947375,686.0)
(5.25394736842106,687.0)
(5.255263157894744,687.0)
(5.256578947368428,687.0)
(5.257894736842112,687.0)
(5.259210526315797,687.0)
(5.260526315789481,687.0)
(5.261842105263165,687.0)
(5.26315789473685,687.0)
(5.264473684210533,687.0)
(5.265789473684218,688.0)
(5.2671052631579025,687.0)
(5.268421052631586,687.0)
(5.269736842105271,687.0)
(5.2710526315789545,686.0)
(5.272368421052639,686.0)
(5.273684210526323,687.0)
(5.2750000000000075,687.0)
(5.2750000000000075,687.0)
(5.287500000000008,686.0)
(5.300000000000008,686.0)
(5.300000000000008,687.0)
(5.301136363636371,687.0)
(5.302272727272735,687.0)
(5.303409090909099,686.0)
(5.304545454545463,686.0)
(5.305681818181826,686.0)
(5.30681818181819,687.0)
(5.307954545454553,686.0)
(5.309090909090917,687.0)
(5.310227272727281,686.0)
(5.3113636363636445,687.0)
(5.312500000000008,686.0)
(5.3136363636363715,686.0)
(5.314772727272735,687.0)
(5.315909090909099,686.0)
(5.317045454545463,686.0)
(5.318181818181826,686.0)
(5.31931818181819,687.0)
(5.320454545454553,686.0)
(5.321590909090917,687.0)
(5.322727272727281,686.0)
(5.323863636363645,687.0)
(5.325000000000008,687.0)
(5.325000000000008,687.0)
(5.325862068965526,687.0)
(5.326724137931043,687.0)
(5.32758620689656,686.0)
(5.328448275862077,687.0)
(5.3293103448275945,687.0)
(5.330172413793112,687.0)
(5.331034482758629,687.0)
(5.331896551724146,687.0)
(5.332758620689663,687.0)
(5.333620689655181,687.0)
(5.334482758620698,687.0)
(5.335344827586216,688.0)
(5.336206896551732,687.0)
(5.33706896551725,688.0)
(5.337931034482767,688.0)
(5.3387931034482845,686.0)
(5.339655172413801,686.0)
(5.3405172413793185,687.0)
(5.341379310344836,688.0)
(5.342241379310353,687.0)
(5.343103448275871,687.0)
(5.343965517241387,687.0)
(5.344827586206905,687.0)
(5.345689655172422,686.0)
(5.34655172413794,687.0)
(5.347413793103457,687.0)
(5.348275862068974,688.0)
(5.349137931034491,685.0)
(5.3500000000000085,687.0)
(5.3500000000000085,688.0)
(5.351470588235303,688.0)
(5.352941176470597,688.0)
(5.354411764705891,686.0)
(5.355882352941185,688.0)
(5.3573529411764795,686.0)
(5.358823529411773,687.0)
(5.360294117647068,687.0)
(5.361764705882361,688.0)
(5.363235294117656,687.0)
(5.36470588235295,686.0)
(5.366176470588244,687.0)
(5.367647058823538,688.0)
(5.369117647058832,688.0)
(5.370588235294126,687.0)
(5.372058823529421,687.0)
(5.373529411764714,686.0)
(5.375000000000009,686.0)
(5.375000000000009,686.0)
(5.377272727272736,687.0)
(5.379545454545464,687.0)
(5.381818181818191,686.0)
(5.384090909090918,687.0)
(5.386363636363646,686.0)
(5.3886363636363726,686.0)
(5.3909090909091,688.0)
(5.393181818181827,688.0)
(5.395454545454554,686.0)
(5.397727272727282,687.0)
(5.400000000000009,687.0)
(5.400000000000009,687.0)
(5.401388888888898,688.0)
(5.4027777777777874,686.0)
(5.404166666666676,687.0)
(5.405555555555565,686.0)
(5.406944444444454,686.0)
(5.408333333333343,686.0)
(5.409722222222231,687.0)
(5.41111111111112,686.0)
(5.412500000000009,686.0)
(5.4138888888888985,686.0)
(5.415277777777788,687.0)
(5.416666666666676,687.0)
(5.418055555555565,687.0)
(5.419444444444454,686.0)
(5.420833333333343,687.0)
(5.422222222222231,687.0)
(5.4236111111111205,687.0)
(5.42500000000001,686.0)
(5.42500000000001,686.0)
(5.4257575757575855,686.0)
(5.4265151515151615,687.0)
(5.427272727272737,687.0)
(5.4280303030303125,687.0)
(5.4287878787878885,687.0)
(5.4295454545454644,687.0)
(5.43030303030304,687.0)
(5.4310606060606155,688.0)
(5.431818181818191,687.0)
(5.432575757575767,687.0)
(5.433333333333343,686.0)
(5.434090909090918,686.0)
(5.434848484848494,688.0)
(5.43560606060607,686.0)
(5.436363636363646,687.0)
(5.437121212121222,687.0)
(5.437878787878797,686.0)
(5.438636363636373,688.0)
(5.439393939393949,686.0)
(5.440151515151525,688.0)
(5.440909090909101,686.0)
(5.441666666666676,687.0)
(5.442424242424252,686.0)
(5.443181818181828,687.0)
(5.443939393939404,686.0)
(5.444696969696979,687.0)
(5.445454545454555,686.0)
(5.446212121212131,686.0)
(5.446969696969707,686.0)
(5.447727272727283,688.0)
(5.448484848484858,686.0)
(5.449242424242434,688.0)
(5.45000000000001,687.0)
(5.45000000000001,688.0)
(5.451388888888899,688.0)
(5.452777777777788,687.0)
(5.454166666666676,687.0)
(5.4555555555555655,688.0)
(5.456944444444455,687.0)
(5.458333333333344,688.0)
(5.459722222222232,688.0)
(5.461111111111121,688.0)
(5.46250000000001,688.0)
(5.463888888888899,688.0)
(5.465277777777788,688.0)
(5.4666666666666766,689.0)
(5.468055555555566,688.0)
(5.469444444444455,690.0)
(5.470833333333344,689.0)
(5.472222222222232,688.0)
(5.473611111111121,687.0)
(5.47500000000001,688.0)
(5.47500000000001,688.0)
(5.47500000000001,689.0)
(5.47500000000001,690.0)
(5.476785714285724,688.0)
(5.478571428571439,689.0)
(5.480357142857153,687.0)
(5.482142857142867,688.0)
(5.4839285714285815,687.0)
(5.485714285714296,688.0)
(5.4875000000000105,687.0)
(5.4892857142857245,688.0)
(5.4910714285714395,688.0)
(5.4928571428571535,688.0)
(5.494642857142868,688.0)
(5.496428571428582,688.0)
(5.498214285714297,688.0)
(5.500000000000011,688.0)
(5.500000000000011,688.0)
(5.501190476190487,688.0)
(5.502380952380963,688.0)
(5.50357142857144,689.0)
(5.504761904761915,688.0)
(5.505952380952392,688.0)
(5.507142857142868,688.0)
(5.508333333333344,689.0)
(5.50952380952382,688.0)
(5.510714285714297,689.0)
(5.5119047619047725,690.0)
(5.513095238095249,690.0)
(5.514285714285725,690.0)
(5.5154761904762015,689.0)
(5.516666666666677,690.0)
(5.517857142857154,689.0)
(5.51904761904763,690.0)
(5.520238095238106,691.0)
(5.521428571428582,691.0)
(5.522619047619059,691.0)
(5.523809523809534,691.0)
(5.525000000000011,691.0)
(5.525000000000011,691.0)
(5.5263888888889,691.0)
(5.527777777777789,690.0)
(5.529166666666677,691.0)
(5.5305555555555665,691.0)
(5.531944444444456,690.0)
(5.533333333333345,691.0)
(5.534722222222233,690.0)
(5.536111111111122,691.0)
(5.537500000000011,690.0)
(5.5388888888889,691.0)
(5.540277777777789,691.0)
(5.541666666666678,691.0)
(5.543055555555567,691.0)
(5.544444444444456,691.0)
(5.545833333333345,691.0)
(5.547222222222233,691.0)
(5.548611111111122,691.0)
(5.550000000000011,691.0)
(5.550000000000011,690.0)
(5.55108695652175,691.0)
(5.5521739130434895,691.0)
(5.553260869565229,691.0)
(5.554347826086968,691.0)
(5.555434782608707,692.0)
(5.556521739130447,689.0)
(5.557608695652186,691.0)
(5.558695652173925,691.0)
(5.559782608695664,692.0)
(5.560869565217403,692.0)
(5.561956521739142,691.0)
(5.563043478260881,691.0)
(5.56413043478262,691.0)
(5.565217391304359,691.0)
(5.566304347826098,692.0)
(5.567391304347837,691.0)
(5.568478260869576,691.0)
(5.569565217391316,691.0)
(5.5706521739130554,691.0)
(5.5717391304347945,690.0)
(5.572826086956534,692.0)
(5.573913043478273,691.0)
(5.575000000000012,691.0)
(5.575000000000012,690.0)
(5.576470588235306,691.0)
(5.5779411764706,690.0)
(5.5794117647058945,690.0)
(5.580882352941188,690.0)
(5.582352941176483,691.0)
(5.583823529411776,690.0)
(5.585294117647071,690.0)
(5.586764705882365,691.0)
(5.588235294117659,691.0)
(5.589705882352953,691.0)
(5.591176470588247,691.0)
(5.592647058823541,691.0)
(5.594117647058836,690.0)
(5.595588235294129,690.0)
(5.597058823529424,692.0)
(5.5985294117647175,691.0)
(5.600000000000012,691.0)
(5.600000000000012,690.0)
(5.601470588235307,691.0)
(5.6029411764706,691.0)
(5.604411764705895,691.0)
(5.6058823529411885,691.0)
(5.607352941176483,691.0)
(5.608823529411777,691.0)
(5.610294117647071,691.0)
(5.611764705882365,691.0)
(5.6132352941176595,691.0)
(5.614705882352953,691.0)
(5.616176470588248,690.0)
(5.617647058823541,690.0)
(5.619117647058836,691.0)
(5.62058823529413,691.0)
(5.622058823529424,692.0)
(5.623529411764718,691.0)
(5.625000000000012,691.0)
(5.625000000000012,691.0)
(5.626562500000013,691.0)
(5.628125000000012,691.0)
(5.629687500000013,691.0)
(5.631250000000012,690.0)
(5.632812500000012,691.0)
(5.634375000000013,691.0)
(5.635937500000012,691.0)
(5.637500000000013,691.0)
(5.639062500000013,690.0)
(5.640625000000012,690.0)
(5.642187500000013,690.0)
(5.643750000000013,691.0)
(5.645312500000013,689.0)
(5.646875000000013,690.0)
(5.648437500000012,689.0)
(5.650000000000013,691.0)
(5.650000000000013,691.0)
(5.651388888888902,692.0)
(5.652777777777791,690.0)
(5.654166666666679,691.0)
(5.655555555555568,691.0)
(5.656944444444457,692.0)
(5.6583333333333465,689.0)
(5.659722222222235,690.0)
(5.661111111111124,691.0)
(5.662500000000013,690.0)
(5.663888888888902,690.0)
(5.665277777777791,691.0)
(5.666666666666679,690.0)
(5.6680555555555685,690.0)
(5.669444444444458,691.0)
(5.670833333333347,691.0)
(5.672222222222235,691.0)
(5.673611111111124,691.0)
(5.675000000000013,692.0)
(5.675000000000013,691.0)
(5.6765625000000135,691.0)
(5.678125000000013,691.0)
(5.679687500000013,691.0)
(5.681250000000013,691.0)
(5.682812500000013,691.0)
(5.6843750000000135,691.0)
(5.685937500000013,691.0)
(5.687500000000013,691.0)
(5.689062500000014,691.0)
(5.690625000000013,691.0)
(5.6921875000000135,690.0)
(5.693750000000014,690.0)
(5.695312500000013,692.0)
(5.696875000000014,693.0)
(5.698437500000013,692.0)
(5.7000000000000135,691.0)
(5.7000000000000135,690.0)
(5.701562500000014,691.0)
(5.703125000000013,691.0)
(5.704687500000014,691.0)
(5.706250000000013,691.0)
(5.7078125000000135,690.0)
(5.709375000000014,692.0)
(5.710937500000013,691.0)
(5.712500000000014,691.0)
(5.714062500000014,691.0)
(5.7156250000000135,690.0)
(5.717187500000014,691.0)
(5.718750000000014,691.0)
(5.720312500000014,691.0)
(5.721875000000014,691.0)
(5.7234375000000135,690.0)
(5.725000000000014,692.0)
(5.725000000000014,691.0)
(5.7261904761904905,691.0)
(5.727380952380966,691.0)
(5.728571428571443,691.0)
(5.729761904761919,691.0)
(5.730952380952395,691.0)
(5.732142857142871,691.0)
(5.733333333333348,691.0)
(5.734523809523823,691.0)
(5.7357142857143,690.0)
(5.736904761904776,692.0)
(5.738095238095252,690.0)
(5.739285714285728,691.0)
(5.740476190476205,691.0)
(5.7416666666666805,690.0)
(5.742857142857157,691.0)
(5.744047619047633,689.0)
(5.7452380952381095,690.0)
(5.746428571428585,691.0)
(5.747619047619062,692.0)
(5.748809523809538,692.0)
(5.750000000000014,692.0)
(5.750000000000014,692.0)
(5.751315789473699,693.0)
(5.7526315789473825,694.0)
(5.753947368421067,692.0)
(5.755263157894751,693.0)
(5.7565789473684355,693.0)
(5.757894736842119,693.0)
(5.759210526315804,693.0)
(5.760526315789488,693.0)
(5.761842105263172,693.0)
(5.763157894736857,694.0)
(5.76447368421054,694.0)
(5.765789473684225,694.0)
(5.76710526315791,694.0)
(5.768421052631593,694.0)
(5.769736842105278,695.0)
(5.771052631578962,693.0)
(5.772368421052646,694.0)
(5.77368421052633,695.0)
(5.775000000000015,694.0)
(5.775000000000015,695.0)
(5.775000000000015,696.0)
(5.775000000000015,696.0)
(5.776785714285729,695.0)
(5.778571428571444,697.0)
(5.780357142857158,696.0)
(5.782142857142872,696.0)
(5.783928571428586,696.0)
(5.785714285714301,698.0)
(5.787500000000015,697.0)
(5.789285714285729,698.0)
(5.791071428571444,699.0)
(5.792857142857158,697.0)
(5.794642857142872,699.0)
(5.796428571428586,698.0)
(5.798214285714301,698.0)
(5.800000000000015,699.0)
(5.800000000000015,697.0)
(5.801250000000015,699.0)
(5.802500000000015,699.0)
(5.803750000000015,700.0)
(5.805000000000015,699.0)
(5.806250000000015,699.0)
(5.807500000000015,699.0)
(5.808750000000015,700.0)
(5.810000000000015,700.0)
(5.811250000000015,699.0)
(5.812500000000015,699.0)
(5.813750000000015,700.0)
(5.8150000000000155,700.0)
(5.816250000000015,699.0)
(5.817500000000015,699.0)
(5.818750000000016,700.0)
(5.820000000000015,699.0)
(5.821250000000015,700.0)
(5.822500000000015,700.0)
(5.8237500000000155,700.0)
(5.825000000000015,700.0)
(5.825000000000015,699.0)
(5.8263157894737,700.0)
(5.827631578947384,699.0)
(5.828947368421068,700.0)
(5.830263157894752,699.0)
(5.8315789473684365,700.0)
(5.83289473684212,699.0)
(5.834210526315805,700.0)
(5.835526315789489,699.0)
(5.836842105263173,700.0)
(5.838157894736858,699.0)
(5.8394736842105415,699.0)
(5.840789473684226,700.0)
(5.842105263157911,700.0)
(5.843421052631594,699.0)
(5.844736842105279,699.0)
(5.846052631578963,699.0)
(5.847368421052647,700.0)
(5.848684210526331,699.0)
(5.850000000000016,699.0)
(5.850000000000016,700.0)
(5.8513157894737,700.0)
(5.852631578947384,701.0)
(5.8539473684210686,699.0)
(5.855263157894752,700.0)
(5.856578947368437,699.0)
(5.857894736842121,699.0)
(5.859210526315805,699.0)
(5.86052631578949,700.0)
(5.8618421052631735,699.0)
(5.863157894736858,700.0)
(5.864473684210542,700.0)
(5.865789473684226,700.0)
(5.867105263157911,700.0)
(5.868421052631595,700.0)
(5.869736842105279,699.0)
(5.871052631578963,700.0)
(5.872368421052648,699.0)
(5.873684210526331,700.0)
(5.875000000000016,700.0)
(5.875000000000016,700.0)
(5.876190476190493,699.0)
(5.877380952380968,700.0)
(5.878571428571445,699.0)
(5.879761904761921,700.0)
(5.880952380952397,700.0)
(5.882142857142873,700.0)
(5.88333333333335,700.0)
(5.8845238095238255,700.0)
(5.885714285714302,700.0)
(5.886904761904778,700.0)
(5.8880952380952545,699.0)
(5.88928571428573,700.0)
(5.890476190476207,700.0)
(5.891666666666683,699.0)
(5.892857142857159,700.0)
(5.894047619047635,699.0)
(5.895238095238112,700.0)
(5.896428571428587,699.0)
(5.897619047619064,699.0)
(5.89880952380954,700.0)
(5.900000000000016,699.0)
(5.900000000000016,700.0)
(5.900961538461555,699.0)
(5.901923076923094,699.0)
(5.9028846153846315,700.0)
(5.90384615384617,699.0)
(5.904807692307709,700.0)
(5.9057692307692475,700.0)
(5.906730769230785,700.0)
(5.907692307692324,700.0)
(5.908653846153863,700.0)
(5.909615384615401,700.0)
(5.910576923076939,700.0)
(5.911538461538478,700.0)
(5.9125000000000165,699.0)
(5.913461538461555,699.0)
(5.914423076923094,699.0)
(5.915384615384632,700.0)
(5.91634615384617,700.0)
(5.917307692307709,700.0)
(5.918269230769248,700.0)
(5.9192307692307855,699.0)
(5.920192307692324,700.0)
(5.921153846153863,700.0)
(5.9221153846154015,700.0)
(5.923076923076939,700.0)
(5.924038461538478,700.0)
(5.925000000000017,699.0)
(5.925000000000017,700.0)
(5.925000000000017,699.0)
(5.937500000000017,700.0)
(5.950000000000017,700.0)
(5.950000000000017,699.0)
(5.9507142857143025,700.0)
(5.951428571428589,699.0)
(5.952142857142874,699.0)
(5.95285714285716,700.0)
(5.953571428571446,699.0)
(5.9542857142857315,700.0)
(5.955000000000017,700.0)
(5.955714285714303,700.0)
(5.956428571428589,699.0)
(5.957142857142874,700.0)
(5.95785714285716,699.0)
(5.958571428571446,699.0)
(5.959285714285731,700.0)
(5.960000000000017,699.0)
(5.960714285714303,700.0)
(5.961428571428589,699.0)
(5.962142857142874,700.0)
(5.96285714285716,700.0)
(5.963571428571446,700.0)
(5.964285714285731,700.0)
(5.965000000000018,699.0)
(5.965714285714303,700.0)
(5.9664285714285885,700.0)
(5.967142857142875,700.0)
(5.96785714285716,699.0)
(5.968571428571446,700.0)
(5.969285714285731,699.0)
(5.9700000000000175,700.0)
(5.970714285714303,700.0)
(5.971428571428588,700.0)
(5.972142857142875,699.0)
(5.97285714285716,700.0)
(5.973571428571446,700.0)
(5.974285714285732,700.0)
(5.975000000000017,700.0)
(5.975000000000017,699.0)
(5.976315789473702,700.0)
(5.977631578947386,700.0)
(5.97894736842107,699.0)
(5.980263157894754,699.0)
(5.981578947368439,700.0)
(5.982894736842122,699.0)
(5.984210526315807,699.0)
(5.985526315789492,700.0)
(5.986842105263175,699.0)
(5.98815789473686,699.0)
(5.989473684210544,700.0)
(5.990789473684228,700.0)
(5.992105263157913,700.0)
(5.9934210526315965,700.0)
(5.994736842105281,700.0)
(5.996052631578965,699.0)
(5.9973684210526494,700.0)
(5.998684210526333,700.0)
(6.000000000000018,700.0)
(6.000000000000018,700.0)
(6.002777777777796,699.0)
(6.005555555555573,699.0)
(6.0083333333333515,699.0)
(6.011111111111129,700.0)
(6.013888888888907,699.0)
(6.016666666666684,700.0)
(6.019444444444463,700.0)
(6.02222222222224,700.0)
(6.025000000000018,700.0)
(6.025000000000018,700.0)
(6.025000000000018,700.0)
(6.0291666666666845,700.0)
(6.033333333333352,699.0)
(6.037500000000018,699.0)
(6.041666666666685,701.0)
(6.045833333333352,700.0)
(6.0500000000000185,699.0)
(6.0500000000000185,700.0)
(6.051250000000018,700.0)
(6.052500000000019,699.0)
(6.053750000000019,700.0)
(6.055000000000018,699.0)
(6.056250000000018,700.0)
(6.057500000000019,700.0)
(6.0587500000000185,701.0)
(6.060000000000018,700.0)
(6.061250000000019,701.0)
(6.062500000000019,700.0)
(6.063750000000018,700.0)
(6.065000000000019,700.0)
(6.066250000000019,700.0)
(6.0675000000000185,700.0)
(6.068750000000019,700.0)
(6.070000000000019,700.0)
(6.071250000000019,701.0)
(6.072500000000018,700.0)
(6.073750000000019,700.0)
(6.075000000000019,701.0)
(6.075000000000019,700.0)
(6.079166666666685,701.0)
(6.083333333333353,700.0)
(6.087500000000019,700.0)
(6.091666666666685,700.0)
(6.095833333333353,700.0)
(6.100000000000019,701.0)
(6.100000000000019,700.0)
(6.101470588235314,700.0)
(6.102941176470607,701.0)
(6.104411764705902,702.0)
(6.105882352941196,702.0)
(6.10735294117649,703.0)
(6.108823529411784,703.0)
(6.110294117647078,704.0)
(6.111764705882372,703.0)
(6.113235294117667,705.0)
(6.11470588235296,705.0)
(6.116176470588255,706.0)
(6.1176470588235485,705.0)
(6.119117647058843,705.0)
(6.120588235294137,706.0)
(6.122058823529431,706.0)
(6.123529411764725,706.0)
(6.1250000000000195,706.0)
(6.1250000000000195,707.0)
(6.126086956521759,706.0)
(6.127173913043498,707.0)
(6.128260869565237,707.0)
(6.129347826086976,707.0)
(6.130434782608715,707.0)
(6.131521739130455,708.0)
(6.132608695652194,707.0)
(6.133695652173933,708.0)
(6.134782608695672,708.0)
(6.135869565217411,708.0)
(6.13695652173915,708.0)
(6.138043478260889,708.0)
(6.139130434782628,709.0)
(6.140217391304367,709.0)
(6.1413043478261065,709.0)
(6.1423913043478455,710.0)
(6.143478260869585,709.0)
(6.1445652173913246,709.0)
(6.145652173913064,708.0)
(6.146739130434803,709.0)
(6.147826086956542,708.0)
(6.148913043478281,709.0)
(6.15000000000002,710.0)
(6.15000000000002,709.0)
(6.158333333333354,709.0)
(6.1666666666666865,708.0)
(6.17500000000002,708.0)
(6.17500000000002,707.0)
(6.176785714285734,708.0)
(6.178571428571449,708.0)
(6.180357142857163,708.0)
(6.182142857142877,709.0)
(6.183928571428591,709.0)
(6.185714285714306,709.0)
(6.18750000000002,710.0)
(6.1892857142857345,709.0)
(6.191071428571449,707.0)
(6.1928571428571635,709.0)
(6.1946428571428775,708.0)
(6.196428571428592,709.0)
(6.1982142857143065,709.0)
(6.200000000000021,709.0)
(6.200000000000021,710.0)
(6.201041666666687,709.0)
(6.202083333333354,710.0)
(6.20312500000002,709.0)
(6.204166666666687,708.0)
(6.205208333333354,709.0)
(6.20625000000002,709.0)
(6.207291666666688,709.0)
(6.208333333333354,709.0)
(6.209375000000021,709.0)
(6.210416666666688,709.0)
(6.211458333333354,708.0)
(6.212500000000021,709.0)
(6.213541666666687,710.0)
(6.214583333333354,708.0)
(6.215625000000021,709.0)
(6.216666666666687,709.0)
(6.217708333333354,709.0)
(6.218750000000021,708.0)
(6.219791666666688,708.0)
(6.2208333333333545,709.0)
(6.221875000000021,709.0)
(6.222916666666688,709.0)
(6.223958333333354,708.0)
(6.225000000000021,708.0)
(6.225000000000021,709.0)
(6.2264705882353155,708.0)
(6.227941176470609,708.0)
(6.229411764705904,709.0)
(6.230882352941197,708.0)
(6.232352941176492,708.0)
(6.233823529411786,708.0)
(6.23529411764708,708.0)
(6.236764705882374,709.0)
(6.238235294117668,708.0)
(6.239705882352962,709.0)
(6.241176470588257,709.0)
(6.24264705882355,709.0)
(6.244117647058845,709.0)
(6.2455882352941385,708.0)
(6.247058823529433,708.0)
(6.248529411764727,709.0)
(6.250000000000021,708.0)
(6.250000000000021,708.0)
(6.2625000000000215,710.0)
(6.275000000000022,709.0)
(6.275000000000022,709.0)
(6.276923076923099,708.0)
(6.2788461538461755,709.0)
(6.280769230769253,709.0)
(6.282692307692329,708.0)
(6.284615384615407,709.0)
(6.286538461538483,708.0)
(6.2884615384615605,710.0)
(6.290384615384637,710.0)
(6.292307692307714,709.0)
(6.294230769230791,708.0)
(6.296153846153868,709.0)
(6.298076923076945,709.0)
(6.300000000000022,708.0)
(6.300000000000022,708.0)
(6.3011363636363855,708.0)
(6.302272727272749,708.0)
(6.303409090909113,709.0)
(6.304545454545477,708.0)
(6.30568181818184,709.0)
(6.306818181818204,709.0)
(6.307954545454567,709.0)
(6.309090909090931,709.0)
(6.310227272727295,708.0)
(6.311363636363659,708.0)
(6.312500000000022,708.0)
(6.313636363636386,709.0)
(6.314772727272749,708.0)
(6.315909090909114,709.0)
(6.317045454545477,708.0)
(6.3181818181818405,709.0)
(6.319318181818204,708.0)
(6.3204545454545675,708.0)
(6.321590909090931,708.0)
(6.322727272727295,708.0)
(6.323863636363659,710.0)
(6.325000000000022,709.0)
(6.325000000000022,709.0)
(6.326562500000023,709.0)
(6.328125000000022,708.0)
(6.329687500000023,708.0)
(6.331250000000022,709.0)
(6.332812500000022,709.0)
(6.334375000000023,709.0)
(6.335937500000022,709.0)
(6.337500000000023,709.0)
(6.339062500000023,709.0)
(6.340625000000022,708.0)
(6.342187500000023,708.0)
(6.343750000000023,708.0)
(6.345312500000023,709.0)
(6.346875000000023,708.0)
(6.348437500000022,708.0)
(6.350000000000023,708.0)
(6.350000000000023,709.0)
(6.350000000000023,708.0)
(6.350833333333356,709.0)
(6.35166666666669,709.0)
(6.352500000000023,708.0)
(6.353333333333356,709.0)
(6.354166666666689,709.0)
(6.355000000000023,709.0)
(6.355833333333356,707.0)
(6.35666666666669,709.0)
(6.357500000000023,708.0)
(6.3583333333333565,709.0)
(6.35916666666669,709.0)
(6.3600000000000225,708.0)
(6.360833333333356,708.0)
(6.3616666666666895,709.0)
(6.362500000000023,708.0)
(6.363333333333356,709.0)
(6.36416666666669,709.0)
(6.365000000000023,709.0)
(6.365833333333356,709.0)
(6.366666666666689,707.0)
(6.367500000000023,708.0)
(6.368333333333356,709.0)
(6.36916666666669,710.0)
(6.370000000000023,708.0)
(6.370833333333357,709.0)
(6.37166666666669,708.0)
(6.372500000000023,709.0)
(6.373333333333356,708.0)
(6.37416666666669,708.0)
(6.375000000000023,708.0)
(6.375000000000023,709.0)
(6.3761904761905,709.0)
(6.3773809523809755,709.0)
(6.378571428571452,710.0)
(6.379761904761928,709.0)
(6.3809523809524045,710.0)
(6.38214285714288,709.0)
(6.383333333333357,709.0)
(6.384523809523833,710.0)
(6.385714285714309,710.0)
(6.386904761904785,710.0)
(6.388095238095262,710.0)
(6.389285714285737,711.0)
(6.390476190476214,711.0)
(6.39166666666669,710.0)
(6.392857142857166,711.0)
(6.394047619047642,711.0)
(6.395238095238119,712.0)
(6.3964285714285944,711.0)
(6.397619047619071,711.0)
(6.398809523809547,712.0)
(6.4000000000000234,713.0)
(6.4000000000000234,712.0)
(6.4011904761905,712.0)
(6.402380952380976,712.0)
(6.4035714285714525,712.0)
(6.404761904761928,712.0)
(6.405952380952405,714.0)
(6.407142857142881,712.0)
(6.408333333333357,713.0)
(6.409523809523833,712.0)
(6.41071428571431,711.0)
(6.411904761904785,712.0)
(6.413095238095262,711.0)
(6.414285714285738,712.0)
(6.415476190476214,712.0)
(6.41666666666669,713.0)
(6.417857142857167,712.0)
(6.419047619047642,712.0)
(6.420238095238119,712.0)
(6.421428571428595,713.0)
(6.422619047619071,712.0)
(6.423809523809547,714.0)
(6.425000000000024,713.0)
(6.425000000000024,713.0)
(6.426086956521763,714.0)
(6.427173913043502,714.0)
(6.428260869565241,714.0)
(6.42934782608698,715.0)
(6.430434782608719,715.0)
(6.431521739130459,713.0)
(6.432608695652198,714.0)
(6.433695652173937,714.0)
(6.434782608695676,716.0)
(6.435869565217415,715.0)
(6.4369565217391544,717.0)
(6.4380434782608935,716.0)
(6.439130434782633,718.0)
(6.440217391304372,717.0)
(6.441304347826111,718.0)
(6.44239130434785,718.0)
(6.443478260869589,719.0)
(6.444565217391329,719.0)
(6.445652173913068,718.0)
(6.446739130434807,719.0)
(6.447826086956546,720.0)
(6.448913043478285,718.0)
(6.450000000000024,719.0)
(6.450000000000024,719.0)
(6.4515625000000245,721.0)
(6.453125000000024,718.0)
(6.454687500000024,719.0)
(6.456250000000024,721.0)
(6.457812500000024,719.0)
(6.4593750000000245,719.0)
(6.460937500000024,721.0)
(6.462500000000024,720.0)
(6.464062500000025,721.0)
(6.465625000000024,720.0)
(6.4671875000000245,721.0)
(6.468750000000025,721.0)
(6.470312500000024,721.0)
(6.471875000000025,720.0)
(6.473437500000024,720.0)
(6.4750000000000245,721.0)
(6.4750000000000245,721.0)
(6.476250000000024,720.0)
(6.477500000000025,721.0)
(6.478750000000025,721.0)
(6.480000000000024,719.0)
(6.481250000000024,720.0)
(6.482500000000025,720.0)
(6.4837500000000245,721.0)
(6.485000000000024,720.0)
(6.486250000000025,720.0)
(6.487500000000025,721.0)
(6.488750000000024,721.0)
(6.490000000000025,720.0)
(6.491250000000025,720.0)
(6.492500000000025,719.0)
(6.493750000000025,720.0)
(6.495000000000025,721.0)
(6.496250000000025,720.0)
(6.4975000000000245,720.0)
(6.498750000000025,720.0)
(6.500000000000025,720.0)
(6.500000000000025,721.0)
(6.501136363636388,721.0)
(6.502272727272752,720.0)
(6.503409090909116,721.0)
(6.50454545454548,720.0)
(6.505681818181843,720.0)
(6.506818181818207,720.0)
(6.50795454545457,721.0)
(6.509090909090934,719.0)
(6.510227272727298,721.0)
(6.5113636363636616,720.0)
(6.512500000000025,719.0)
(6.5136363636363885,721.0)
(6.514772727272752,721.0)
(6.515909090909116,721.0)
(6.51704545454548,720.0)
(6.518181818181843,721.0)
(6.519318181818207,719.0)
(6.52045454545457,720.0)
(6.521590909090934,721.0)
(6.522727272727298,720.0)
(6.523863636363662,721.0)
(6.525000000000025,721.0)
(6.525000000000025,721.0)
(6.52647058823532,719.0)
(6.5279411764706134,720.0)
(6.529411764705908,719.0)
(6.530882352941202,720.0)
(6.532352941176496,720.0)
(6.53382352941179,720.0)
(6.5352941176470845,720.0)
(6.536764705882378,720.0)
(6.538235294117673,721.0)
(6.539705882352966,720.0)
(6.541176470588261,720.0)
(6.542647058823555,720.0)
(6.544117647058849,720.0)
(6.545588235294143,721.0)
(6.547058823529437,721.0)
(6.548529411764731,721.0)
(6.550000000000026,719.0)
(6.550000000000026,720.0)
(6.55131578947371,720.0)
(6.552631578947394,720.0)
(6.5539473684210785,720.0)
(6.555263157894762,721.0)
(6.556578947368447,721.0)
(6.5578947368421305,720.0)
(6.559210526315815,720.0)
(6.5605263157895,720.0)
(6.5618421052631835,720.0)
(6.563157894736868,720.0)
(6.564473684210552,720.0)
(6.565789473684236,721.0)
(6.567105263157921,721.0)
(6.568421052631605,721.0)
(6.569736842105289,720.0)
(6.571052631578973,721.0)
(6.572368421052658,721.0)
(6.573684210526341,721.0)
(6.575000000000026,720.0)
(6.575000000000026,721.0)
(6.577777777777804,721.0)
(6.5805555555555815,721.0)
(6.58333333333336,721.0)
(6.586111111111137,721.0)
(6.588888888888915,720.0)
(6.5916666666666925,720.0)
(6.594444444444471,721.0)
(6.597222222222248,720.0)
(6.600000000000026,721.0)
(6.600000000000026,720.0)
(6.600000000000026,719.0)
(6.603571428571455,721.0)
(6.607142857142883,721.0)
(6.610714285714312,720.0)
(6.6142857142857405,719.0)
(6.6178571428571695,721.0)
(6.621428571428598,720.0)
(6.625000000000027,720.0)
(6.625000000000027,720.0)
(6.625925925925952,720.0)
(6.626851851851878,720.0)
(6.627777777777805,720.0)
(6.628703703703731,721.0)
(6.629629629629656,721.0)
(6.630555555555582,721.0)
(6.631481481481508,720.0)
(6.632407407407434,720.0)
(6.63333333333336,721.0)
(6.634259259259286,720.0)
(6.635185185185212,720.0)
(6.636111111111138,721.0)
(6.6370370370370635,720.0)
(6.63796296296299,720.0)
(6.638888888888916,721.0)
(6.639814814814842,721.0)
(6.6407407407407675,720.0)
(6.641666666666693,721.0)
(6.64259259259262,721.0)
(6.643518518518546,720.0)
(6.6444444444444715,720.0)
(6.645370370370397,721.0)
(6.646296296296323,721.0)
(6.647222222222249,720.0)
(6.6481481481481755,721.0)
(6.649074074074101,720.0)
(6.650000000000027,719.0)
(6.650000000000027,719.0)
(6.650000000000027,720.0)
(6.651562500000027,720.0)
(6.653125000000027,721.0)
(6.654687500000027,720.0)
(6.656250000000027,721.0)
(6.657812500000027,721.0)
(6.659375000000027,720.0)
(6.660937500000027,721.0)
(6.662500000000027,720.0)
(6.6640625000000275,720.0)
(6.665625000000027,720.0)
(6.667187500000027,720.0)
(6.668750000000028,721.0)
(6.670312500000027,721.0)
(6.6718750000000275,720.0)
(6.673437500000027,720.0)
(6.675000000000027,720.0)
(6.675000000000027,720.0)
(6.676562500000028,720.0)
(6.678125000000027,720.0)
(6.6796875000000275,721.0)
(6.681250000000027,720.0)
(6.682812500000027,721.0)
(6.684375000000028,720.0)
(6.685937500000027,719.0)
(6.6875000000000275,720.0)
(6.689062500000028,721.0)
(6.690625000000027,720.0)
(6.692187500000028,719.0)
(6.693750000000028,721.0)
(6.6953125000000275,721.0)
(6.696875000000028,721.0)
(6.698437500000027,721.0)
(6.700000000000028,721.0)
(6.700000000000028,721.0)
(6.700000000000028,721.0)
(6.701785714285742,720.0)
(6.703571428571457,720.0)
(6.705357142857171,721.0)
(6.707142857142885,720.0)
(6.708928571428599,720.0)
(6.710714285714314,721.0)
(6.712500000000028,721.0)
(6.714285714285742,721.0)
(6.716071428571457,721.0)
(6.717857142857171,720.0)
(6.719642857142885,720.0)
(6.721428571428599,721.0)
(6.723214285714314,721.0)
(6.725000000000028,720.0)
(6.725000000000028,721.0)
(6.726190476190505,721.0)
(6.72738095238098,721.0)
(6.728571428571457,721.0)
(6.729761904761933,720.0)
(6.730952380952409,721.0)
(6.732142857142885,721.0)
(6.733333333333362,721.0)
(6.734523809523838,721.0)
(6.735714285714314,721.0)
(6.73690476190479,721.0)
(6.738095238095267,721.0)
(6.739285714285742,721.0)
(6.740476190476219,721.0)
(6.741666666666695,720.0)
(6.742857142857171,721.0)
(6.744047619047647,721.0)
(6.745238095238124,721.0)
(6.746428571428599,720.0)
(6.747619047619076,721.0)
(6.748809523809552,721.0)
(6.750000000000028,721.0)
(6.750000000000028,721.0)
(6.751562500000029,721.0)
(6.753125000000028,721.0)
(6.754687500000029,721.0)
(6.756250000000028,721.0)
(6.757812500000028,721.0)
(6.759375000000029,721.0)
(6.760937500000028,721.0)
(6.762500000000029,721.0)
(6.764062500000029,721.0)
(6.765625000000028,720.0)
(6.767187500000029,721.0)
(6.768750000000029,721.0)
(6.770312500000029,720.0)
(6.771875000000029,721.0)
(6.773437500000028,721.0)
(6.775000000000029,721.0)
(6.775000000000029,721.0)
(6.776041666666695,721.0)
(6.777083333333362,721.0)
(6.778125000000029,721.0)
(6.779166666666695,720.0)
(6.780208333333362,721.0)
(6.781250000000028,721.0)
(6.782291666666696,721.0)
(6.7833333333333625,721.0)
(6.784375000000029,721.0)
(6.785416666666696,721.0)
(6.786458333333362,720.0)
(6.787500000000029,721.0)
(6.788541666666696,721.0)
(6.789583333333362,721.0)
(6.790625000000029,721.0)
(6.791666666666695,721.0)
(6.792708333333362,720.0)
(6.7937500000000295,721.0)
(6.794791666666696,721.0)
(6.795833333333363,720.0)
(6.796875000000029,721.0)
(6.797916666666696,721.0)
(6.7989583333333625,721.0)
(6.800000000000029,721.0)
(6.800000000000029,721.0)
(6.803571428571458,720.0)
(6.807142857142886,720.0)
(6.810714285714315,721.0)
(6.814285714285743,721.0)
(6.817857142857172,721.0)
(6.8214285714286005,721.0)
(6.8250000000000295,721.0)
(6.8250000000000295,721.0)
(6.82750000000003,721.0)
(6.830000000000029,721.0)
(6.83250000000003,721.0)
(6.835000000000029,721.0)
(6.83750000000003,721.0)
(6.84000000000003,721.0)
(6.84250000000003,721.0)
(6.84500000000003,721.0)
(6.8475000000000295,721.0)
(6.85000000000003,721.0)
(6.85000000000003,721.0)
(6.851086956521769,721.0)
(6.852173913043508,721.0)
(6.853260869565247,721.0)
(6.854347826086986,721.0)
(6.855434782608725,721.0)
(6.856521739130465,721.0)
(6.857608695652204,721.0)
(6.858695652173943,721.0)
(6.859782608695682,721.0)
(6.860869565217421,721.0)
(6.8619565217391605,720.0)
(6.8630434782608996,721.0)
(6.864130434782639,721.0)
(6.865217391304378,721.0)
(6.866304347826117,720.0)
(6.867391304347856,721.0)
(6.868478260869595,721.0)
(6.869565217391335,721.0)
(6.870652173913074,721.0)
(6.871739130434813,721.0)
(6.872826086956552,721.0)
(6.873913043478291,721.0)
(6.87500000000003,721.0)
(6.87500000000003,721.0)
(6.876470588235325,721.0)
(6.877941176470618,721.0)
(6.879411764705913,721.0)
(6.880882352941207,721.0)
(6.882352941176501,721.0)
(6.883823529411795,721.0)
(6.885294117647089,721.0)
(6.886764705882383,721.0)
(6.888235294117678,721.0)
(6.889705882352971,721.0)
(6.891176470588266,721.0)
(6.8926470588235595,721.0)
(6.894117647058854,721.0)
(6.895588235294148,721.0)
(6.897058823529442,721.0)
(6.898529411764736,721.0)
(6.9000000000000306,721.0)
(6.9000000000000306,721.0)
(6.901785714285745,721.0)
(6.90357142857146,721.0)
(6.905357142857174,721.0)
(6.907142857142888,721.0)
(6.908928571428602,721.0)
(6.910714285714317,721.0)
(6.912500000000031,720.0)
(6.914285714285745,721.0)
(6.91607142857146,721.0)
(6.917857142857174,721.0)
(6.919642857142888,721.0)
(6.921428571428602,721.0)
(6.923214285714317,721.0)
(6.925000000000031,721.0)
(6.925000000000031,721.0)
(6.937500000000031,721.0)
(6.950000000000031,721.0)
(6.950000000000031,721.0)
(6.951000000000032,720.0)
(6.952000000000031,721.0)
(6.953000000000031,721.0)
(6.954000000000032,721.0)
(6.955000000000031,721.0)
(6.9560000000000315,721.0)
(6.957000000000031,721.0)
(6.958000000000031,721.0)
(6.959000000000032,721.0)
(6.960000000000031,721.0)
(6.961000000000031,721.0)
(6.962000000000032,721.0)
(6.963000000000031,721.0)
(6.9640000000000315,721.0)
(6.965000000000032,720.0)
(6.966000000000031,721.0)
(6.967000000000032,721.0)
(6.968000000000032,721.0)
(6.969000000000031,721.0)
(6.970000000000032,721.0)
(6.971000000000031,721.0)
(6.9720000000000315,721.0)
(6.973000000000032,721.0)
(6.974000000000031,721.0)
(6.975000000000032,721.0)
(6.975000000000032,721.0)
(6.976041666666698,721.0)
(6.977083333333365,721.0)
(6.978125000000031,721.0)
(6.979166666666698,721.0)
(6.980208333333365,721.0)
(6.981250000000031,721.0)
(6.982291666666699,721.0)
(6.983333333333365,721.0)
(6.984375000000032,720.0)
(6.985416666666699,721.0)
(6.986458333333365,721.0)
(6.987500000000032,721.0)
(6.988541666666698,721.0)
(6.989583333333365,721.0)
(6.990625000000032,721.0)
(6.991666666666698,721.0)
(6.992708333333365,721.0)
(6.993750000000032,721.0)
(6.994791666666699,721.0)
(6.9958333333333655,721.0)
(6.996875000000032,721.0)
(6.997916666666699,721.0)
(6.998958333333365,721.0)
(7.000000000000032,721.0)
(7.000000000000032,721.0)
(7.001315789473717,721.0)
(7.0026315789474,721.0)
(7.003947368421085,721.0)
(7.005263157894769,721.0)
(7.006578947368453,721.0)
(7.007894736842137,720.0)
(7.0092105263158215,721.0)
(7.010526315789506,721.0)
(7.01184210526319,721.0)
(7.0131578947368745,721.0)
(7.014473684210558,721.0)
(7.015789473684243,720.0)
(7.017105263157927,721.0)
(7.018421052631611,721.0)
(7.019736842105296,721.0)
(7.021052631578979,720.0)
(7.022368421052664,721.0)
(7.023684210526348,720.0)
(7.025000000000032,721.0)
(7.025000000000032,721.0)
(7.026041666666699,721.0)
(7.0270833333333655,721.0)
(7.028125000000032,721.0)
(7.029166666666699,721.0)
(7.030208333333365,721.0)
(7.031250000000032,721.0)
(7.0322916666666995,721.0)
(7.033333333333366,721.0)
(7.034375000000033,720.0)
(7.035416666666699,721.0)
(7.036458333333366,721.0)
(7.0375000000000325,720.0)
(7.038541666666699,720.0)
(7.039583333333366,720.0)
(7.040625000000032,721.0)
(7.041666666666699,721.0)
(7.0427083333333655,720.0)
(7.043750000000033,720.0)
(7.0447916666667,721.0)
(7.045833333333366,721.0)
(7.046875000000033,720.0)
(7.0479166666666995,721.0)
(7.048958333333366,721.0)
(7.050000000000033,720.0)
(7.050000000000033,721.0)
(7.051562500000033,720.0)
(7.0531250000000325,720.0)
(7.054687500000033,720.0)
(7.056250000000032,721.0)
(7.057812500000033,721.0)
(7.059375000000033,720.0)
(7.0609375000000325,720.0)
(7.062500000000033,721.0)
(7.064062500000033,720.0)
(7.065625000000033,720.0)
(7.067187500000033,720.0)
(7.068750000000033,721.0)
(7.070312500000033,720.0)
(7.071875000000033,721.0)
(7.073437500000033,720.0)
(7.075000000000033,721.0)
(7.075000000000033,720.0)
(7.075961538461572,721.0)
(7.07692307692311,721.0)
(7.077884615384648,720.0)
(7.078846153846187,720.0)
(7.0798076923077256,720.0)
(7.080769230769264,720.0)
(7.081730769230802,720.0)
(7.082692307692341,721.0)
(7.083653846153879,720.0)
(7.084615384615418,720.0)
(7.085576923076956,720.0)
(7.0865384615384945,720.0)
(7.087500000000033,721.0)
(7.088461538461572,721.0)
(7.089423076923111,721.0)
(7.090384615384648,720.0)
(7.091346153846187,721.0)
(7.092307692307726,720.0)
(7.093269230769264,720.0)
(7.094230769230802,720.0)
(7.095192307692341,720.0)
(7.09615384615388,721.0)
(7.097115384615418,721.0)
(7.098076923076956,720.0)
(7.099038461538495,720.0)
(7.100000000000033,721.0)
(7.100000000000033,721.0)
(7.101562500000034,721.0)
(7.103125000000033,721.0)
(7.104687500000034,720.0)
(7.106250000000033,721.0)
(7.107812500000033,720.0)
(7.109375000000034,720.0)
(7.110937500000033,720.0)
(7.112500000000034,720.0)
(7.114062500000034,721.0)
(7.115625000000033,720.0)
(7.117187500000034,721.0)
(7.118750000000034,721.0)
(7.120312500000034,721.0)
(7.121875000000034,721.0)
(7.123437500000033,720.0)
(7.125000000000034,721.0)
(7.125000000000034,720.0)
(7.126562500000034,721.0)
(7.128125000000034,720.0)
(7.129687500000034,721.0)
(7.131250000000033,721.0)
(7.132812500000034,721.0)
(7.134375000000034,721.0)
(7.135937500000034,720.0)
(7.137500000000034,720.0)
(7.139062500000034,721.0)
(7.140625000000034,720.0)
(7.142187500000034,720.0)
(7.1437500000000345,721.0)
(7.145312500000034,721.0)
(7.146875000000034,721.0)
(7.148437500000034,721.0)
(7.150000000000034,721.0)
(7.150000000000034,721.0)
(7.162500000000034,721.0)
(7.1750000000000345,721.0)
(7.1750000000000345,721.0)
(7.176923076923112,721.0)
(7.178846153846188,721.0)
(7.180769230769266,721.0)
(7.182692307692342,721.0)
(7.1846153846154195,721.0)
(7.186538461538496,721.0)
(7.188461538461573,720.0)
(7.19038461538465,720.0)
(7.192307692307727,721.0)
(7.194230769230804,721.0)
(7.196153846153881,721.0)
(7.1980769230769575,721.0)
(7.200000000000035,721.0)
(7.200000000000035,721.0)
(7.201000000000035,720.0)
(7.202000000000035,721.0)
(7.203000000000035,721.0)
(7.204000000000035,721.0)
(7.205000000000035,721.0)
(7.206000000000035,721.0)
(7.2070000000000345,720.0)
(7.208000000000035,721.0)
(7.209000000000035,721.0)
(7.210000000000035,721.0)
(7.211000000000035,721.0)
(7.212000000000035,720.0)
(7.213000000000035,721.0)
(7.214000000000035,721.0)
(7.215000000000035,721.0)
(7.216000000000035,721.0)
(7.217000000000035,720.0)
(7.2180000000000355,721.0)
(7.219000000000035,721.0)
(7.220000000000035,720.0)
(7.221000000000035,721.0)
(7.222000000000035,721.0)
(7.223000000000035,721.0)
(7.224000000000035,721.0)
(7.225000000000035,721.0)
(7.225000000000035,721.0)
(7.230000000000035,721.0)
(7.235000000000035,721.0)
(7.240000000000036,721.0)
(7.245000000000036,721.0)
(7.2500000000000355,721.0)
(7.2500000000000355,721.0)
(7.252083333333369,721.0)
(7.254166666666702,721.0)
(7.256250000000035,721.0)
(7.258333333333369,721.0)
(7.2604166666667025,721.0)
(7.262500000000036,721.0)
(7.264583333333369,721.0)
(7.266666666666702,721.0)
(7.268750000000036,721.0)
(7.2708333333333695,721.0)
(7.272916666666703,721.0)
(7.275000000000036,721.0)
(7.275000000000036,721.0)
(7.27647058823533,721.0)
(7.277941176470624,721.0)
(7.279411764705919,721.0)
(7.280882352941212,721.0)
(7.282352941176507,721.0)
(7.283823529411801,721.0)
(7.285294117647095,721.0)
(7.286764705882389,721.0)
(7.288235294117683,721.0)
(7.289705882352977,721.0)
(7.291176470588272,721.0)
(7.292647058823565,721.0)
(7.29411764705886,721.0)
(7.2955882352941535,721.0)
(7.297058823529448,721.0)
(7.298529411764742,721.0)
(7.300000000000036,721.0)
(7.300000000000036,721.0)
(7.301086956521775,721.0)
(7.302173913043514,721.0)
(7.303260869565253,721.0)
(7.3043478260869925,721.0)
(7.305434782608732,720.0)
(7.3065217391304715,721.0)
(7.307608695652211,721.0)
(7.30869565217395,721.0)
(7.309782608695689,720.0)
(7.310869565217428,721.0)
(7.311956521739167,721.0)
(7.313043478260906,721.0)
(7.314130434782645,721.0)
(7.315217391304384,721.0)
(7.316304347826123,721.0)
(7.317391304347862,721.0)
(7.318478260869601,721.0)
(7.319565217391341,721.0)
(7.32065217391308,721.0)
(7.321739130434819,721.0)
(7.3228260869565585,720.0)
(7.3239130434782975,721.0)
(7.325000000000037,721.0)
(7.325000000000037,720.0)
(7.326923076923114,721.0)
(7.32884615384619,720.0)
(7.330769230769268,721.0)
(7.332692307692344,721.0)
(7.334615384615422,721.0)
(7.336538461538498,721.0)
(7.3384615384615755,721.0)
(7.340384615384652,721.0)
(7.342307692307729,720.0)
(7.344230769230806,721.0)
(7.346153846153883,721.0)
(7.34807692307696,721.0)
(7.350000000000037,721.0)
(7.350000000000037,721.0)
(7.356250000000037,721.0)
(7.362500000000037,721.0)
(7.368750000000038,721.0)
(7.375000000000037,721.0)
(7.375000000000037,721.0)
(7.375892857142895,721.0)
(7.376785714285751,721.0)
(7.377678571428609,721.0)
(7.378571428571466,721.0)
(7.379464285714323,721.0)
(7.38035714285718,721.0)
(7.381250000000037,721.0)
(7.382142857142894,721.0)
(7.383035714285752,721.0)
(7.3839285714286085,721.0)
(7.384821428571466,721.0)
(7.385714285714323,721.0)
(7.38660714285718,721.0)
(7.3875000000000375,721.0)
(7.388392857142895,721.0)
(7.3892857142857515,721.0)
(7.390178571428609,721.0)
(7.3910714285714665,721.0)
(7.391964285714323,721.0)
(7.3928571428571805,721.0)
(7.393750000000038,721.0)
(7.394642857142895,721.0)
(7.395535714285752,721.0)
(7.396428571428609,721.0)
(7.397321428571466,720.0)
(7.398214285714324,721.0)
(7.39910714285718,721.0)
(7.400000000000038,721.0)
(7.400000000000038,721.0)
(7.4031250000000375,720.0)
(7.406250000000037,721.0)
(7.409375000000038,721.0)
(7.412500000000038,721.0)
(7.415625000000038,721.0)
(7.418750000000038,721.0)
(7.421875000000038,721.0)
(7.425000000000038,721.0)
(7.425000000000038,721.0)
(7.428125000000038,721.0)
(7.431250000000038,721.0)
(7.434375000000038,721.0)
(7.437500000000038,721.0)
(7.440625000000038,720.0)
(7.443750000000039,720.0)
(7.4468750000000385,721.0)
(7.450000000000038,721.0)
(7.450000000000038,721.0)
(7.475000000000039,721.0)
(7.475000000000039,721.0)
(7.500000000000039,721.0)
(7.500000000000039,721.0)
(7.501785714285753,721.0)
(7.503571428571468,720.0)
(7.505357142857182,721.0)
(7.507142857142896,721.0)
(7.50892857142861,721.0)
(7.510714285714325,721.0)
(7.512500000000039,721.0)
(7.514285714285753,721.0)
(7.516071428571468,721.0)
(7.517857142857182,721.0)
(7.519642857142896,721.0)
(7.52142857142861,721.0)
(7.523214285714325,721.0)
(7.525000000000039,721.0)
(7.525000000000039,721.0)
(7.52656250000004,721.0)
(7.528125000000039,721.0)
(7.52968750000004,721.0)
(7.531250000000039,721.0)
(7.532812500000039,721.0)
(7.53437500000004,720.0)
(7.535937500000039,721.0)
(7.53750000000004,721.0)
(7.53906250000004,721.0)
(7.540625000000039,721.0)
(7.54218750000004,720.0)
(7.54375000000004,721.0)
(7.54531250000004,721.0)
(7.54687500000004,721.0)
(7.548437500000039,720.0)
(7.55000000000004,721.0)
(7.55000000000004,721.0)
(7.55250000000004,720.0)
(7.55500000000004,720.0)
(7.55750000000004,721.0)
(7.56000000000004,721.0)
(7.56250000000004,721.0)
(7.56500000000004,721.0)
(7.56750000000004,721.0)
(7.57000000000004,721.0)
(7.57250000000004,721.0)
(7.57500000000004,721.0)
(7.57500000000004,720.0)
(7.58750000000004,721.0)
(7.6000000000000405,721.0)
(7.6000000000000405,721.0)
(7.601923076923118,721.0)
(7.603846153846194,721.0)
(7.605769230769272,721.0)
(7.607692307692348,721.0)
(7.6096153846154255,721.0)
(7.611538461538502,721.0)
(7.613461538461579,721.0)
(7.615384615384656,721.0)
(7.617307692307733,721.0)
(7.61923076923081,721.0)
(7.621153846153887,721.0)
(7.6230769230769635,721.0)
(7.625000000000041,721.0)
(7.625000000000041,721.0)
(7.625892857142898,721.0)
(7.626785714285755,721.0)
(7.627678571428612,721.0)
(7.62857142857147,721.0)
(7.629464285714326,721.0)
(7.630357142857184,721.0)
(7.6312500000000405,721.0)
(7.632142857142898,721.0)
(7.6330357142857554,721.0)
(7.633928571428612,721.0)
(7.6348214285714695,721.0)
(7.635714285714327,721.0)
(7.636607142857184,721.0)
(7.637500000000041,721.0)
(7.6383928571428985,721.0)
(7.639285714285755,721.0)
(7.640178571428613,721.0)
(7.64107142857147,721.0)
(7.641964285714327,721.0)
(7.642857142857184,721.0)
(7.643750000000042,721.0)
(7.644642857142898,721.0)
(7.645535714285756,721.0)
(7.646428571428612,720.0)
(7.64732142857147,721.0)
(7.648214285714327,720.0)
(7.649107142857184,721.0)
(7.650000000000041,721.0)
(7.650000000000041,721.0)
(7.656250000000041,721.0)
(7.662500000000041,721.0)
(7.668750000000042,721.0)
(7.675000000000042,721.0)
(7.675000000000042,721.0)
(7.677083333333375,721.0)
(7.679166666666708,721.0)
(7.681250000000041,721.0)
(7.683333333333375,721.0)
(7.6854166666667085,720.0)
(7.687500000000042,720.0)
(7.689583333333375,721.0)
(7.691666666666708,721.0)
(7.693750000000042,721.0)
(7.6958333333333755,721.0)
(7.697916666666709,721.0)
(7.700000000000042,721.0)
(7.700000000000042,721.0)
(7.700892857142899,721.0)
(7.701785714285756,721.0)
(7.7026785714286135,721.0)
(7.703571428571471,721.0)
(7.7044642857143275,721.0)
(7.705357142857185,721.0)
(7.706250000000042,720.0)
(7.707142857142899,721.0)
(7.7080357142857565,721.0)
(7.708928571428613,721.0)
(7.709821428571471,720.0)
(7.710714285714328,720.0)
(7.711607142857185,721.0)
(7.712500000000042,721.0)
(7.7133928571429,721.0)
(7.714285714285756,720.0)
(7.715178571428614,721.0)
(7.716071428571471,720.0)
(7.716964285714328,721.0)
(7.717857142857185,721.0)
(7.718750000000043,721.0)
(7.719642857142899,721.0)
(7.720535714285757,721.0)
(7.721428571428613,721.0)
(7.722321428571471,721.0)
(7.723214285714328,720.0)
(7.724107142857185,721.0)
(7.725000000000042,721.0)
(7.725000000000042,721.0)
(7.726000000000043,721.0)
(7.727000000000042,721.0)
(7.728000000000042,721.0)
(7.729000000000043,721.0)
(7.730000000000042,721.0)
(7.7310000000000425,721.0)
(7.732000000000042,720.0)
(7.733000000000042,720.0)
(7.734000000000043,721.0)
(7.735000000000042,721.0)
(7.736000000000042,721.0)
(7.737000000000043,721.0)
(7.738000000000042,721.0)
(7.7390000000000425,721.0)
(7.740000000000043,721.0)
(7.741000000000042,721.0)
(7.742000000000043,721.0)
(7.743000000000043,721.0)
(7.744000000000042,721.0)
(7.745000000000043,721.0)
(7.746000000000042,721.0)
(7.7470000000000425,721.0)
(7.748000000000043,721.0)
(7.749000000000042,721.0)
(7.750000000000043,721.0)
(7.750000000000043,721.0)
(7.751562500000043,721.0)
(7.7531250000000425,721.0)
(7.754687500000043,721.0)
(7.756250000000042,721.0)
(7.757812500000043,721.0)
(7.759375000000043,721.0)
(7.7609375000000425,721.0)
(7.762500000000043,721.0)
(7.764062500000043,721.0)
(7.765625000000043,721.0)
(7.767187500000043,721.0)
(7.768750000000043,721.0)
(7.770312500000043,721.0)
(7.771875000000043,721.0)
(7.773437500000043,721.0)
(7.775000000000043,721.0)
(7.775000000000043,721.0)
(7.77666666666671,721.0)
(7.778333333333376,721.0)
(7.780000000000043,721.0)
(7.78166666666671,721.0)
(7.783333333333377,721.0)
(7.785000000000043,721.0)
(7.78666666666671,721.0)
(7.788333333333377,721.0)
(7.790000000000044,721.0)
(7.79166666666671,721.0)
(7.7933333333333765,721.0)
(7.7950000000000434,721.0)
(7.79666666666671,721.0)
(7.798333333333376,721.0)
(7.800000000000043,721.0)
(7.800000000000043,721.0)
(7.801315789473728,721.0)
(7.802631578947412,721.0)
(7.803947368421096,721.0)
(7.80526315789478,721.0)
(7.806578947368465,720.0)
(7.807894736842148,720.0)
(7.809210526315833,721.0)
(7.8105263157895175,720.0)
(7.811842105263201,721.0)
(7.813157894736886,721.0)
(7.8144736842105695,721.0)
(7.815789473684254,721.0)
(7.817105263157939,721.0)
(7.8184210526316225,721.0)
(7.819736842105307,721.0)
(7.821052631578991,721.0)
(7.822368421052675,721.0)
(7.823684210526359,721.0)
(7.825000000000044,721.0)
(7.825000000000044,721.0)
(7.827500000000044,721.0)
(7.830000000000044,721.0)
(7.832500000000044,721.0)
(7.8350000000000435,721.0)
(7.837500000000044,721.0)
(7.840000000000044,720.0)
(7.842500000000044,721.0)
(7.845000000000044,721.0)
(7.847500000000044,721.0)
(7.850000000000044,721.0)
(7.850000000000044,721.0)
(7.851923076923121,721.0)
(7.853846153846198,721.0)
(7.855769230769275,721.0)
(7.857692307692352,721.0)
(7.859615384615429,721.0)
(7.8615384615385056,721.0)
(7.863461538461583,721.0)
(7.865384615384659,720.0)
(7.867307692307737,721.0)
(7.869230769230813,721.0)
(7.871153846153891,721.0)
(7.873076923076967,721.0)
(7.875000000000044,721.0)
(7.875000000000044,721.0)
(7.875833333333378,719.0)
(7.876666666666711,720.0)
(7.877500000000045,721.0)
(7.878333333333377,720.0)
(7.879166666666711,720.0)
(7.880000000000044,721.0)
(7.880833333333378,720.0)
(7.881666666666711,720.0)
(7.882500000000045,721.0)
(7.883333333333378,720.0)
(7.884166666666712,721.0)
(7.885000000000044,721.0)
(7.885833333333378,720.0)
(7.886666666666711,721.0)
(7.887500000000045,721.0)
(7.888333333333378,721.0)
(7.8891666666667115,721.0)
(7.890000000000045,720.0)
(7.8908333333333776,721.0)
(7.891666666666711,721.0)
(7.8925000000000445,720.0)
(7.893333333333378,720.0)
(7.894166666666711,720.0)
(7.895000000000045,720.0)
(7.895833333333378,720.0)
(7.896666666666712,721.0)
(7.897500000000044,720.0)
(7.898333333333378,720.0)
(7.899166666666711,721.0)
(7.900000000000045,720.0)
(7.900000000000045,720.0)
(7.901562500000045,720.0)
(7.903125000000045,720.0)
(7.904687500000045,720.0)
(7.906250000000044,720.0)
(7.907812500000045,720.0)
(7.909375000000045,721.0)
(7.910937500000045,721.0)
(7.912500000000045,720.0)
(7.914062500000045,720.0)
(7.915625000000045,721.0)
(7.917187500000045,720.0)
(7.9187500000000455,720.0)
(7.920312500000045,720.0)
(7.921875000000045,720.0)
(7.923437500000045,720.0)
(7.925000000000045,720.0)
(7.925000000000045,720.0)
(7.92631578947373,720.0)
(7.927631578947413,721.0)
(7.928947368421098,720.0)
(7.930263157894782,720.0)
(7.931578947368466,720.0)
(7.93289473684215,720.0)
(7.934210526315835,720.0)
(7.935526315789519,720.0)
(7.936842105263203,720.0)
(7.938157894736888,720.0)
(7.939473684210571,720.0)
(7.940789473684256,720.0)
(7.9421052631579405,720.0)
(7.943421052631624,720.0)
(7.944736842105309,720.0)
(7.9460526315789926,720.0)
(7.947368421052677,720.0)
(7.948684210526361,719.0)
(7.9500000000000455,720.0)
(7.9500000000000455,720.0)
(7.951190476190522,720.0)
(7.952380952380998,720.0)
(7.9535714285714745,721.0)
(7.95476190476195,720.0)
(7.955952380952427,720.0)
(7.957142857142903,720.0)
(7.958333333333379,720.0)
(7.959523809523855,720.0)
(7.960714285714332,720.0)
(7.961904761904807,720.0)
(7.963095238095284,721.0)
(7.96428571428576,720.0)
(7.965476190476236,720.0)
(7.966666666666712,719.0)
(7.967857142857189,720.0)
(7.9690476190476645,721.0)
(7.970238095238141,720.0)
(7.971428571428617,720.0)
(7.9726190476190935,720.0)
(7.973809523809569,720.0)
(7.975000000000046,720.0)
(7.975000000000046,720.0)
(7.976562500000046,721.0)
(7.978125000000046,720.0)
(7.979687500000046,721.0)
(7.9812500000000455,720.0)
(7.982812500000046,720.0)
(7.984375000000046,720.0)
(7.985937500000046,720.0)
(7.987500000000046,720.0)
(7.989062500000046,720.0)
(7.990625000000046,720.0)
(7.992187500000046,720.0)
(7.9937500000000465,720.0)
(7.995312500000046,720.0)
(7.996875000000046,720.0)
(7.998437500000046,720.0)
(8.000000000000046,720.0)
(8.000000000000046,720.0)
(8.00113636363641,721.0)
(8.002272727272773,720.0)
(8.003409090909138,720.0)
(8.0045454545455,720.0)
(8.005681818181865,720.0)
(8.006818181818229,720.0)
(8.007954545454592,720.0)
(8.009090909090956,720.0)
(8.010227272727318,721.0)
(8.011363636363683,721.0)
(8.012500000000045,720.0)
(8.01363636363641,720.0)
(8.014772727272774,722.0)
(8.015909090909137,720.0)
(8.017045454545501,720.0)
(8.018181818181864,720.0)
(8.019318181818228,720.0)
(8.020454545454593,720.0)
(8.021590909090955,720.0)
(8.02272727272732,720.0)
(8.023863636363682,720.0)
(8.025000000000047,720.0)
(8.025000000000047,720.0)
(8.026562500000047,720.0)
(8.028125000000047,720.0)
(8.029687500000046,720.0)
(8.031250000000046,720.0)
(8.032812500000047,720.0)
(8.034375000000047,721.0)
(8.035937500000047,720.0)
(8.037500000000048,720.0)
(8.039062500000046,720.0)
(8.040625000000047,721.0)
(8.042187500000047,720.0)
(8.043750000000047,721.0)
(8.045312500000048,720.0)
(8.046875000000046,720.0)
(8.048437500000047,721.0)
(8.050000000000047,720.0)
(8.050000000000047,720.0)
(8.051041666666714,720.0)
(8.05208333333338,720.0)
(8.053125000000048,720.0)
(8.054166666666713,720.0)
(8.05520833333338,720.0)
(8.056250000000047,721.0)
(8.057291666666714,720.0)
(8.05833333333338,721.0)
(8.059375000000047,720.0)
(8.060416666666713,720.0)
(8.06145833333338,720.0)
(8.062500000000046,720.0)
(8.063541666666714,720.0)
(8.064583333333381,720.0)
(8.065625000000047,721.0)
(8.066666666666714,720.0)
(8.06770833333338,721.0)
(8.068750000000048,720.0)
(8.069791666666713,721.0)
(8.07083333333338,720.0)
(8.071875000000047,721.0)
(8.072916666666714,720.0)
(8.07395833333338,721.0)
(8.075000000000047,720.0)
(8.075000000000047,721.0)
(8.076470588235342,721.0)
(8.077941176470636,721.0)
(8.07941176470593,721.0)
(8.080882352941224,720.0)
(8.082352941176518,720.0)
(8.083823529411813,720.0)
(8.085294117647106,719.0)
(8.0867647058824,720.0)
(8.088235294117695,720.0)
(8.08970588235299,720.0)
(8.091176470588282,721.0)
(8.092647058823577,719.0)
(8.094117647058871,720.0)
(8.095588235294166,720.0)
(8.097058823529458,718.0)
(8.098529411764753,718.0)
(8.100000000000048,720.0)
(8.100000000000048,720.0)
(8.100961538461586,719.0)
(8.101923076923125,718.0)
(8.102884615384664,719.0)
(8.103846153846202,720.0)
(8.10480769230774,720.0)
(8.105769230769278,719.0)
(8.106730769230817,718.0)
(8.107692307692355,720.0)
(8.108653846153894,719.0)
(8.109615384615433,718.0)
(8.110576923076971,719.0)
(8.11153846153851,719.0)
(8.112500000000047,718.0)
(8.113461538461586,718.0)
(8.114423076923124,719.0)
(8.115384615384663,718.0)
(8.116346153846202,718.0)
(8.11730769230774,718.0)
(8.118269230769279,718.0)
(8.119230769230818,718.0)
(8.120192307692356,719.0)
(8.121153846153893,719.0)
(8.122115384615432,719.0)
(8.12307692307697,719.0)
(8.12403846153851,718.0)
(8.125000000000048,719.0)
(8.125000000000048,718.0)
(8.125000000000048,718.0)
(8.137500000000049,719.0)
(8.150000000000048,718.0)
(8.150000000000048,717.0)
(8.150925925925975,717.0)
(8.1518518518519,718.0)
(8.152777777777827,719.0)
(8.153703703703751,719.0)
(8.154629629629678,718.0)
(8.155555555555605,719.0)
(8.15648148148153,718.0)
(8.157407407407456,718.0)
(8.158333333333381,718.0)
(8.159259259259308,719.0)
(8.160185185185235,716.0)
(8.16111111111116,719.0)
(8.162037037037086,719.0)
(8.162962962963011,718.0)
(8.163888888888938,717.0)
(8.164814814814862,719.0)
(8.16574074074079,718.0)
(8.166666666666716,719.0)
(8.16759259259264,718.0)
(8.168518518518567,718.0)
(8.169444444444492,718.0)
(8.170370370370419,719.0)
(8.171296296296346,718.0)
(8.17222222222227,718.0)
(8.173148148148197,718.0)
(8.174074074074122,719.0)
(8.175000000000049,719.0)
(8.175000000000049,718.0)
(8.17625000000005,718.0)
(8.177500000000048,718.0)
(8.178750000000049,719.0)
(8.18000000000005,718.0)
(8.181250000000048,718.0)
(8.182500000000049,719.0)
(8.18375000000005,718.0)
(8.185000000000048,719.0)
(8.186250000000049,719.0)
(8.18750000000005,718.0)
(8.188750000000049,719.0)
(8.19000000000005,719.0)
(8.191250000000048,718.0)
(8.192500000000049,719.0)
(8.19375000000005,719.0)
(8.195000000000048,719.0)
(8.196250000000049,719.0)
(8.19750000000005,717.0)
(8.198750000000048,718.0)
(8.200000000000049,717.0)
(8.200000000000049,718.0)
(8.20156250000005,717.0)
(8.20312500000005,718.0)
(8.204687500000048,718.0)
(8.206250000000049,717.0)
(8.207812500000049,719.0)
(8.20937500000005,718.0)
(8.21093750000005,718.0)
(8.212500000000048,719.0)
(8.214062500000049,718.0)
(8.215625000000049,718.0)
(8.21718750000005,719.0)
(8.21875000000005,718.0)
(8.22031250000005,718.0)
(8.221875000000049,719.0)
(8.223437500000049,719.0)
(8.22500000000005,720.0)
(8.22500000000005,719.0)
(8.226470588235344,718.0)
(8.227941176470638,718.0)
(8.229411764705931,718.0)
(8.230882352941226,719.0)
(8.23235294117652,718.0)
(8.233823529411815,718.0)
(8.235294117647108,718.0)
(8.236764705882402,719.0)
(8.238235294117697,719.0)
(8.239705882352991,718.0)
(8.241176470588284,717.0)
(8.242647058823579,719.0)
(8.244117647058873,720.0)
(8.245588235294168,718.0)
(8.24705882352946,719.0)
(8.248529411764755,719.0)
(8.25000000000005,719.0)
(8.25000000000005,718.0)
(8.25000000000005,719.0)
(8.252083333333383,718.0)
(8.254166666666716,718.0)
(8.25625000000005,719.0)
(8.258333333333383,719.0)
(8.260416666666716,718.0)
(8.262500000000049,718.0)
(8.264583333333384,718.0)
(8.266666666666717,719.0)
(8.26875000000005,719.0)
(8.270833333333384,718.0)
(8.272916666666717,718.0)
(8.27500000000005,719.0)
(8.27500000000005,719.0)
(8.275806451612953,718.0)
(8.276612903225857,718.0)
(8.27741935483876,718.0)
(8.278225806451664,718.0)
(8.279032258064566,719.0)
(8.27983870967747,719.0)
(8.280645161290373,719.0)
(8.281451612903275,718.0)
(8.28225806451618,719.0)
(8.283064516129082,718.0)
(8.283870967741986,719.0)
(8.284677419354889,719.0)
(8.285483870967791,718.0)
(8.286290322580696,718.0)
(8.287096774193598,718.0)
(8.287903225806502,718.0)
(8.288709677419405,718.0)
(8.28951612903231,719.0)
(8.290322580645212,719.0)
(8.291129032258114,719.0)
(8.291935483871018,719.0)
(8.292741935483921,718.0)
(8.293548387096825,718.0)
(8.294354838709728,719.0)
(8.29516129032263,719.0)
(8.295967741935534,719.0)
(8.296774193548437,718.0)
(8.297580645161341,718.0)
(8.298387096774244,719.0)
(8.299193548387148,719.0)
(8.30000000000005,718.0)
(8.30000000000005,718.0)
(8.301315789473735,718.0)
(8.30263157894742,719.0)
(8.303947368421102,718.0)
(8.305263157894787,718.0)
(8.306578947368472,718.0)
(8.307894736842156,719.0)
(8.309210526315841,718.0)
(8.310526315789524,718.0)
(8.311842105263208,718.0)
(8.313157894736893,718.0)
(8.314473684210578,717.0)
(8.31578947368426,718.0)
(8.317105263157945,718.0)
(8.31842105263163,718.0)
(8.319736842105314,718.0)
(8.321052631578999,718.0)
(8.322368421052682,719.0)
(8.323684210526366,719.0)
(8.32500000000005,719.0)
(8.32500000000005,718.0)
(8.325925925925977,719.0)
(8.326851851851902,719.0)
(8.327777777777829,719.0)
(8.328703703703754,719.0)
(8.32962962962968,719.0)
(8.330555555555607,718.0)
(8.331481481481532,719.0)
(8.332407407407459,719.0)
(8.333333333333384,717.0)
(8.33425925925931,718.0)
(8.335185185185237,719.0)
(8.336111111111162,716.0)
(8.337037037037089,718.0)
(8.337962962963013,718.0)
(8.33888888888894,718.0)
(8.339814814814865,718.0)
(8.340740740740792,719.0)
(8.341666666666718,718.0)
(8.342592592592643,719.0)
(8.34351851851857,718.0)
(8.344444444444495,719.0)
(8.345370370370421,718.0)
(8.346296296296348,718.0)
(8.347222222222273,718.0)
(8.3481481481482,719.0)
(8.349074074074124,719.0)
(8.350000000000051,718.0)
(8.350000000000051,719.0)
(8.350641025641076,719.0)
(8.351282051282103,719.0)
(8.351923076923129,719.0)
(8.352564102564154,718.0)
(8.353205128205179,719.0)
(8.353846153846206,718.0)
(8.354487179487231,719.0)
(8.355128205128256,718.0)
(8.355769230769281,720.0)
(8.356410256410308,718.0)
(8.357051282051334,718.0)
(8.357692307692359,719.0)
(8.358333333333384,718.0)
(8.358974358974411,719.0)
(8.359615384615436,718.0)
(8.360256410256461,718.0)
(8.360897435897487,719.0)
(8.361538461538514,718.0)
(8.362179487179539,718.0)
(8.362820512820564,718.0)
(8.36346153846159,719.0)
(8.364102564102616,719.0)
(8.364743589743641,719.0)
(8.365384615384666,719.0)
(8.366025641025692,719.0)
(8.366666666666719,718.0)
(8.367307692307744,718.0)
(8.367948717948769,718.0)
(8.368589743589794,718.0)
(8.369230769230821,718.0)
(8.369871794871846,718.0)
(8.370512820512872,719.0)
(8.371153846153897,718.0)
(8.371794871794924,719.0)
(8.372435897435949,719.0)
(8.373076923076974,718.0)
(8.373717948718,718.0)
(8.374358974359026,719.0)
(8.375000000000052,717.0)
(8.375000000000052,718.0)
(8.376041666666719,718.0)
(8.377083333333385,718.0)
(8.378125000000052,717.0)
(8.379166666666718,717.0)
(8.380208333333385,717.0)
(8.381250000000051,715.0)
(8.382291666666719,716.0)
(8.383333333333384,715.0)
(8.384375000000052,715.0)
(8.385416666666718,714.0)
(8.386458333333385,715.0)
(8.387500000000053,714.0)
(8.388541666666718,714.0)
(8.389583333333386,714.0)
(8.390625000000052,714.0)
(8.391666666666719,712.0)
(8.392708333333385,712.0)
(8.393750000000052,713.0)
(8.394791666666718,713.0)
(8.395833333333385,713.0)
(8.396875000000051,713.0)
(8.397916666666719,712.0)
(8.398958333333384,713.0)
(8.400000000000052,712.0)
(8.400000000000052,712.0)
(8.405000000000053,710.0)
(8.410000000000052,711.0)
(8.415000000000052,711.0)
(8.420000000000051,709.0)
(8.425000000000052,708.0)
(8.425000000000052,708.0)
(8.42777777777783,707.0)
(8.430555555555609,708.0)
(8.433333333333385,707.0)
(8.436111111111163,707.0)
(8.438888888888942,708.0)
(8.44166666666672,706.0)
(8.444444444444496,707.0)
(8.447222222222274,707.0)
(8.450000000000053,706.0)
(8.450000000000053,705.0)
(8.450961538461591,705.0)
(8.45192307692313,706.0)
(8.452884615384669,706.0)
(8.453846153846207,705.0)
(8.454807692307744,705.0)
(8.455769230769283,705.0)
(8.456730769230822,705.0)
(8.45769230769236,706.0)
(8.458653846153899,706.0)
(8.459615384615438,705.0)
(8.460576923076976,706.0)
(8.461538461538515,706.0)
(8.462500000000052,705.0)
(8.46346153846159,705.0)
(8.46442307692313,706.0)
(8.465384615384668,705.0)
(8.466346153846207,705.0)
(8.467307692307745,705.0)
(8.468269230769284,705.0)
(8.469230769230823,704.0)
(8.470192307692361,705.0)
(8.471153846153898,705.0)
(8.472115384615437,706.0)
(8.473076923076976,705.0)
(8.474038461538514,706.0)
(8.475000000000053,705.0)
(8.475000000000053,705.0)
(8.476388888888941,706.0)
(8.477777777777831,705.0)
(8.47916666666672,706.0)
(8.48055555555561,705.0)
(8.481944444444498,705.0)
(8.483333333333386,705.0)
(8.484722222222276,705.0)
(8.486111111111164,706.0)
(8.487500000000054,705.0)
(8.488888888888942,705.0)
(8.49027777777783,706.0)
(8.49166666666672,705.0)
(8.493055555555609,705.0)
(8.494444444444497,705.0)
(8.495833333333387,706.0)
(8.497222222222275,705.0)
(8.498611111111165,705.0)
(8.500000000000053,706.0)
(8.500000000000053,704.0)
(8.50166666666672,704.0)
(8.503333333333387,705.0)
(8.505000000000054,706.0)
(8.50666666666672,704.0)
(8.508333333333386,705.0)
(8.510000000000053,706.0)
(8.51166666666672,706.0)
(8.513333333333387,706.0)
(8.515000000000054,705.0)
(8.51666666666672,706.0)
(8.518333333333388,704.0)
(8.520000000000053,705.0)
(8.52166666666672,706.0)
(8.523333333333387,705.0)
(8.525000000000054,705.0)
(8.525000000000054,705.0)
(8.526315789473738,706.0)
(8.527631578947423,705.0)
(8.528947368421106,705.0)
(8.53026315789479,705.0)
(8.531578947368475,705.0)
(8.53289473684216,705.0)
(8.534210526315844,706.0)
(8.535526315789527,705.0)
(8.536842105263212,705.0)
(8.538157894736896,705.0)
(8.53947368421058,706.0)
(8.540789473684264,704.0)
(8.542105263157948,706.0)
(8.543421052631633,706.0)
(8.544736842105317,706.0)
(8.546052631579002,705.0)
(8.547368421052685,705.0)
(8.54868421052637,705.0)
(8.550000000000054,705.0)
(8.550000000000054,706.0)
(8.551136363636418,706.0)
(8.552272727272781,706.0)
(8.553409090909145,706.0)
(8.554545454545508,705.0)
(8.555681818181872,704.0)
(8.556818181818237,705.0)
(8.5579545454546,706.0)
(8.559090909090964,705.0)
(8.560227272727326,704.0)
(8.56136363636369,705.0)
(8.562500000000053,705.0)
(8.563636363636418,705.0)
(8.564772727272782,705.0)
(8.565909090909145,706.0)
(8.567045454545509,706.0)
(8.568181818181872,706.0)
(8.569318181818236,706.0)
(8.5704545454546,706.0)
(8.571590909090963,706.0)
(8.572727272727327,705.0)
(8.57386363636369,707.0)
(8.575000000000054,706.0)
(8.575000000000054,706.0)
(8.575925925925981,705.0)
(8.576851851851906,705.0)
(8.577777777777833,706.0)
(8.578703703703757,706.0)
(8.579629629629684,706.0)
(8.58055555555561,705.0)
(8.581481481481536,706.0)
(8.582407407407462,706.0)
(8.583333333333387,705.0)
(8.584259259259314,705.0)
(8.58518518518524,706.0)
(8.586111111111165,705.0)
(8.587037037037092,706.0)
(8.587962962963017,705.0)
(8.588888888888944,705.0)
(8.589814814814869,705.0)
(8.590740740740795,706.0)
(8.591666666666722,706.0)
(8.592592592592647,706.0)
(8.593518518518573,705.0)
(8.594444444444498,705.0)
(8.595370370370425,705.0)
(8.596296296296352,705.0)
(8.597222222222276,706.0)
(8.598148148148203,705.0)
(8.599074074074128,705.0)
(8.600000000000055,705.0)
(8.600000000000055,705.0)
(8.60147058823535,705.0)
(8.602941176470644,705.0)
(8.604411764705937,704.0)
(8.605882352941231,705.0)
(8.607352941176526,705.0)
(8.60882352941182,706.0)
(8.610294117647113,705.0)
(8.611764705882408,705.0)
(8.613235294117702,706.0)
(8.614705882352997,706.0)
(8.61617647058829,705.0)
(8.617647058823584,706.0)
(8.619117647058879,706.0)
(8.620588235294173,705.0)
(8.622058823529466,706.0)
(8.62352941176476,705.0)
(8.625000000000055,705.0)
(8.625000000000055,706.0)
(8.625961538461594,706.0)
(8.626923076923132,706.0)
(8.627884615384671,706.0)
(8.62884615384621,705.0)
(8.629807692307747,706.0)
(8.630769230769285,705.0)
(8.631730769230824,706.0)
(8.632692307692363,705.0)
(8.633653846153901,705.0)
(8.63461538461544,706.0)
(8.635576923076979,706.0)
(8.636538461538517,706.0)
(8.637500000000056,706.0)
(8.638461538461593,706.0)
(8.639423076923132,705.0)
(8.64038461538467,706.0)
(8.641346153846209,705.0)
(8.642307692307748,704.0)
(8.643269230769286,705.0)
(8.644230769230825,704.0)
(8.645192307692364,704.0)
(8.6461538461539,702.0)
(8.64711538461544,702.0)
(8.648076923076978,700.0)
(8.649038461538517,700.0)
(8.650000000000055,700.0)
(8.650000000000055,700.0)
(8.65147058823535,700.0)
(8.652941176470645,701.0)
(8.654411764705937,700.0)
(8.655882352941232,700.0)
(8.657352941176526,701.0)
(8.658823529411821,700.0)
(8.660294117647114,700.0)
(8.661764705882408,700.0)
(8.663235294117703,700.0)
(8.664705882352997,700.0)
(8.66617647058829,700.0)
(8.667647058823585,700.0)
(8.66911764705888,700.0)
(8.670588235294174,699.0)
(8.672058823529467,699.0)
(8.673529411764761,699.0)
(8.675000000000056,700.0)
(8.675000000000056,699.0)
(8.700000000000056,700.0)
(8.700000000000056,700.0)
(8.701666666666723,700.0)
(8.70333333333339,700.0)
(8.705000000000057,700.0)
(8.706666666666722,700.0)
(8.708333333333389,699.0)
(8.710000000000056,699.0)
(8.711666666666723,700.0)
(8.71333333333339,700.0)
(8.715000000000057,700.0)
(8.716666666666724,699.0)
(8.71833333333339,699.0)
(8.720000000000056,699.0)
(8.721666666666723,699.0)
(8.72333333333339,697.0)
(8.725000000000056,697.0)
(8.725000000000056,696.0)
(8.726315789473741,696.0)
(8.727631578947426,695.0)
(8.728947368421109,696.0)
(8.730263157894793,695.0)
(8.731578947368478,695.0)
(8.732894736842162,695.0)
(8.734210526315847,694.0)
(8.73552631578953,693.0)
(8.736842105263214,693.0)
(8.738157894736899,693.0)
(8.739473684210584,693.0)
(8.740789473684266,693.0)
(8.742105263157951,692.0)
(8.743421052631636,692.0)
(8.74473684210532,694.0)
(8.746052631579005,693.0)
(8.747368421052688,691.0)
(8.748684210526372,691.0)
(8.750000000000057,692.0)
(8.750000000000057,693.0)
(8.751388888888945,693.0)
(8.752777777777835,692.0)
(8.754166666666723,691.0)
(8.755555555555613,692.0)
(8.756944444444501,692.0)
(8.75833333333339,693.0)
(8.75972222222228,693.0)
(8.761111111111168,693.0)
(8.762500000000056,691.0)
(8.763888888888946,692.0)
(8.765277777777834,693.0)
(8.766666666666724,690.0)
(8.768055555555613,692.0)
(8.7694444444445,693.0)
(8.77083333333339,692.0)
(8.772222222222279,691.0)
(8.773611111111169,693.0)
(8.775000000000057,693.0)
(8.775000000000057,693.0)
(8.776250000000058,691.0)
(8.777500000000057,691.0)
(8.778750000000057,691.0)
(8.780000000000058,694.0)
(8.781250000000057,690.0)
(8.782500000000057,690.0)
(8.783750000000058,692.0)
(8.785000000000057,692.0)
(8.786250000000058,693.0)
(8.787500000000058,693.0)
(8.788750000000057,692.0)
(8.790000000000058,693.0)
(8.791250000000057,693.0)
(8.792500000000057,691.0)
(8.793750000000058,691.0)
(8.795000000000057,691.0)
(8.796250000000057,692.0)
(8.797500000000058,691.0)
(8.798750000000057,691.0)
(8.800000000000058,692.0)
(8.800000000000058,692.0)
(8.801470588235352,692.0)
(8.802941176470647,693.0)
(8.80441176470594,693.0)
(8.805882352941234,693.0)
(8.807352941176529,691.0)
(8.808823529411823,693.0)
(8.810294117647116,694.0)
(8.81176470588241,692.0)
(8.813235294117705,691.0)
(8.814705882353,691.0)
(8.816176470588292,693.0)
(8.817647058823587,691.0)
(8.819117647058881,693.0)
(8.820588235294176,692.0)
(8.822058823529469,692.0)
(8.823529411764763,692.0)
(8.825000000000058,693.0)
(8.825000000000058,691.0)
(8.837500000000059,691.0)
(8.850000000000058,692.0)
(8.850000000000058,691.0)
(8.851000000000058,691.0)
(8.852000000000059,691.0)
(8.853000000000058,691.0)
(8.854000000000058,690.0)
(8.855000000000059,692.0)
(8.856000000000058,692.0)
(8.857000000000058,692.0)
(8.85800000000006,691.0)
(8.859000000000059,691.0)
(8.860000000000058,691.0)
(8.86100000000006,692.0)
(8.862000000000059,692.0)
(8.863000000000058,691.0)
(8.864000000000058,693.0)
(8.865000000000059,691.0)
(8.866000000000058,691.0)
(8.867000000000058,692.0)
(8.868000000000059,691.0)
(8.869000000000058,690.0)
(8.870000000000058,691.0)
(8.871000000000059,692.0)
(8.872000000000059,692.0)
(8.873000000000058,693.0)
(8.87400000000006,693.0)
(8.875000000000059,692.0)
(8.875000000000059,692.0)
(8.876086956521798,691.0)
(8.877173913043537,692.0)
(8.878260869565276,691.0)
(8.879347826087015,692.0)
(8.880434782608754,692.0)
(8.881521739130493,691.0)
(8.882608695652232,693.0)
(8.883695652173971,691.0)
(8.88478260869571,692.0)
(8.88586956521745,691.0)
(8.886956521739188,692.0)
(8.88804347826093,691.0)
(8.889130434782668,692.0)
(8.890217391304407,692.0)
(8.891304347826146,692.0)
(8.892391304347885,692.0)
(8.893478260869625,691.0)
(8.894565217391364,692.0)
(8.895652173913103,691.0)
(8.896739130434842,692.0)
(8.89782608695658,692.0)
(8.89891304347832,691.0)
(8.900000000000059,692.0)
(8.900000000000059,693.0)
(8.901315789473744,692.0)
(8.902631578947428,692.0)
(8.903947368421111,692.0)
(8.905263157894796,692.0)
(8.90657894736848,692.0)
(8.907894736842165,692.0)
(8.90921052631585,692.0)
(8.910526315789532,690.0)
(8.911842105263217,691.0)
(8.913157894736901,692.0)
(8.914473684210586,691.0)
(8.915789473684269,690.0)
(8.917105263157953,692.0)
(8.918421052631638,690.0)
(8.919736842105323,692.0)
(8.921052631579007,692.0)
(8.92236842105269,692.0)
(8.923684210526375,692.0)
(8.92500000000006,692.0)
(8.92500000000006,692.0)
(8.928571428571487,690.0)
(8.932142857142917,692.0)
(8.935714285714345,692.0)
(8.939285714285774,692.0)
(8.942857142857202,691.0)
(8.946428571428632,692.0)
(8.95000000000006,693.0)
(8.95000000000006,692.0)
(8.962500000000059,692.0)
(8.97500000000006,692.0)
(8.97500000000006,693.0)
(8.976923076923137,691.0)
(8.978846153846215,691.0)
(8.98076923076929,692.0)
(8.982692307692368,691.0)
(8.984615384615445,692.0)
(8.986538461538522,692.0)
(8.988461538461598,691.0)
(8.990384615384675,692.0)
(8.992307692307753,689.0)
(8.99423076923083,692.0)
(8.996153846153906,692.0)
(8.998076923076983,692.0)
(9.00000000000006,693.0)
(9.00000000000006,691.0)
(9.001470588235355,691.0)
(9.00294117647065,692.0)
(9.004411764705942,691.0)
(9.005882352941237,692.0)
(9.007352941176531,691.0)
(9.008823529411826,691.0)
(9.010294117647119,692.0)
(9.011764705882413,693.0)
(9.013235294117708,692.0)
(9.014705882353002,692.0)
(9.016176470588295,691.0)
(9.01764705882359,693.0)
(9.019117647058884,691.0)
(9.020588235294179,692.0)
(9.022058823529472,692.0)
(9.023529411764766,692.0)
(9.02500000000006,691.0)
(9.02500000000006,692.0)
(9.02500000000006,692.0)
(9.033333333333394,693.0)
(9.041666666666728,692.0)
(9.050000000000061,690.0)
(9.050000000000061,692.0)
(9.050862068965579,692.0)
(9.051724137931096,692.0)
(9.052586206896613,691.0)
(9.05344827586213,691.0)
(9.054310344827647,692.0)
(9.055172413793164,690.0)
(9.056034482758681,691.0)
(9.056896551724199,691.0)
(9.057758620689716,691.0)
(9.058620689655234,691.0)
(9.059482758620751,690.0)
(9.060344827586269,691.0)
(9.061206896551786,689.0)
(9.062068965517303,689.0)
(9.06293103448282,689.0)
(9.063793103448337,688.0)
(9.064655172413854,689.0)
(9.065517241379371,688.0)
(9.066379310344889,687.0)
(9.067241379310406,689.0)
(9.068103448275924,688.0)
(9.068965517241441,689.0)
(9.069827586206959,687.0)
(9.070689655172476,688.0)
(9.071551724137992,687.0)
(9.07241379310351,688.0)
(9.073275862069027,689.0)
(9.074137931034544,688.0)
(9.075000000000061,688.0)
(9.075000000000061,688.0)
(9.076250000000062,690.0)
(9.077500000000061,687.0)
(9.078750000000062,687.0)
(9.080000000000062,687.0)
(9.081250000000061,687.0)
(9.082500000000062,688.0)
(9.083750000000062,688.0)
(9.085000000000061,688.0)
(9.086250000000062,687.0)
(9.087500000000063,688.0)
(9.088750000000061,688.0)
(9.090000000000062,687.0)
(9.091250000000061,687.0)
(9.092500000000062,687.0)
(9.093750000000062,687.0)
(9.095000000000061,687.0)
(9.096250000000062,688.0)
(9.097500000000062,688.0)
(9.098750000000061,688.0)
(9.100000000000062,689.0)
(9.100000000000062,688.0)
(9.100925925925988,687.0)
(9.101851851851913,687.0)
(9.10277777777784,687.0)
(9.103703703703765,688.0)
(9.104629629629692,688.0)
(9.105555555555618,687.0)
(9.106481481481543,687.0)
(9.10740740740747,687.0)
(9.108333333333395,688.0)
(9.109259259259321,687.0)
(9.110185185185248,687.0)
(9.111111111111173,688.0)
(9.1120370370371,688.0)
(9.112962962963024,688.0)
(9.113888888888951,688.0)
(9.114814814814876,688.0)
(9.115740740740803,687.0)
(9.11666666666673,687.0)
(9.117592592592654,687.0)
(9.11851851851858,687.0)
(9.119444444444506,688.0)
(9.120370370370432,687.0)
(9.121296296296359,688.0)
(9.122222222222284,688.0)
(9.12314814814821,687.0)
(9.124074074074136,687.0)
(9.125000000000062,687.0)
(9.125000000000062,689.0)
(9.126315789473747,688.0)
(9.127631578947431,688.0)
(9.128947368421114,688.0)
(9.130263157894799,688.0)
(9.131578947368483,688.0)
(9.132894736842168,688.0)
(9.134210526315853,688.0)
(9.135526315789535,687.0)
(9.13684210526322,688.0)
(9.138157894736905,688.0)
(9.13947368421059,688.0)
(9.140789473684272,688.0)
(9.142105263157957,688.0)
(9.143421052631641,688.0)
(9.144736842105326,687.0)
(9.14605263157901,688.0)
(9.147368421052693,689.0)
(9.148684210526378,688.0)
(9.150000000000063,687.0)
(9.150000000000063,687.0)
(9.152083333333396,688.0)
(9.154166666666729,688.0)
(9.156250000000062,687.0)
(9.158333333333395,687.0)
(9.160416666666729,687.0)
(9.162500000000062,688.0)
(9.164583333333397,689.0)
(9.16666666666673,688.0)
(9.168750000000063,687.0)
(9.170833333333396,687.0)
(9.17291666666673,687.0)
(9.175000000000063,689.0)
(9.175000000000063,687.0)
(9.177777777777841,688.0)
(9.18055555555562,688.0)
(9.183333333333396,688.0)
(9.186111111111174,687.0)
(9.188888888888952,687.0)
(9.19166666666673,688.0)
(9.194444444444507,687.0)
(9.197222222222285,688.0)
(9.200000000000063,688.0)
(9.200000000000063,687.0)
(9.20086206896558,687.0)
(9.201724137931098,687.0)
(9.202586206896616,688.0)
(9.203448275862133,687.0)
(9.204310344827649,688.0)
(9.205172413793166,687.0)
(9.206034482758684,689.0)
(9.206896551724201,687.0)
(9.207758620689718,689.0)
(9.208620689655236,689.0)
(9.209482758620753,689.0)
(9.21034482758627,688.0)
(9.211206896551788,687.0)
(9.212068965517306,686.0)
(9.212931034482821,688.0)
(9.213793103448339,689.0)
(9.214655172413856,687.0)
(9.215517241379374,688.0)
(9.216379310344891,688.0)
(9.217241379310408,689.0)
(9.218103448275926,687.0)
(9.218965517241443,688.0)
(9.21982758620696,688.0)
(9.220689655172478,688.0)
(9.221551724137994,687.0)
(9.222413793103511,688.0)
(9.223275862069029,687.0)
(9.224137931034546,686.0)
(9.225000000000064,688.0)
(9.225000000000064,687.0)
(9.226041666666731,688.0)
(9.227083333333397,687.0)
(9.228125000000064,688.0)
(9.22916666666673,687.0)
(9.230208333333398,687.0)
(9.231250000000063,689.0)
(9.23229166666673,687.0)
(9.233333333333396,687.0)
(9.234375000000064,688.0)
(9.23541666666673,688.0)
(9.236458333333397,687.0)
(9.237500000000065,688.0)
(9.23854166666673,688.0)
(9.239583333333398,688.0)
(9.240625000000064,688.0)
(9.241666666666731,688.0)
(9.242708333333397,687.0)
(9.243750000000064,687.0)
(9.24479166666673,686.0)
(9.245833333333398,688.0)
(9.246875000000063,687.0)
(9.24791666666673,687.0)
(9.248958333333396,687.0)
(9.250000000000064,687.0)
(9.250000000000064,688.0)
(9.275000000000064,688.0)
(9.275000000000064,687.0)
(9.276000000000064,685.0)
(9.277000000000065,688.0)
(9.278000000000064,688.0)
(9.279000000000064,688.0)
(9.280000000000065,689.0)
(9.281000000000065,688.0)
(9.282000000000064,689.0)
(9.283000000000065,689.0)
(9.284000000000065,687.0)
(9.285000000000064,688.0)
(9.286000000000065,687.0)
(9.287000000000065,687.0)
(9.288000000000064,687.0)
(9.289000000000064,686.0)
(9.290000000000065,687.0)
(9.291000000000064,686.0)
(9.292000000000064,688.0)
(9.293000000000065,687.0)
(9.294000000000064,686.0)
(9.295000000000064,688.0)
(9.296000000000065,688.0)
(9.297000000000065,688.0)
(9.298000000000064,687.0)
(9.299000000000065,687.0)
(9.300000000000065,687.0)
(9.300000000000065,688.0)
(9.300925925925991,687.0)
(9.301851851851916,688.0)
(9.302777777777843,687.0)
(9.303703703703768,687.0)
(9.304629629629694,688.0)
(9.305555555555621,688.0)
(9.306481481481546,688.0)
(9.307407407407473,688.0)
(9.308333333333398,688.0)
(9.309259259259324,688.0)
(9.31018518518525,688.0)
(9.311111111111176,687.0)
(9.312037037037102,688.0)
(9.312962962963027,688.0)
(9.313888888888954,687.0)
(9.314814814814879,687.0)
(9.315740740740805,688.0)
(9.316666666666732,688.0)
(9.317592592592657,687.0)
(9.318518518518584,687.0)
(9.319444444444509,687.0)
(9.320370370370435,687.0)
(9.321296296296362,686.0)
(9.322222222222287,688.0)
(9.323148148148213,687.0)
(9.324074074074138,686.0)
(9.325000000000065,687.0)
(9.325000000000065,687.0)
(9.32647058823536,688.0)
(9.327941176470654,688.0)
(9.329411764705947,687.0)
(9.330882352941241,688.0)
(9.332352941176536,688.0)
(9.33382352941183,686.0)
(9.335294117647123,689.0)
(9.336764705882418,687.0)
(9.338235294117712,688.0)
(9.339705882353007,687.0)
(9.3411764705883,687.0)
(9.342647058823594,687.0)
(9.344117647058889,686.0)
(9.345588235294183,687.0)
(9.347058823529476,688.0)
(9.34852941176477,688.0)
(9.350000000000065,688.0)
(9.350000000000065,687.0)
(9.352083333333399,687.0)
(9.354166666666732,687.0)
(9.356250000000065,688.0)
(9.358333333333398,688.0)
(9.360416666666731,687.0)
(9.362500000000065,688.0)
(9.3645833333334,687.0)
(9.366666666666733,687.0)
(9.368750000000066,688.0)
(9.3708333333334,686.0)
(9.372916666666733,687.0)
(9.375000000000066,688.0)
(9.375000000000066,687.0)
(9.378571428571494,688.0)
(9.382142857142924,687.0)
(9.385714285714352,687.0)
(9.38928571428578,687.0)
(9.392857142857208,687.0)
(9.396428571428638,688.0)
(9.400000000000066,688.0)
(9.400000000000066,687.0)
(9.40113636363643,688.0)
(9.402272727272793,687.0)
(9.403409090909157,686.0)
(9.40454545454552,686.0)
(9.405681818181884,688.0)
(9.406818181818249,687.0)
(9.407954545454611,687.0)
(9.409090909090976,689.0)
(9.410227272727338,688.0)
(9.411363636363703,687.0)
(9.412500000000065,687.0)
(9.41363636363643,688.0)
(9.414772727272794,686.0)
(9.415909090909157,687.0)
(9.417045454545521,688.0)
(9.418181818181884,686.0)
(9.419318181818248,689.0)
(9.420454545454612,687.0)
(9.421590909090975,686.0)
(9.42272727272734,686.0)
(9.423863636363702,688.0)
(9.425000000000066,688.0)
(9.425000000000066,688.0)
(9.426190476190543,688.0)
(9.42738095238102,687.0)
(9.428571428571495,687.0)
(9.429761904761971,687.0)
(9.430952380952448,686.0)
(9.432142857142924,688.0)
(9.4333333333334,687.0)
(9.434523809523876,688.0)
(9.435714285714353,686.0)
(9.43690476190483,688.0)
(9.438095238095304,687.0)
(9.43928571428578,687.0)
(9.440476190476257,687.0)
(9.441666666666734,687.0)
(9.442857142857209,687.0)
(9.444047619047685,688.0)
(9.445238095238162,687.0)
(9.446428571428639,687.0)
(9.447619047619114,687.0)
(9.44880952380959,688.0)
(9.450000000000067,688.0)
(9.450000000000067,688.0)
(9.451562500000067,687.0)
(9.453125000000068,688.0)
(9.454687500000066,688.0)
(9.456250000000066,687.0)
(9.457812500000067,687.0)
(9.459375000000067,687.0)
(9.460937500000068,687.0)
(9.462500000000066,688.0)
(9.464062500000066,687.0)
(9.465625000000067,687.0)
(9.467187500000067,687.0)
(9.468750000000068,688.0)
(9.470312500000068,687.0)
(9.471875000000066,687.0)
(9.473437500000067,688.0)
(9.475000000000067,687.0)
(9.475000000000067,688.0)
(9.4758333333334,688.0)
(9.476666666666734,687.0)
(9.477500000000067,686.0)
(9.478333333333401,686.0)
(9.479166666666734,687.0)
(9.480000000000068,687.0)
(9.4808333333334,686.0)
(9.481666666666733,687.0)
(9.482500000000067,688.0)
(9.4833333333334,687.0)
(9.484166666666734,686.0)
(9.485000000000067,688.0)
(9.485833333333401,688.0)
(9.486666666666734,686.0)
(9.487500000000068,688.0)
(9.4883333333334,688.0)
(9.489166666666733,688.0)
(9.490000000000068,687.0)
(9.4908333333334,687.0)
(9.491666666666735,687.0)
(9.492500000000067,687.0)
(9.493333333333402,687.0)
(9.494166666666734,687.0)
(9.495000000000067,686.0)
(9.495833333333401,687.0)
(9.496666666666734,686.0)
(9.497500000000068,688.0)
(9.4983333333334,687.0)
(9.499166666666735,688.0)
(9.500000000000068,687.0)
(9.500000000000068,687.0)
(9.501315789473752,687.0)
(9.502631578947437,688.0)
(9.50394736842112,687.0)
(9.505263157894804,686.0)
(9.506578947368489,686.0)
(9.507894736842173,688.0)
(9.509210526315858,687.0)
(9.51052631578954,687.0)
(9.511842105263225,686.0)
(9.51315789473691,686.0)
(9.514473684210595,686.0)
(9.515789473684277,688.0)
(9.517105263157962,687.0)
(9.518421052631647,687.0)
(9.519736842105331,687.0)
(9.521052631579016,687.0)
(9.522368421052699,687.0)
(9.523684210526383,687.0)
(9.525000000000068,687.0)
(9.525000000000068,686.0)
(9.531250000000068,688.0)
(9.537500000000069,687.0)
(9.543750000000069,686.0)
(9.550000000000068,686.0)
(9.550000000000068,688.0)
(9.551136363636433,687.0)
(9.552272727272795,688.0)
(9.55340909090916,687.0)
(9.554545454545522,688.0)
(9.555681818181887,688.0)
(9.556818181818251,687.0)
(9.557954545454614,686.0)
(9.559090909090978,687.0)
(9.56022727272734,687.0)
(9.561363636363705,687.0)
(9.562500000000068,687.0)
(9.563636363636432,687.0)
(9.564772727272796,688.0)
(9.565909090909159,688.0)
(9.567045454545523,687.0)
(9.568181818181886,688.0)
(9.56931818181825,688.0)
(9.570454545454615,687.0)
(9.571590909090977,687.0)
(9.572727272727342,688.0)
(9.573863636363704,688.0)
(9.575000000000069,688.0)
(9.575000000000069,687.0)
(9.576000000000068,687.0)
(9.57700000000007,687.0)
(9.578000000000069,687.0)
(9.579000000000068,687.0)
(9.58000000000007,688.0)
(9.581000000000069,688.0)
(9.582000000000068,687.0)
(9.58300000000007,687.0)
(9.584000000000069,688.0)
(9.585000000000068,687.0)
(9.58600000000007,687.0)
(9.587000000000069,688.0)
(9.588000000000068,687.0)
(9.589000000000068,687.0)
(9.59000000000007,687.0)
(9.591000000000069,687.0)
(9.592000000000068,688.0)
(9.59300000000007,687.0)
(9.594000000000069,686.0)
(9.595000000000068,687.0)
(9.59600000000007,687.0)
(9.597000000000069,686.0)
(9.598000000000068,687.0)
(9.59900000000007,687.0)
(9.600000000000069,687.0)
(9.600000000000069,687.0)
(9.601470588235363,686.0)
(9.602941176470658,686.0)
(9.60441176470595,688.0)
(9.605882352941245,687.0)
(9.60735294117654,687.0)
(9.608823529411834,687.0)
(9.610294117647127,688.0)
(9.611764705882422,687.0)
(9.613235294117716,687.0)
(9.614705882353011,687.0)
(9.616176470588304,687.0)
(9.617647058823598,688.0)
(9.619117647058893,688.0)
(9.620588235294187,687.0)
(9.62205882352948,686.0)
(9.623529411764775,687.0)
(9.62500000000007,688.0)
(9.62500000000007,687.0)
(9.626000000000069,686.0)
(9.62700000000007,687.0)
(9.62800000000007,686.0)
(9.629000000000069,687.0)
(9.63000000000007,687.0)
(9.63100000000007,687.0)
(9.632000000000069,687.0)
(9.63300000000007,687.0)
(9.63400000000007,687.0)
(9.635000000000069,687.0)
(9.63600000000007,687.0)
(9.63700000000007,686.0)
(9.63800000000007,687.0)
(9.639000000000069,687.0)
(9.64000000000007,688.0)
(9.64100000000007,687.0)
(9.642000000000069,687.0)
(9.64300000000007,688.0)
(9.64400000000007,688.0)
(9.645000000000069,687.0)
(9.64600000000007,686.0)
(9.64700000000007,688.0)
(9.648000000000069,688.0)
(9.64900000000007,687.0)
(9.65000000000007,688.0)
(9.65000000000007,687.0)
(9.654166666666736,687.0)
(9.658333333333402,687.0)
(9.662500000000069,687.0)
(9.666666666666737,688.0)
(9.670833333333404,687.0)
(9.67500000000007,688.0)
(9.67500000000007,687.0)
(9.67750000000007,687.0)
(9.68000000000007,687.0)
(9.68250000000007,688.0)
(9.68500000000007,687.0)
(9.687500000000071,688.0)
(9.69000000000007,688.0)
(9.69250000000007,688.0)
(9.69500000000007,689.0)
(9.69750000000007,687.0)
(9.70000000000007,687.0)
(9.70000000000007,687.0)
(9.70625000000007,688.0)
(9.71250000000007,688.0)
(9.718750000000071,688.0)
(9.72500000000007,687.0)
(9.72500000000007,687.0)
(9.750000000000071,688.0)
(9.750000000000071,687.0)
(9.752272727272798,687.0)
(9.754545454545525,688.0)
(9.756818181818254,688.0)
(9.75909090909098,689.0)
(9.761363636363708,688.0)
(9.763636363636435,688.0)
(9.765909090909162,687.0)
(9.768181818181889,688.0)
(9.770454545454617,689.0)
(9.772727272727344,689.0)
(9.775000000000071,687.0)
(9.775000000000071,688.0)
(9.777083333333405,689.0)
(9.779166666666738,688.0)
(9.781250000000071,687.0)
(9.783333333333404,688.0)
(9.785416666666737,687.0)
(9.787500000000072,688.0)
(9.789583333333406,688.0)
(9.791666666666739,688.0)
(9.793750000000072,688.0)
(9.795833333333405,688.0)
(9.797916666666739,687.0)
(9.800000000000072,687.0)
(9.800000000000072,689.0)
(9.808333333333405,688.0)
(9.81666666666674,687.0)
(9.825000000000072,687.0)
(9.825000000000072,688.0)
(9.826086956521811,688.0)
(9.82717391304355,688.0)
(9.82826086956529,688.0)
(9.829347826087028,688.0)
(9.830434782608767,687.0)
(9.831521739130507,689.0)
(9.832608695652246,688.0)
(9.833695652173985,688.0)
(9.834782608695724,687.0)
(9.835869565217463,688.0)
(9.836956521739202,688.0)
(9.838043478260943,687.0)
(9.839130434782682,689.0)
(9.84021739130442,688.0)
(9.84130434782616,688.0)
(9.842391304347899,688.0)
(9.843478260869638,688.0)
(9.844565217391377,687.0)
(9.845652173913116,688.0)
(9.846739130434855,688.0)
(9.847826086956594,687.0)
(9.848913043478333,689.0)
(9.850000000000072,688.0)
(9.850000000000072,688.0)
(9.851000000000072,688.0)
(9.852000000000073,687.0)
(9.853000000000073,688.0)
(9.854000000000072,687.0)
(9.855000000000073,687.0)
(9.856000000000073,688.0)
(9.857000000000072,689.0)
(9.858000000000073,687.0)
(9.859000000000073,688.0)
(9.860000000000072,688.0)
(9.861000000000073,687.0)
(9.862000000000073,688.0)
(9.863000000000072,688.0)
(9.864000000000072,688.0)
(9.865000000000073,688.0)
(9.866000000000072,687.0)
(9.867000000000072,687.0)
(9.868000000000073,688.0)
(9.869000000000073,688.0)
(9.870000000000072,687.0)
(9.871000000000073,688.0)
(9.872000000000073,688.0)
(9.873000000000072,686.0)
(9.874000000000073,688.0)
(9.875000000000073,686.0)
(9.875000000000073,687.0)
(9.876315789473757,689.0)
(9.877631578947442,688.0)
(9.878947368421125,687.0)
(9.88026315789481,688.0)
(9.881578947368494,688.0)
(9.882894736842179,687.0)
(9.884210526315863,688.0)
(9.885526315789546,687.0)
(9.88684210526323,688.0)
(9.888157894736915,688.0)
(9.8894736842106,689.0)
(9.890789473684283,687.0)
(9.892105263157967,687.0)
(9.893421052631652,688.0)
(9.894736842105337,688.0)
(9.896052631579021,688.0)
(9.897368421052704,688.0)
(9.898684210526389,688.0)
(9.900000000000073,688.0)
(9.900000000000073,688.0)
(9.900806451612976,688.0)
(9.90161290322588,689.0)
(9.902419354838782,688.0)
(9.903225806451687,688.0)
(9.90403225806459,688.0)
(9.904838709677493,689.0)
(9.905645161290396,688.0)
(9.906451612903298,688.0)
(9.907258064516203,688.0)
(9.908064516129105,688.0)
(9.90887096774201,689.0)
(9.909677419354912,689.0)
(9.910483870967814,689.0)
(9.911290322580719,689.0)
(9.912096774193621,688.0)
(9.912903225806525,688.0)
(9.913709677419428,688.0)
(9.914516129032332,688.0)
(9.915322580645235,688.0)
(9.916129032258137,687.0)
(9.916935483871042,688.0)
(9.917741935483944,689.0)
(9.918548387096848,687.0)
(9.91935483870975,688.0)
(9.920161290322653,689.0)
(9.920967741935558,689.0)
(9.92177419354846,688.0)
(9.922580645161364,688.0)
(9.923387096774267,689.0)
(9.924193548387171,688.0)
(9.925000000000074,688.0)
(9.925000000000074,687.0)
(9.926000000000073,688.0)
(9.927000000000074,688.0)
(9.928000000000074,688.0)
(9.929000000000073,688.0)
(9.930000000000074,687.0)
(9.931000000000074,688.0)
(9.932000000000073,688.0)
(9.933000000000074,689.0)
(9.934000000000074,687.0)
(9.935000000000073,688.0)
(9.936000000000075,688.0)
(9.937000000000074,688.0)
(9.938000000000073,688.0)
(9.939000000000073,689.0)
(9.940000000000074,688.0)
(9.941000000000074,689.0)
(9.942000000000073,687.0)
(9.943000000000074,688.0)
(9.944000000000074,688.0)
(9.945000000000073,688.0)
(9.946000000000074,688.0)
(9.947000000000074,688.0)
(9.948000000000073,688.0)
(9.949000000000074,689.0)
(9.950000000000074,688.0)
(9.950000000000074,688.0)
(9.951315789473758,688.0)
(9.952631578947443,688.0)
(9.953947368421126,688.0)
(9.95526315789481,688.0)
(9.956578947368495,688.0)
(9.95789473684218,688.0)
(9.959210526315864,688.0)
(9.960526315789547,688.0)
(9.961842105263232,688.0)
(9.963157894736916,688.0)
(9.964473684210601,688.0)
(9.965789473684284,688.0)
(9.967105263157968,688.0)
(9.968421052631653,688.0)
(9.969736842105338,688.0)
(9.971052631579022,687.0)
(9.972368421052705,687.0)
(9.97368421052639,688.0)
(9.975000000000074,687.0)
(9.975000000000074,688.0)
(9.976086956521813,689.0)
(9.977173913043552,688.0)
(9.978260869565291,688.0)
(9.97934782608703,687.0)
(9.98043478260877,687.0)
(9.981521739130509,687.0)
(9.982608695652248,688.0)
(9.983695652173987,689.0)
(9.984782608695726,688.0)
(9.985869565217465,688.0)
(9.986956521739204,688.0)
(9.988043478260945,689.0)
(9.989130434782684,687.0)
(9.990217391304423,688.0)
(9.991304347826162,688.0)
(9.992391304347901,688.0)
(9.99347826086964,688.0)
(9.99456521739138,687.0)
(9.995652173913118,686.0)
(9.996739130434857,688.0)
(9.997826086956596,688.0)
(9.998913043478336,687.0)
(10.000000000000075,689.0)
