(45.149999999998506,671.0)
(45.149999999998506,670.0)
(45.1624999999985,671.0)
(45.174999999998505,670.0)
(45.174999999998505,670.0)
(45.18333333333184,671.0)
(45.19166666666517,670.0)
(45.199999999998504,670.0)
(45.199999999998504,671.0)
(45.20833333333184,670.0)
(45.21666666666517,670.0)
(45.2249999999985,670.0)
(45.2249999999985,671.0)
(45.237499999998505,671.0)
(45.2499999999985,670.0)
(45.2499999999985,669.0)
(45.258333333331834,671.0)
(45.26666666666517,670.0)
(45.2749999999985,671.0)
(45.2749999999985,671.0)
(45.2874999999985,671.0)
(45.2999999999985,671.0)
(45.2999999999985,670.0)
(45.312499999998494,670.0)
(45.3249999999985,671.0)
(45.3249999999985,670.0)
(45.349999999998495,670.0)
(45.349999999998495,670.0)
(45.349999999998495,669.0)
(45.36249999999849,671.0)
(45.374999999998494,670.0)
(45.374999999998494,671.0)
(45.374999999998494,671.0)
(45.3874999999985,671.0)
(45.39999999999849,671.0)
(45.39999999999849,670.0)
(45.41249999999849,671.0)
(45.42499999999849,670.0)
(45.42499999999849,671.0)
(45.433333333331824,670.0)
(45.44166666666516,670.0)
(45.44999999999849,671.0)
(45.44999999999849,670.0)
(45.462499999998485,670.0)
(45.47499999999849,670.0)
(45.47499999999849,670.0)
(45.48333333333182,670.0)
(45.491666666665154,671.0)
(45.49999999999849,671.0)
(45.49999999999849,670.0)
(45.51249999999848,671.0)
(45.524999999998485,670.0)
(45.524999999998485,671.0)
(45.53749999999849,671.0)
(45.549999999998484,671.0)
(45.549999999998484,670.0)
(45.549999999998484,671.0)
(45.56249999999848,671.0)
(45.57499999999848,672.0)
(45.57499999999848,670.0)
(45.587499999998485,670.0)
(45.59999999999848,672.0)
(45.59999999999848,671.0)
(45.608333333331814,672.0)
(45.61666666666515,671.0)
(45.62499999999848,670.0)
(45.62499999999848,670.0)
(45.63749999999848,671.0)
(45.64999999999848,671.0)
(45.64999999999848,671.0)
(45.662499999998474,670.0)
(45.67499999999848,671.0)
(45.67499999999848,671.0)
(45.68749999999848,671.0)
(45.699999999998475,671.0)
(45.699999999998475,670.0)
(45.70833333333181,670.0)
(45.71666666666514,670.0)
(45.724999999998474,671.0)
(45.724999999998474,670.0)
(45.73749999999848,671.0)
(45.74999999999847,672.0)
(45.74999999999847,671.0)
(45.76249999999847,671.0)
(45.77499999999847,670.0)
(45.77499999999847,670.0)
(45.787499999998474,671.0)
(45.79999999999847,670.0)
(45.79999999999847,671.0)
(45.8083333333318,671.0)
(45.816666666665135,670.0)
(45.82499999999847,671.0)
(45.82499999999847,671.0)
(45.8333333333318,671.0)
(45.841666666665134,670.0)
(45.84999999999847,670.0)
(45.84999999999847,670.0)
(45.86249999999846,670.0)
(45.874999999998465,672.0)
(45.874999999998465,670.0)
(45.88749999999847,671.0)
(45.899999999998464,672.0)
(45.899999999998464,671.0)
(45.9083333333318,670.0)
(45.91666666666513,670.0)
(45.92499999999846,669.0)
(45.92499999999846,670.0)
(45.937499999998465,669.0)
(45.94999999999846,670.0)
(45.94999999999846,670.0)
(45.96249999999846,669.0)
(45.97499999999846,671.0)
(45.97499999999846,671.0)
(45.98333333333179,671.0)
(45.991666666665125,673.0)
(45.99999999999846,670.0)
(45.99999999999846,673.0)
(46.012499999998454,672.0)
(46.02499999999846,672.0)
(46.02499999999846,672.0)
(46.03749999999846,671.0)
(46.049999999998455,671.0)
(46.049999999998455,670.0)
(46.05833333333179,670.0)
(46.06666666666512,671.0)
(46.074999999998454,671.0)
(46.074999999998454,671.0)
(46.08749999999846,671.0)
(46.09999999999845,671.0)
(46.09999999999845,671.0)
(46.11249999999845,671.0)
(46.12499999999845,671.0)
(46.12499999999845,671.0)
(46.133333333331784,670.0)
(46.14166666666512,671.0)
(46.14999999999845,671.0)
(46.14999999999845,671.0)
(46.162499999998445,671.0)
(46.17499999999845,672.0)
(46.17499999999845,671.0)
(46.18333333333178,671.0)
(46.191666666665114,671.0)
(46.19999999999845,671.0)
(46.19999999999845,672.0)
(46.21249999999844,671.0)
(46.224999999998445,671.0)
(46.224999999998445,671.0)
(46.23749999999845,671.0)
(46.249999999998444,672.0)
(46.249999999998444,671.0)
(46.25833333333178,671.0)
(46.26666666666511,671.0)
(46.27499999999844,671.0)
(46.27499999999844,670.0)
(46.287499999998445,670.0)
(46.29999999999844,670.0)
(46.29999999999844,669.0)
(46.31249999999844,669.0)
(46.32499999999844,670.0)
(46.32499999999844,667.0)
(46.33333333333177,668.0)
(46.341666666665105,667.0)
(46.34999999999844,667.0)
(46.34999999999844,665.0)
(46.362499999998434,665.0)
(46.37499999999844,666.0)
(46.37499999999844,665.0)
(46.38749999999844,665.0)
(46.399999999998435,665.0)
(46.399999999998435,664.0)
(46.41249999999843,665.0)
(46.424999999998434,664.0)
(46.424999999998434,664.0)
(46.43333333333177,663.0)
(46.4416666666651,664.0)
(46.44999999999843,664.0)
(46.44999999999843,663.0)
(46.46249999999843,664.0)
(46.47499999999843,663.0)
(46.47499999999843,663.0)
(46.483333333331764,664.0)
(46.4916666666651,665.0)
(46.49999999999843,664.0)
(46.49999999999843,664.0)
(46.512499999998425,664.0)
(46.52499999999843,664.0)
(46.52499999999843,664.0)
(46.53749999999843,664.0)
(46.54999999999843,664.0)
(46.54999999999843,665.0)
(46.55833333333176,664.0)
(46.56666666666509,663.0)
(46.574999999998425,663.0)
(46.574999999998425,663.0)
(46.58749999999843,663.0)
(46.599999999998424,663.0)
(46.599999999998424,664.0)
(46.599999999998424,664.0)
(46.599999999998424,665.0)
(46.62499999999842,663.0)
(46.62499999999842,663.0)
(46.64999999999842,664.0)
(46.64999999999842,664.0)
(46.64999999999842,663.0)
(46.658333333331754,663.0)
(46.66666666666509,663.0)
(46.67499999999842,662.0)
(46.67499999999842,661.0)
(46.68333333333175,661.0)
(46.691666666665085,660.0)
(46.69999999999842,660.0)
(46.69999999999842,659.0)
(46.72499999999842,660.0)
(46.72499999999842,660.0)
(46.72499999999842,660.0)
(46.73333333333175,660.0)
(46.74166666666508,660.0)
(46.749999999998415,660.0)
(46.749999999998415,660.0)
(46.76249999999841,659.0)
(46.774999999998414,660.0)
(46.774999999998414,660.0)
(46.78333333333175,661.0)
(46.79166666666508,659.0)
(46.79999999999841,660.0)
(46.79999999999841,660.0)
(46.81249999999841,660.0)
(46.82499999999841,660.0)
(46.82499999999841,659.0)
(46.837499999998414,660.0)
(46.84999999999841,660.0)
(46.84999999999841,660.0)
(46.85833333333174,660.0)
(46.866666666665076,660.0)
(46.87499999999841,660.0)
(46.87499999999841,660.0)
(46.88749999999841,660.0)
(46.89999999999841,660.0)
(46.89999999999841,659.0)
(46.924999999998406,660.0)
(46.924999999998406,659.0)
(46.924999999998406,660.0)
(46.93333333333174,659.0)
(46.94166666666507,660.0)
(46.949999999998404,660.0)
(46.949999999998404,659.0)
(46.9624999999984,660.0)
(46.9749999999984,660.0)
(46.9749999999984,660.0)
(46.987499999998406,660.0)
(46.9999999999984,660.0)
(46.9999999999984,660.0)
(47.008333333331734,660.0)
(47.01666666666507,660.0)
(47.0249999999984,660.0)
(47.0249999999984,659.0)
(47.0374999999984,660.0)
(47.0499999999984,660.0)
(47.0499999999984,659.0)
(47.062499999998394,660.0)
(47.0749999999984,660.0)
(47.0749999999984,660.0)
(47.08333333333173,659.0)
(47.09166666666506,659.0)
(47.099999999998396,660.0)
(47.099999999998396,660.0)
(47.11249999999839,659.0)
(47.124999999998394,658.0)
(47.124999999998394,660.0)
(47.13333333333173,659.0)
(47.14166666666506,660.0)
(47.14999999999839,659.0)
(47.14999999999839,660.0)
(47.16249999999839,659.0)
(47.17499999999839,659.0)
(47.17499999999839,659.0)
(47.187499999998394,657.0)
(47.19999999999839,659.0)
(47.19999999999839,659.0)
(47.212499999998386,659.0)
(47.22499999999839,658.0)
(47.22499999999839,659.0)
(47.23333333333172,658.0)
(47.241666666665054,658.0)
(47.24999999999839,658.0)
(47.24999999999839,658.0)
(47.26249999999838,658.0)
(47.274999999998386,658.0)
(47.274999999998386,659.0)
(47.28333333333172,659.0)
(47.29166666666505,658.0)
(47.299999999998384,658.0)
(47.299999999998384,658.0)
(47.31249999999838,657.0)
(47.32499999999838,657.0)
(47.32499999999838,658.0)
(47.337499999998386,658.0)
(47.34999999999838,660.0)
(47.34999999999838,657.0)
(47.358333333331714,658.0)
(47.36666666666505,658.0)
(47.37499999999838,658.0)
(47.37499999999838,659.0)
(47.38749999999838,658.0)
(47.39999999999838,658.0)
(47.39999999999838,659.0)
(47.40833333333171,659.0)
(47.416666666665044,659.0)
(47.42499999999838,657.0)
(47.42499999999838,658.0)
(47.43749999999838,659.0)
(47.449999999998376,657.0)
(47.449999999998376,659.0)
(47.45833333333171,657.0)
(47.46666666666504,659.0)
(47.474999999998374,660.0)
(47.474999999998374,659.0)
(47.48749999999838,659.0)
(47.49999999999837,658.0)
(47.49999999999837,658.0)
(47.51249999999837,657.0)
(47.52499999999837,657.0)
(47.52499999999837,658.0)
(47.533333333331704,658.0)
(47.54166666666504,659.0)
(47.54999999999837,659.0)
(47.54999999999837,659.0)
(47.562499999998366,659.0)
(47.57499999999837,660.0)
(47.57499999999837,659.0)
(47.5833333333317,659.0)
(47.591666666665034,660.0)
(47.59999999999837,659.0)
(47.59999999999837,660.0)
(47.61249999999836,660.0)
(47.624999999998366,659.0)
(47.624999999998366,660.0)
(47.6333333333317,660.0)
(47.64166666666503,660.0)
(47.649999999998364,660.0)
(47.649999999998364,660.0)
(47.66249999999836,659.0)
(47.67499999999836,660.0)
(47.67499999999836,660.0)
(47.687499999998366,660.0)
(47.69999999999836,660.0)
(47.69999999999836,659.0)
(47.71249999999836,660.0)
(47.72499999999836,660.0)
(47.72499999999836,660.0)
(47.73333333333169,660.0)
(47.741666666665026,660.0)
(47.74999999999836,659.0)
(47.74999999999836,659.0)
(47.762499999998354,659.0)
(47.77499999999836,660.0)
(47.77499999999836,660.0)
(47.78749999999836,660.0)
(47.799999999998356,660.0)
(47.799999999998356,659.0)
(47.80833333333169,660.0)
(47.81666666666502,660.0)
(47.824999999998354,660.0)
(47.824999999998354,660.0)
(47.83749999999836,660.0)
(47.84999999999835,660.0)
(47.84999999999835,660.0)
(47.86249999999835,660.0)
(47.87499999999835,660.0)
(47.87499999999835,660.0)
(47.883333333331684,660.0)
(47.89166666666502,660.0)
(47.89999999999835,659.0)
(47.89999999999835,660.0)
(47.912499999998346,660.0)
(47.92499999999835,660.0)
(47.92499999999835,660.0)
(47.93749999999835,660.0)
(47.94999999999835,660.0)
(47.94999999999835,660.0)
(47.95833333333168,661.0)
(47.96666666666501,660.0)
(47.974999999998346,661.0)
(47.974999999998346,660.0)
(47.98749999999835,660.0)
(47.999999999998344,660.0)
(47.999999999998344,660.0)
(48.00833333333168,660.0)
(48.01666666666501,660.0)
(48.02499999999834,660.0)
(48.02499999999834,660.0)
(48.037499999998346,660.0)
(48.04999999999834,662.0)
(48.04999999999834,660.0)
(48.06249999999834,660.0)
(48.07499999999834,661.0)
(48.07499999999834,660.0)
(48.08333333333167,661.0)
(48.091666666665006,661.0)
(48.09999999999834,661.0)
(48.09999999999834,661.0)
(48.112499999998334,660.0)
(48.12499999999834,661.0)
(48.12499999999834,661.0)
(48.13333333333167,661.0)
(48.141666666665,661.0)
(48.149999999998336,660.0)
(48.149999999998336,660.0)
(48.16249999999833,661.0)
(48.174999999998334,661.0)
(48.174999999998334,660.0)
(48.18749999999834,660.0)
(48.19999999999833,660.0)
(48.19999999999833,660.0)
(48.208333333331666,660.0)
(48.216666666665,660.0)
(48.22499999999833,660.0)
(48.22499999999833,661.0)
(48.237499999998334,661.0)
(48.24999999999833,660.0)
(48.24999999999833,660.0)
(48.25833333333166,661.0)
(48.266666666664996,661.0)
(48.27499999999833,663.0)
(48.27499999999833,661.0)
(48.28749999999833,662.0)
(48.29999999999833,662.0)
(48.29999999999833,662.0)
(48.31249999999832,663.0)
(48.324999999998326,664.0)
(48.324999999998326,665.0)
(48.33333333333166,665.0)
(48.34166666666499,665.0)
(48.349999999998325,664.0)
(48.349999999998325,667.0)
(48.36249999999832,666.0)
(48.37499999999832,667.0)
(48.37499999999832,667.0)
(48.387499999998326,668.0)
(48.39999999999832,668.0)
(48.39999999999832,668.0)
(48.408333333331655,668.0)
(48.41666666666499,668.0)
(48.42499999999832,668.0)
(48.42499999999832,668.0)
(48.44999999999832,669.0)
(48.44999999999832,669.0)
(48.47499999999832,668.0)
(48.47499999999832,668.0)
(48.48749999999832,669.0)
(48.499999999998316,668.0)
(48.499999999998316,669.0)
(48.51249999999831,669.0)
(48.524999999998315,668.0)
(48.524999999998315,669.0)
(48.53749999999832,669.0)
(48.54999999999831,669.0)
(48.54999999999831,668.0)
(48.558333333331646,669.0)
(48.56666666666498,669.0)
(48.57499999999831,669.0)
(48.57499999999831,668.0)
(48.587499999998315,668.0)
(48.59999999999831,669.0)
(48.59999999999831,670.0)
(48.612499999998306,669.0)
(48.62499999999831,669.0)
(48.62499999999831,669.0)
(48.63333333333164,669.0)
(48.641666666664975,669.0)
(48.64999999999831,669.0)
(48.64999999999831,669.0)
(48.6624999999983,668.0)
(48.674999999998306,670.0)
(48.674999999998306,669.0)
(48.68333333333164,669.0)
(48.69166666666497,669.0)
(48.699999999998305,669.0)
(48.699999999998305,668.0)
(48.7124999999983,669.0)
(48.7249999999983,669.0)
(48.7249999999983,669.0)
(48.737499999998306,669.0)
(48.7499999999983,668.0)
(48.7499999999983,668.0)
(48.758333333331635,667.0)
(48.76666666666497,668.0)
(48.7749999999983,669.0)
(48.7749999999983,668.0)
(48.7874999999983,668.0)
(48.7999999999983,668.0)
(48.7999999999983,668.0)
(48.80833333333163,668.0)
(48.816666666664965,669.0)
(48.8249999999983,669.0)
(48.8249999999983,668.0)
(48.8249999999983,669.0)
(48.849999999998296,668.0)
(48.849999999998296,669.0)
(48.86249999999829,669.0)
(48.874999999998295,669.0)
(48.874999999998295,668.0)
(48.88333333333163,668.0)
(48.89166666666496,670.0)
(48.89999999999829,668.0)
(48.89999999999829,669.0)
(48.91249999999829,668.0)
(48.92499999999829,669.0)
(48.92499999999829,669.0)
(48.937499999998295,669.0)
(48.94999999999829,669.0)
(48.94999999999829,669.0)
(48.95833333333162,669.0)
(48.966666666664956,669.0)
(48.97499999999829,669.0)
(48.97499999999829,669.0)
(48.98333333333162,669.0)
(48.991666666664955,669.0)
(48.99999999999829,669.0)
(48.99999999999829,669.0)
(49.01249999999828,669.0)
(49.024999999998286,669.0)
(49.024999999998286,670.0)
(49.03749999999829,669.0)
(49.049999999998285,669.0)
(49.049999999998285,669.0)
(49.05833333333162,669.0)
(49.06666666666495,669.0)
(49.07499999999828,668.0)
(49.07499999999828,668.0)
(49.087499999998286,669.0)
(49.09999999999828,669.0)
(49.09999999999828,669.0)
(49.11249999999828,669.0)
(49.12499999999828,669.0)
(49.12499999999828,669.0)
(49.13749999999828,669.0)
(49.14999999999828,669.0)
(49.14999999999828,669.0)
(49.15833333333161,669.0)
(49.166666666664945,669.0)
(49.17499999999828,669.0)
(49.17499999999828,669.0)
(49.18749999999828,669.0)
(49.199999999998276,669.0)
(49.199999999998276,669.0)
(49.20833333333161,669.0)
(49.21666666666494,669.0)
(49.224999999998275,669.0)
(49.224999999998275,670.0)
(49.23749999999828,670.0)
(49.24999999999827,670.0)
(49.24999999999827,670.0)
(49.26249999999827,670.0)
(49.27499999999827,670.0)
(49.27499999999827,670.0)
(49.287499999998275,670.0)
(49.29999999999827,671.0)
(49.29999999999827,670.0)
(49.3083333333316,670.0)
(49.316666666664936,670.0)
(49.32499999999827,671.0)
(49.32499999999827,671.0)
(49.33749999999827,671.0)
(49.34999999999827,671.0)
(49.34999999999827,670.0)
(49.36249999999826,670.0)
(49.374999999998266,670.0)
(49.374999999998266,669.0)
(49.3833333333316,670.0)
(49.39166666666493,670.0)
(49.399999999998265,670.0)
(49.399999999998265,670.0)
(49.41249999999826,669.0)
(49.42499999999826,670.0)
(49.42499999999826,669.0)
(49.437499999998266,670.0)
(49.44999999999826,669.0)
(49.44999999999826,670.0)
(49.458333333331595,670.0)
(49.46666666666493,670.0)
(49.47499999999826,670.0)
(49.47499999999826,670.0)
(49.48749999999826,669.0)
(49.49999999999826,670.0)
(49.49999999999826,670.0)
(49.512499999998255,669.0)
(49.52499999999826,669.0)
(49.52499999999826,669.0)
(49.53333333333159,670.0)
(49.54166666666492,669.0)
(49.549999999998256,670.0)
(49.549999999998256,670.0)
(49.56249999999825,670.0)
(49.574999999998255,670.0)
(49.574999999998255,670.0)
(49.58749999999826,670.0)
(49.59999999999825,669.0)
(49.59999999999825,670.0)
(49.608333333331586,670.0)
(49.61666666666492,670.0)
(49.62499999999825,670.0)
(49.62499999999825,670.0)
(49.637499999998255,669.0)
(49.64999999999825,670.0)
(49.64999999999825,669.0)
(49.65833333333158,670.0)
(49.666666666664916,670.0)
(49.67499999999825,670.0)
(49.67499999999825,670.0)
(49.68749999999825,670.0)
(49.69999999999825,670.0)
(49.69999999999825,669.0)
(49.71249999999824,670.0)
(49.724999999998246,670.0)
(49.724999999998246,671.0)
(49.73333333333158,670.0)
(49.74166666666491,669.0)
(49.749999999998245,670.0)
(49.749999999998245,670.0)
(49.76249999999824,670.0)
(49.77499999999824,669.0)
(49.77499999999824,670.0)
(49.787499999998246,669.0)
(49.79999999999824,669.0)
(49.79999999999824,670.0)
(49.81249999999824,669.0)
(49.82499999999824,670.0)
(49.82499999999824,669.0)
(49.833333333331574,670.0)
(49.841666666664906,670.0)
(49.84999999999824,670.0)
(49.84999999999824,669.0)
(49.862499999998235,671.0)
(49.87499999999824,670.0)
(49.87499999999824,670.0)
(49.88749999999824,670.0)
(49.899999999998236,671.0)
(49.899999999998236,670.0)
(49.90833333333157,669.0)
(49.9166666666649,669.0)
(49.924999999998235,671.0)
(49.924999999998235,670.0)
(49.93749999999824,669.0)
(49.949999999998234,670.0)
(49.949999999998234,670.0)
(49.96249999999823,670.0)
(49.97499999999823,670.0)
(49.97499999999823,670.0)
(49.983333333331565,670.0)
(49.9916666666649,670.0)
(49.99999999999823,670.0)
(49.99999999999823,669.0)
(50.01249999999823,671.0)
(50.02499999999823,670.0)
(50.02499999999823,671.0)
(50.03749999999823,670.0)
(50.04999999999823,669.0)
(50.04999999999823,670.0)
(50.05833333333156,670.0)
(50.066666666664894,670.0)
(50.07499999999823,670.0)
(50.07499999999823,670.0)
(50.08749999999823,670.0)
(50.099999999998225,669.0)
(50.099999999998225,670.0)
(50.10833333333156,670.0)
(50.11666666666489,670.0)
(50.124999999998224,670.0)
(50.124999999998224,670.0)
(50.13333333333156,669.0)
(50.14166666666489,670.0)
(50.14999999999822,670.0)
(50.14999999999822,670.0)
(50.16249999999822,670.0)
(50.17499999999822,670.0)
