(15.000000000000146,676.0)
(15.000000000000146,676.0)
(15.012500000000145,677.0)
(15.025000000000146,676.0)
(15.025000000000146,677.0)
(15.033333333333479,677.0)
(15.041666666666814,677.0)
(15.050000000000146,677.0)
(15.050000000000146,676.0)
(15.062500000000146,676.0)
(15.075000000000147,677.0)
(15.075000000000147,676.0)
(15.081250000000146,677.0)
(15.087500000000148,676.0)
(15.093750000000147,676.0)
(15.100000000000147,676.0)
(15.100000000000147,675.0)
(15.112500000000146,676.0)
(15.125000000000147,675.0)
(15.125000000000147,676.0)
(15.13333333333348,677.0)
(15.141666666666815,676.0)
(15.150000000000148,676.0)
(15.150000000000148,677.0)
(15.162500000000147,677.0)
(15.175000000000148,677.0)
(15.175000000000148,676.0)
(15.183333333333481,675.0)
(15.191666666666816,675.0)
(15.200000000000149,676.0)
(15.200000000000149,676.0)
(15.212500000000148,676.0)
(15.225000000000149,676.0)
(15.225000000000149,677.0)
(15.233333333333482,677.0)
(15.241666666666816,678.0)
(15.25000000000015,675.0)
(15.25000000000015,675.0)
(15.262500000000149,676.0)
(15.27500000000015,677.0)
(15.27500000000015,677.0)
(15.28750000000015,675.0)
(15.30000000000015,678.0)
(15.30000000000015,677.0)
(15.308333333333483,675.0)
(15.316666666666817,677.0)
(15.32500000000015,676.0)
(15.32500000000015,676.0)
(15.337500000000151,676.0)
(15.35000000000015,676.0)
(15.35000000000015,677.0)
(15.36250000000015,677.0)
(15.375000000000151,676.0)
(15.375000000000151,676.0)
(15.383333333333484,677.0)
(15.391666666666818,676.0)
(15.400000000000151,676.0)
(15.400000000000151,677.0)
(15.41250000000015,676.0)
(15.425000000000152,676.0)
(15.425000000000152,676.0)
(15.433333333333485,678.0)
(15.44166666666682,676.0)
(15.450000000000152,677.0)
(15.450000000000152,676.0)
(15.462500000000151,675.0)
(15.475000000000152,678.0)
(15.475000000000152,676.0)
(15.487500000000153,678.0)
(15.500000000000153,676.0)
(15.500000000000153,676.0)
(15.512500000000152,677.0)
(15.525000000000153,676.0)
(15.525000000000153,677.0)
(15.537500000000154,677.0)
(15.550000000000153,676.0)
(15.550000000000153,676.0)
(15.558333333333486,676.0)
(15.566666666666821,677.0)
(15.575000000000154,677.0)
(15.575000000000154,676.0)
(15.587500000000155,677.0)
(15.600000000000154,677.0)
(15.600000000000154,677.0)
(15.612500000000153,676.0)
(15.625000000000155,677.0)
(15.625000000000155,680.0)
(15.633333333333487,679.0)
(15.641666666666822,679.0)
(15.650000000000155,679.0)
(15.650000000000155,680.0)
(15.662500000000154,680.0)
(15.675000000000155,680.0)
(15.675000000000155,680.0)
(15.687500000000156,680.0)
(15.700000000000156,680.0)
(15.700000000000156,680.0)
(15.708333333333488,680.0)
(15.716666666666823,680.0)
(15.725000000000156,680.0)
(15.725000000000156,680.0)
(15.737500000000157,680.0)
(15.750000000000156,680.0)
(15.750000000000156,680.0)
(15.762500000000156,680.0)
(15.775000000000157,680.0)
(15.775000000000157,680.0)
(15.78333333333349,680.0)
(15.791666666666824,680.0)
(15.800000000000157,680.0)
(15.800000000000157,681.0)
(15.812500000000156,680.0)
(15.825000000000157,680.0)
(15.825000000000157,680.0)
(15.837500000000158,680.0)
(15.850000000000158,680.0)
(15.850000000000158,680.0)
(15.862500000000157,680.0)
(15.875000000000158,680.0)
(15.875000000000158,680.0)
(15.883333333333491,680.0)
(15.891666666666826,680.0)
(15.900000000000158,680.0)
(15.900000000000158,680.0)
(15.912500000000158,680.0)
(15.925000000000159,680.0)
(15.925000000000159,680.0)
(15.95000000000016,680.0)
(15.95000000000016,681.0)
(15.97500000000016,680.0)
(15.97500000000016,680.0)
(15.98750000000016,680.0)
(16.00000000000016,680.0)
(16.00000000000016,680.0)
(16.008333333333493,682.0)
(16.016666666666826,682.0)
(16.02500000000016,684.0)
(16.02500000000016,685.0)
(16.037500000000158,685.0)
(16.050000000000157,686.0)
(16.050000000000157,686.0)
(16.062500000000156,685.0)
(16.075000000000156,686.0)
(16.075000000000156,686.0)
(16.087500000000155,687.0)
(16.100000000000154,687.0)
(16.100000000000154,688.0)
(16.112500000000153,687.0)
(16.125000000000153,686.0)
(16.125000000000153,687.0)
(16.133333333333486,687.0)
(16.14166666666682,686.0)
(16.15000000000015,688.0)
(16.15000000000015,687.0)
(16.16250000000015,687.0)
(16.17500000000015,687.0)
(16.17500000000015,687.0)
(16.18750000000015,687.0)
(16.20000000000015,687.0)
(16.20000000000015,687.0)
(16.212500000000148,687.0)
(16.225000000000147,686.0)
(16.225000000000147,687.0)
(16.23333333333348,687.0)
(16.241666666666813,687.0)
(16.250000000000146,686.0)
(16.250000000000146,687.0)
(16.262500000000145,687.0)
(16.275000000000144,686.0)
(16.275000000000144,687.0)
(16.287500000000144,686.0)
(16.300000000000143,687.0)
(16.300000000000143,688.0)
(16.312500000000142,688.0)
(16.32500000000014,689.0)
(16.32500000000014,689.0)
(16.333333333333474,689.0)
(16.341666666666807,689.0)
(16.35000000000014,689.0)
(16.35000000000014,690.0)
(16.36250000000014,690.0)
(16.37500000000014,691.0)
(16.37500000000014,691.0)
(16.387500000000138,691.0)
(16.400000000000137,691.0)
(16.400000000000137,692.0)
(16.412500000000136,690.0)
(16.425000000000136,690.0)
(16.425000000000136,691.0)
(16.437500000000135,691.0)
(16.450000000000134,691.0)
(16.450000000000134,692.0)
(16.458333333333467,691.0)
(16.4666666666668,690.0)
(16.475000000000133,691.0)
(16.475000000000133,691.0)
(16.487500000000132,692.0)
(16.50000000000013,691.0)
(16.50000000000013,690.0)
(16.508333333333464,690.0)
(16.516666666666797,692.0)
(16.52500000000013,692.0)
(16.52500000000013,692.0)
(16.53750000000013,692.0)
(16.55000000000013,691.0)
(16.55000000000013,691.0)
(16.562500000000128,688.0)
(16.575000000000127,691.0)
(16.575000000000127,689.0)
(16.587500000000126,691.0)
(16.600000000000126,692.0)
(16.600000000000126,691.0)
(16.60833333333346,693.0)
(16.61666666666679,693.0)
(16.625000000000124,692.0)
(16.625000000000124,692.0)
(16.637500000000124,691.0)
(16.650000000000123,692.0)
(16.650000000000123,690.0)
(16.65625000000012,689.0)
(16.662500000000122,692.0)
(16.668750000000124,692.0)
(16.67500000000012,692.0)
(16.67500000000012,691.0)
(16.68750000000012,692.0)
(16.70000000000012,692.0)
(16.70000000000012,693.0)
(16.71250000000012,693.0)
(16.72500000000012,692.0)
(16.72500000000012,694.0)
(16.73333333333345,693.0)
(16.741666666666784,693.0)
(16.750000000000117,693.0)
(16.750000000000117,693.0)
(16.750000000000117,693.0)
(16.775000000000116,693.0)
(16.775000000000116,693.0)
(16.787500000000115,691.0)
(16.800000000000114,693.0)
(16.800000000000114,693.0)
(16.812500000000114,693.0)
(16.825000000000113,694.0)
(16.825000000000113,694.0)
(16.837500000000112,692.0)
(16.85000000000011,693.0)
(16.85000000000011,693.0)
(16.858333333333444,693.0)
(16.866666666666777,693.0)
(16.87500000000011,694.0)
(16.87500000000011,693.0)
(16.88750000000011,692.0)
(16.90000000000011,693.0)
(16.90000000000011,693.0)
(16.912500000000108,692.0)
(16.925000000000107,693.0)
(16.925000000000107,692.0)
(16.937500000000107,694.0)
(16.950000000000106,693.0)
(16.950000000000106,694.0)
(16.962500000000105,694.0)
(16.975000000000104,692.0)
(16.975000000000104,693.0)
(16.983333333333437,694.0)
(16.99166666666677,693.0)
(17.000000000000103,694.0)
(17.000000000000103,693.0)
(17.012500000000102,693.0)
(17.0250000000001,694.0)
(17.0250000000001,694.0)
(17.033333333333434,694.0)
(17.041666666666767,694.0)
(17.0500000000001,694.0)
(17.0500000000001,694.0)
(17.0625000000001,694.0)
(17.0750000000001,694.0)
(17.0750000000001,693.0)
(17.087500000000098,693.0)
(17.100000000000097,693.0)
(17.100000000000097,695.0)
(17.112500000000097,693.0)
(17.125000000000096,694.0)
(17.125000000000096,692.0)
(17.137500000000095,694.0)
(17.150000000000095,693.0)
(17.150000000000095,694.0)
(17.158333333333427,693.0)
(17.16666666666676,695.0)
(17.175000000000093,693.0)
(17.175000000000093,693.0)
(17.187500000000092,694.0)
(17.20000000000009,694.0)
(17.20000000000009,693.0)
(17.21250000000009,693.0)
(17.22500000000009,694.0)
(17.22500000000009,695.0)
(17.23750000000009,694.0)
(17.25000000000009,694.0)
(17.25000000000009,693.0)
(17.262500000000088,694.0)
(17.275000000000087,693.0)
(17.275000000000087,693.0)
(17.28333333333342,695.0)
(17.291666666666753,694.0)
(17.300000000000086,694.0)
(17.300000000000086,694.0)
(17.312500000000085,693.0)
(17.325000000000085,694.0)
(17.325000000000085,692.0)
(17.337500000000084,694.0)
(17.350000000000083,694.0)
(17.350000000000083,693.0)
(17.37500000000008,694.0)
(17.37500000000008,693.0)
(17.37500000000008,693.0)
(17.38750000000008,694.0)
(17.40000000000008,694.0)
(17.40000000000008,693.0)
(17.408333333333413,693.0)
(17.416666666666746,694.0)
(17.42500000000008,695.0)
(17.42500000000008,693.0)
(17.437500000000078,693.0)
(17.450000000000077,693.0)
(17.450000000000077,693.0)
(17.462500000000077,695.0)
(17.475000000000076,693.0)
(17.475000000000076,693.0)
(17.487500000000075,692.0)
(17.500000000000075,693.0)
(17.500000000000075,694.0)
(17.508333333333407,694.0)
(17.51666666666674,693.0)
(17.525000000000073,694.0)
(17.525000000000073,693.0)
(17.537500000000072,692.0)
(17.55000000000007,693.0)
(17.55000000000007,694.0)
(17.56250000000007,694.0)
(17.57500000000007,693.0)
(17.57500000000007,692.0)
(17.58750000000007,694.0)
(17.60000000000007,694.0)
(17.60000000000007,694.0)
(17.60000000000007,693.0)
(17.612500000000068,694.0)
(17.625000000000068,694.0)
(17.625000000000068,693.0)
(17.637500000000067,693.0)
(17.650000000000066,693.0)
(17.650000000000066,693.0)
(17.662500000000065,692.0)
(17.675000000000065,690.0)
(17.675000000000065,692.0)
(17.683333333333398,690.0)
(17.69166666666673,691.0)
(17.700000000000063,689.0)
(17.700000000000063,691.0)
(17.712500000000063,691.0)
(17.725000000000062,690.0)
(17.725000000000062,690.0)
(17.73750000000006,690.0)
(17.75000000000006,690.0)
(17.75000000000006,691.0)
(17.758333333333393,690.0)
(17.766666666666726,689.0)
(17.77500000000006,690.0)
(17.77500000000006,689.0)
(17.78750000000006,690.0)
(17.800000000000058,689.0)
(17.800000000000058,689.0)
(17.825000000000056,689.0)
(17.825000000000056,689.0)
(17.825000000000056,691.0)
(17.837500000000055,690.0)
(17.850000000000055,690.0)
(17.850000000000055,691.0)
(17.862500000000054,690.0)
(17.875000000000053,690.0)
(17.875000000000053,690.0)
(17.883333333333386,690.0)
(17.89166666666672,690.0)
(17.900000000000052,690.0)
(17.900000000000052,689.0)
(17.91250000000005,690.0)
(17.92500000000005,690.0)
(17.92500000000005,690.0)
(17.93750000000005,690.0)
(17.95000000000005,690.0)
(17.95000000000005,689.0)
(17.96250000000005,690.0)
(17.975000000000048,689.0)
(17.975000000000048,688.0)
(17.98333333333338,690.0)
(17.991666666666713,687.0)
(18.000000000000046,688.0)
(18.000000000000046,687.0)
(18.012500000000045,686.0)
(18.025000000000045,686.0)
(18.025000000000045,684.0)
(18.037500000000044,686.0)
(18.050000000000043,683.0)
(18.050000000000043,683.0)
(18.062500000000043,683.0)
(18.075000000000042,681.0)
(18.075000000000042,682.0)
(18.083333333333375,680.0)
(18.091666666666708,680.0)
(18.10000000000004,682.0)
(18.10000000000004,681.0)
(18.11250000000004,680.0)
(18.12500000000004,682.0)
(18.12500000000004,682.0)
(18.13750000000004,681.0)
(18.150000000000038,680.0)
(18.150000000000038,680.0)
(18.15833333333337,680.0)
(18.166666666666703,681.0)
(18.175000000000036,680.0)
(18.175000000000036,680.0)
(18.187500000000036,682.0)
(18.200000000000035,680.0)
(18.200000000000035,680.0)
(18.212500000000034,680.0)
(18.225000000000033,681.0)
(18.225000000000033,680.0)
(18.233333333333366,680.0)
(18.2416666666667,681.0)
(18.250000000000032,680.0)
(18.250000000000032,680.0)
(18.26250000000003,680.0)
(18.27500000000003,681.0)
(18.27500000000003,680.0)
(18.283333333333363,680.0)
(18.291666666666696,680.0)
(18.30000000000003,680.0)
(18.30000000000003,680.0)
(18.31250000000003,682.0)
(18.325000000000028,680.0)
(18.325000000000028,680.0)
(18.337500000000027,680.0)
(18.350000000000026,680.0)
(18.350000000000026,680.0)
(18.362500000000026,680.0)
(18.375000000000025,680.0)
(18.375000000000025,680.0)
(18.383333333333358,680.0)
(18.39166666666669,680.0)
(18.400000000000023,680.0)
(18.400000000000023,679.0)
(18.412500000000023,679.0)
(18.425000000000022,679.0)
(18.425000000000022,679.0)
(18.433333333333355,679.0)
(18.441666666666688,679.0)
(18.45000000000002,679.0)
(18.45000000000002,679.0)
(18.47500000000002,680.0)
(18.47500000000002,677.0)
(18.483333333333352,679.0)
(18.491666666666685,679.0)
(18.500000000000018,679.0)
(18.500000000000018,678.0)
(18.512500000000017,678.0)
(18.525000000000016,679.0)
(18.525000000000016,680.0)
(18.53333333333335,679.0)
(18.541666666666682,678.0)
(18.550000000000015,677.0)
(18.550000000000015,679.0)
(18.562500000000014,677.0)
(18.575000000000014,677.0)
(18.575000000000014,678.0)
(18.587500000000013,679.0)
(18.600000000000012,679.0)
(18.600000000000012,676.0)
(18.608333333333345,679.0)
(18.616666666666678,678.0)
(18.62500000000001,679.0)
(18.62500000000001,677.0)
(18.63750000000001,679.0)
(18.65000000000001,677.0)
(18.65000000000001,677.0)
(18.66250000000001,680.0)
(18.675000000000008,677.0)
(18.675000000000008,679.0)
(18.687500000000007,678.0)
(18.700000000000006,677.0)
(18.700000000000006,678.0)
(18.700000000000006,678.0)
(18.712500000000006,678.0)
(18.725000000000005,677.0)
(18.725000000000005,677.0)
(18.733333333333338,677.0)
(18.74166666666667,677.0)
(18.750000000000004,677.0)
(18.750000000000004,677.0)
(18.762500000000003,677.0)
(18.775000000000002,680.0)
(18.775000000000002,676.0)
(18.7875,678.0)
(18.8,678.0)
(18.8,676.0)
(18.8125,678.0)
(18.825,677.0)
(18.825,677.0)
(18.833333333333332,677.0)
(18.841666666666665,677.0)
(18.849999999999998,677.0)
(18.849999999999998,677.0)
(18.85833333333333,676.0)
(18.866666666666664,678.0)
(18.874999999999996,676.0)
(18.874999999999996,676.0)
(18.887499999999996,677.0)
(18.899999999999995,676.0)
(18.899999999999995,678.0)
(18.908333333333328,676.0)
(18.91666666666666,678.0)
(18.924999999999994,676.0)
(18.924999999999994,677.0)
(18.937499999999993,677.0)
(18.949999999999992,677.0)
(18.949999999999992,677.0)
(18.96249999999999,678.0)
(18.97499999999999,676.0)
(18.97499999999999,678.0)
(18.983333333333324,676.0)
(18.991666666666656,676.0)
(18.99999999999999,676.0)
(18.99999999999999,676.0)
(19.01249999999999,676.0)
(19.024999999999988,677.0)
(19.024999999999988,676.0)
(19.037499999999987,677.0)
(19.049999999999986,677.0)
(19.049999999999986,677.0)
(19.062499999999986,678.0)
(19.074999999999985,675.0)
(19.074999999999985,677.0)
(19.083333333333318,676.0)
(19.09166666666665,677.0)
(19.099999999999984,678.0)
(19.099999999999984,676.0)
(19.112499999999983,677.0)
(19.124999999999982,677.0)
(19.124999999999982,675.0)
(19.13749999999998,676.0)
(19.14999999999998,677.0)
(19.14999999999998,677.0)
(19.16249999999998,677.0)
(19.17499999999998,677.0)
(19.17499999999998,676.0)
(19.18749999999998,677.0)
(19.199999999999978,677.0)
(19.199999999999978,677.0)
(19.20833333333331,677.0)
(19.216666666666644,676.0)
(19.224999999999977,677.0)
(19.224999999999977,677.0)
(19.237499999999976,677.0)
(19.249999999999975,676.0)
(19.249999999999975,676.0)
(19.262499999999974,677.0)
(19.274999999999974,676.0)
(19.274999999999974,676.0)
(19.287499999999973,676.0)
(19.299999999999972,677.0)
(19.299999999999972,677.0)
(19.308333333333305,676.0)
(19.316666666666638,676.0)
(19.32499999999997,677.0)
(19.32499999999997,676.0)
(19.33749999999997,677.0)
(19.34999999999997,677.0)
(19.34999999999997,676.0)
(19.36249999999997,676.0)
(19.374999999999968,675.0)
(19.374999999999968,678.0)
(19.3833333333333,676.0)
(19.391666666666634,676.0)
(19.399999999999967,677.0)
(19.399999999999967,676.0)
(19.412499999999966,675.0)
(19.424999999999965,675.0)
(19.424999999999965,677.0)
(19.433333333333298,677.0)
(19.44166666666663,677.0)
(19.449999999999964,676.0)
(19.449999999999964,676.0)
(19.462499999999963,677.0)
(19.474999999999962,677.0)
(19.474999999999962,677.0)
(19.48749999999996,676.0)
(19.49999999999996,677.0)
(19.49999999999996,677.0)
(19.508333333333294,676.0)
(19.516666666666627,676.0)
(19.52499999999996,678.0)
(19.52499999999996,678.0)
(19.53749999999996,677.0)
(19.549999999999958,676.0)
(19.549999999999958,676.0)
(19.562499999999957,676.0)
(19.574999999999957,676.0)
(19.574999999999957,676.0)
(19.58333333333329,675.0)
(19.591666666666622,677.0)
(19.599999999999955,676.0)
(19.599999999999955,677.0)
(19.612499999999955,676.0)
(19.624999999999954,676.0)
(19.624999999999954,676.0)
(19.637499999999953,676.0)
(19.649999999999952,677.0)
(19.649999999999952,676.0)
(19.66249999999995,678.0)
(19.67499999999995,678.0)
(19.67499999999995,676.0)
(19.68749999999995,676.0)
(19.69999999999995,677.0)
(19.69999999999995,676.0)
(19.71249999999995,677.0)
(19.724999999999948,676.0)
(19.724999999999948,676.0)
(19.73333333333328,677.0)
(19.741666666666614,676.0)
(19.749999999999947,678.0)
(19.749999999999947,677.0)
(19.762499999999946,676.0)
(19.774999999999945,678.0)
(19.774999999999945,676.0)
(19.799999999999944,676.0)
(19.799999999999944,677.0)
(19.799999999999944,677.0)
(19.812499999999943,676.0)
(19.824999999999942,676.0)
(19.824999999999942,676.0)
(19.833333333333275,677.0)
(19.841666666666608,675.0)
(19.84999999999994,676.0)
(19.84999999999994,678.0)
(19.86249999999994,676.0)
(19.87499999999994,676.0)
(19.87499999999994,677.0)
(19.88749999999994,676.0)
(19.899999999999938,678.0)
(19.899999999999938,675.0)
(19.90833333333327,676.0)
(19.916666666666604,676.0)
(19.924999999999937,676.0)
(19.924999999999937,677.0)
(19.937499999999936,675.0)
(19.949999999999935,678.0)
(19.949999999999935,676.0)
(19.962499999999935,677.0)
(19.974999999999934,677.0)
(19.974999999999934,676.0)
(19.987499999999933,676.0)
(19.999999999999932,676.0)
(19.999999999999932,677.0)
(20.008333333333265,677.0)
(20.016666666666598,677.0)
(20.02499999999993,676.0)
