(15.000000000000146,0.281414)
(15.000000000000146,0.421318)
(15.012500000000145,0.374572)
(15.025000000000146,0.311173)
(15.025000000000146,0.457735)
(15.033333333333479,0.371005)
(15.041666666666814,0.280922)
(15.050000000000146,0.57084)
(15.050000000000146,0.210764)
(15.062500000000146,0.360709)
(15.075000000000147,0.367305)
(15.075000000000147,0.117245)
(15.087500000000148,0.13048)
(15.100000000000147,0.310545)
(15.100000000000147,0.377085)
(15.10833333333348,0.373678)
(15.116666666666815,0.353613)
(15.125000000000147,0.40355)
(15.125000000000147,0.296816)
(15.137500000000149,0.236742)
(15.150000000000148,0.410014)
(15.150000000000148,0.306596)
(15.156250000000147,0.38985)
(15.162500000000147,0.293104)
(15.168750000000149,0.373015)
(15.175000000000148,0.519603)
(15.175000000000148,0.262878)
(15.18750000000015,0.356136)
(15.200000000000149,0.292731)
(15.200000000000149,0.476001)
(15.208333333333481,0.222479)
(15.216666666666816,0.539222)
(15.225000000000149,0.402399)
(15.225000000000149,0.518965)
(15.23750000000015,0.312224)
(15.25000000000015,0.445496)
(15.25000000000015,0.405423)
(15.258333333333482,0.295342)
(15.266666666666817,0.478601)
(15.27500000000015,0.1652)
(15.27500000000015,0.415129)
(15.28750000000015,0.268398)
(15.30000000000015,0.228327)
(15.30000000000015,0.381606)
(15.308333333333483,0.358134)
(15.316666666666817,0.264883)
(15.32500000000015,0.471388)
(15.32500000000015,0.271301)
(15.337500000000151,0.351238)
(15.35000000000015,0.284524)
(15.35000000000015,0.461108)
(15.36250000000015,0.501014)
(15.375000000000151,0.190939)
(15.375000000000151,0.474098)
(15.383333333333484,0.530867)
(15.391666666666818,0.180681)
(15.400000000000151,0.400616)
(15.400000000000151,0.287203)
(15.41250000000015,0.440461)
(15.425000000000152,0.330385)
(15.425000000000152,0.186987)
(15.437500000000153,0.283612)
(15.450000000000152,0.350187)
(15.450000000000152,0.346787)
(15.458333333333485,0.340041)
(15.46666666666682,0.193312)
(15.475000000000152,0.416576)
(15.475000000000152,0.219859)
(15.487500000000153,0.356408)
(15.500000000000153,0.289795)
(15.500000000000153,0.326355)
(15.508333333333486,0.282953)
(15.51666666666682,0.29622)
(15.525000000000153,0.302828)
(15.525000000000153,0.566064)
(15.537500000000154,0.342643)
(15.550000000000153,0.402571)
(15.550000000000153,0.329167)
(15.562500000000153,0.509038)
(15.575000000000154,0.21244)
(15.575000000000154,0.262299)
(15.587500000000155,0.382221)
(15.600000000000154,0.355479)
(15.600000000000154,0.258758)
(15.612500000000153,0.458675)
(15.625000000000155,0.351929)
(15.625000000000155,0.308521)
(15.625000000000155,0.348458)
(15.637500000000156,0.128414)
(15.650000000000155,0.388358)
(15.650000000000155,0.268288)
(15.662500000000154,0.181571)
(15.675000000000155,0.328194)
(15.675000000000155,0.271477)
(15.687500000000156,0.254761)
(15.700000000000156,0.221388)
(15.700000000000156,-0.451941)
(15.708333333333488,-0.558512)
(15.716666666666823,-0.701704)
(15.725000000000156,-0.7349)
(15.725000000000156,-0.708078)
(15.737500000000157,-0.771256)
(15.750000000000156,-0.844408)
(15.750000000000156,-0.840895)
(15.762500000000156,-0.870725)
(15.775000000000157,-0.870542)
(15.775000000000157,-0.873695)
(15.78333333333349,-0.880185)
(15.791666666666824,-0.873328)
(15.800000000000157,-0.879818)
(15.800000000000157,-0.886285)
(15.812500000000156,-0.879448)
(15.825000000000157,-0.879266)
(15.825000000000157,-0.878714)
(15.837500000000158,-0.872225)
(15.850000000000158,-0.875745)
(15.850000000000158,-0.881478)
(15.85833333333349,-0.878346)
(15.866666666666825,-0.877977)
(15.875000000000158,-0.885183)
(15.875000000000158,-0.887781)
(15.88750000000016,-0.887596)
(15.900000000000158,-0.884074)
(15.900000000000158,-0.873901)
(15.912500000000158,-0.873534)
(15.925000000000159,-0.883706)
(15.925000000000159,-0.89335)
(15.93750000000016,-0.883154)
(15.95000000000016,-0.869644)
(15.95000000000016,-0.8826)
(15.958333333333492,-0.882786)
(15.966666666666827,-0.875764)
(15.97500000000016,-0.878896)
(15.97500000000016,-0.865386)
(15.98750000000016,-0.885202)
(16.00000000000016,-0.898343)
(16.00000000000016,-0.897773)
(16.008333333333493,-0.874841)
(16.016666666666826,-0.937967)
(16.02500000000016,-0.927584)
(16.02500000000016,-0.967378)
(16.037500000000158,-1.027163)
(16.050000000000157,-1.050282)
(16.050000000000157,-1.230042)
(16.05833333333349,-1.329801)
(16.066666666666823,-1.739472)
(16.075000000000156,-2.029077)
(16.075000000000156,-2.701415)
(16.087500000000155,-2.295272)
(16.100000000000154,-2.727504)
(16.100000000000154,-2.746918)
(16.112500000000153,-2.942411)
(16.125000000000153,-2.819678)
(16.125000000000153,-3.121761)
(16.137500000000152,-3.154449)
(16.15000000000015,-3.197121)
(16.15000000000015,-3.229768)
(16.16250000000015,-3.195775)
(16.17500000000015,-3.255084)
(16.17500000000015,-3.231075)
(16.183333333333483,-3.287069)
(16.191666666666816,-3.299722)
(16.20000000000015,-3.255715)
(16.20000000000015,-3.228366)
(16.212500000000148,-3.203656)
(16.225000000000147,-3.307676)
(16.225000000000147,-3.242304)
(16.237500000000146,-3.229656)
(16.250000000000146,-3.204967)
(16.250000000000146,-3.284281)
(16.262500000000145,-3.236228)
(16.275000000000144,-3.333602)
(16.275000000000144,-3.258877)
(16.283333333333477,-3.131529)
(16.29166666666681,-3.2342)
(16.300000000000143,-3.236858)
(16.300000000000143,-3.242859)
(16.312500000000142,-3.208185)
(16.32500000000014,-3.078865)
(16.32500000000014,-3.18752)
(16.33750000000014,-3.126857)
(16.35000000000014,-3.286197)
(16.35000000000014,-3.345501)
(16.36250000000014,-3.591437)
(16.37500000000014,-3.584011)
(16.37500000000014,-3.695062)
(16.38333333333347,-3.715837)
(16.391666666666804,-3.563261)
(16.400000000000137,-3.807607)
(16.400000000000137,-3.903475)
(16.412500000000136,-3.93264)
(16.425000000000136,-3.955145)
(16.425000000000136,-4.160952)
(16.437500000000135,-4.183412)
(16.450000000000134,-4.262523)
(16.450000000000134,-4.348298)
(16.462500000000134,-4.353129)
(16.475000000000133,-4.440724)
(16.475000000000133,-4.432208)
(16.487500000000132,-4.427938)
(16.50000000000013,-4.50035)
(16.50000000000013,-4.469395)
(16.508333333333464,-4.461784)
(16.516666666666797,-4.444189)
(16.52500000000013,-4.416582)
(16.52500000000013,-4.574713)
(16.53750000000013,-4.472328)
(16.55000000000013,-4.537086)
(16.55000000000013,-4.491882)
(16.55833333333346,-4.479481)
(16.566666666666794,-4.544263)
(16.575000000000127,-4.619966)
(16.575000000000127,-4.569016)
(16.575000000000127,-4.571394)
(16.600000000000126,-4.620425)
(16.600000000000126,-4.58613)
(16.612500000000125,-4.638483)
(16.625000000000124,-4.617517)
(16.625000000000124,-4.609878)
(16.637500000000124,-4.622259)
(16.650000000000123,-4.641297)
(16.650000000000123,-4.608372)
(16.658333333333456,-4.612681)
(16.66666666666679,-4.73073)
(16.67500000000012,-4.63365)
(16.67500000000012,-4.659757)
(16.68750000000012,-4.612109)
(16.70000000000012,-4.591154)
(16.70000000000012,-4.633524)
(16.706250000000118,-4.555905)
(16.71250000000012,-4.654934)
(16.71875000000012,-4.637297)
(16.72500000000012,-4.759648)
(16.72500000000012,-4.771978)
(16.737500000000118,-4.807636)
(16.750000000000117,-4.816639)
(16.750000000000117,-4.932274)
(16.762500000000117,-4.88457)
(16.775000000000116,-4.920226)
(16.775000000000116,-5.024789)
(16.78333333333345,-4.975845)
(16.79166666666678,-5.010418)
(16.800000000000114,-4.989369)
(16.800000000000114,-5.038332)
(16.812500000000114,-5.057276)
(16.825000000000113,-5.009544)
(16.825000000000113,-5.078491)
(16.837500000000112,-5.100742)
(16.85000000000011,-5.099669)
(16.85000000000011,-5.121933)
(16.86250000000011,-5.094205)
(16.87500000000011,-5.153126)
(16.87500000000011,-5.112048)
(16.88750000000011,-5.107636)
(16.90000000000011,-5.123227)
(16.90000000000011,-5.165488)
(16.90833333333344,-5.173327)
(16.916666666666774,-5.087752)
(16.925000000000107,-5.168928)
(16.925000000000107,-5.120106)
(16.937500000000107,-5.107852)
(16.950000000000106,-5.115696)
(16.950000000000106,-5.111283)
(16.962500000000105,-5.15021)
(16.975000000000104,-5.129138)
(16.975000000000104,-5.128064)
(16.987500000000104,-5.123651)
(17.000000000000103,-5.122572)
(17.000000000000103,-5.111507)
(17.012500000000102,-5.173764)
(17.0250000000001,-5.152686)
(17.0250000000001,-5.131613)
(17.0250000000001,-5.08947)
(17.0375000000001,-5.133874)
(17.0500000000001,-5.141725)
(17.0500000000001,-5.106254)
(17.0625000000001,-5.145183)
(17.0750000000001,-5.077316)
(17.0750000000001,-5.10411)
(17.08333333333343,-5.226358)
(17.091666666666764,-5.181928)
(17.100000000000097,-5.204182)
(17.100000000000097,-5.286423)
(17.112500000000097,-5.24866)
(17.125000000000096,-5.287554)
(17.125000000000096,-5.266453)
(17.137500000000095,-5.218687)
(17.150000000000095,-5.177596)
(17.150000000000095,-5.203155)
(17.162500000000094,-5.16099)
(17.175000000000093,-5.168746)
(17.175000000000093,-5.156579)
(17.187500000000092,-5.30881)
(17.20000000000009,-5.224386)
(17.20000000000009,-5.303274)
(17.208333333333425,-5.327726)
(17.216666666666757,-5.345505)
(17.22500000000009,-5.396613)
(17.22500000000009,-5.335491)
(17.23750000000009,-5.321026)
(17.25000000000009,-5.373248)
(17.25000000000009,-5.345454)
(17.262500000000088,-5.351002)
(17.275000000000087,-5.38655)
(17.275000000000087,-5.375416)
(17.287500000000087,-5.3143)
(17.300000000000086,-5.336513)
(17.300000000000086,-5.308717)
(17.312500000000085,-5.360945)
(17.325000000000085,-5.236514)
(17.325000000000085,-5.182073)
(17.333333333333417,-5.207655)
(17.34166666666675,-5.256564)
(17.350000000000083,-5.268785)
(17.350000000000083,-5.317693)
(17.362500000000082,-5.205483)
(17.37500000000008,-5.293248)
(17.37500000000008,-5.173301)
(17.38750000000008,-5.181059)
(17.40000000000008,-5.195552)
(17.40000000000008,-5.147797)
(17.41250000000008,-5.182333)
(17.42500000000008,-5.086729)
(17.42500000000008,-5.231227)
(17.437500000000078,-5.133488)
(17.450000000000077,-5.102404)
(17.450000000000077,-5.021343)
(17.45833333333341,-5.132548)
(17.466666666666743,-5.088143)
(17.475000000000076,-5.110286)
(17.475000000000076,-5.183718)
(17.487500000000075,-5.152652)
(17.500000000000075,-5.224891)
(17.500000000000075,-5.140473)
(17.512500000000074,-5.068338)
(17.525000000000073,-5.079408)
(17.525000000000073,-5.143951)
(17.537500000000072,-5.119537)
(17.55000000000007,-5.098467)
(17.55000000000007,-5.130723)
(17.558333333333405,-5.179658)
(17.566666666666737,-5.108574)
(17.57500000000007,-5.144158)
(17.57500000000007,-5.116428)
(17.58750000000007,-5.138687)
(17.60000000000007,-4.984276)
(17.60000000000007,-5.089883)
(17.612500000000068,-5.127743)
(17.625000000000068,-5.078808)
(17.625000000000068,-5.143336)
(17.6333333333334,-5.102266)
(17.641666666666733,-5.071194)
(17.650000000000066,-5.066818)
(17.650000000000066,-5.001371)
(17.662500000000065,-5.052413)
(17.675000000000065,-5.023655)
(17.675000000000065,-4.945936)
(17.687500000000064,-4.910546)
(17.700000000000063,-4.924902)
(17.700000000000063,-4.792847)
(17.712500000000063,-4.771852)
(17.725000000000062,-4.640885)
(17.725000000000062,-4.566581)
(17.733333333333395,-4.117168)
(17.741666666666728,-4.505636)
(17.75000000000006,-4.314714)
(17.75000000000006,-4.172965)
(17.76250000000006,-4.085434)
(17.77500000000006,-4.011262)
(17.77500000000006,-4.010425)
(17.78750000000006,-3.932091)
(17.800000000000058,-3.912915)
(17.800000000000058,-3.941275)
(17.80833333333339,-3.942966)
(17.816666666666723,-3.917117)
(17.825000000000056,-3.925467)
(17.825000000000056,-3.891321)
(17.837500000000055,-3.947157)
(17.850000000000055,-3.929665)
(17.850000000000055,-3.892177)
(17.862500000000054,-3.89469)
(17.875000000000053,-3.853878)
(17.875000000000053,-3.966375)
(17.887500000000053,-3.915558)
(17.900000000000052,-3.89806)
(17.900000000000052,-3.940578)
(17.91250000000005,-4.016425)
(17.92500000000005,-3.96225)
(17.92500000000005,-4.003092)
(17.933333333333383,-3.938085)
(17.941666666666716,-4.04558)
(17.95000000000005,-4.000591)
(17.95000000000005,-3.954737)
(17.96250000000005,-4.016399)
(17.975000000000048,-3.943912)
(17.975000000000048,-4.002234)
(17.987500000000047,-3.971389)
(18.000000000000046,-3.923912)
(18.000000000000046,-3.729766)
(18.012500000000045,-3.545677)
(18.025000000000045,-3.41829)
(18.025000000000045,-3.3509)
(18.033333333333378,-3.32686)
(18.04166666666671,-3.339488)
(18.050000000000043,-3.192137)
(18.050000000000043,-3.037507)
(18.062500000000043,-3.158145)
(18.075000000000042,-2.890221)
(18.075000000000042,-2.552977)
(18.08750000000004,-1.818688)
(18.10000000000004,-2.302467)
(18.10000000000004,-1.548324)
(18.11250000000004,-0.934481)
(18.12500000000004,-1.121365)
(18.12500000000004,-0.800959)
(18.133333333333372,-0.817445)
(18.141666666666705,-0.787107)
(18.150000000000038,-0.87062)
(18.150000000000038,-0.799932)
(18.162500000000037,-0.756764)
(18.175000000000036,-0.806937)
(18.175000000000036,-0.776438)
(18.187500000000036,-0.772938)
(18.200000000000035,-0.752778)
(18.200000000000035,-0.765968)
(18.208333333333368,-0.78914)
(18.2166666666667,-0.7688)
(18.225000000000033,-0.752297)
(18.225000000000033,-0.781986)
(18.237500000000033,-0.741827)
(18.250000000000032,-0.781669)
(18.250000000000032,-0.784843)
(18.26250000000003,-0.761347)
(18.27500000000003,-0.787856)
(18.27500000000003,-0.777518)
(18.283333333333363,-0.784356)
(18.291666666666696,-0.760694)
(18.30000000000003,-0.737197)
(18.30000000000003,-0.730368)
(18.31250000000003,-0.766866)
(18.325000000000028,-0.726708)
(18.325000000000028,-0.769561)
(18.33333333333336,-0.749883)
(18.341666666666693,-0.769722)
(18.350000000000026,-0.726069)
(18.350000000000026,-0.789246)
(18.362500000000026,-0.785604)
(18.375000000000025,-0.78243)
(18.375000000000025,-0.718772)
(18.387500000000024,-0.725272)
(18.400000000000023,-0.748454)
(18.400000000000023,-0.634849)
(18.412500000000023,-0.694981)
(18.425000000000022,-0.614719)
(18.425000000000022,-0.607789)
(18.433333333333355,-0.61459)
(18.441666666666688,-0.610998)
(18.45000000000002,-0.61087)
(18.45000000000002,-0.580739)
(18.46250000000002,-0.487303)
(18.47500000000002,-0.443873)
(18.47500000000002,-0.440443)
(18.483333333333352,-0.363696)
(18.491666666666685,-0.370272)
(18.500000000000018,-0.280221)
(18.500000000000018,-0.296818)
(18.512500000000017,-0.293432)
(18.525000000000016,-0.203372)
(18.525000000000016,-0.173347)
(18.53333333333335,0.086711)
(18.541666666666682,-0.163312)
(18.550000000000015,-0.126614)
(18.550000000000015,-0.053266)
(18.562500000000014,0.023409)
(18.575000000000014,-0.259915)
(18.575000000000014,0.026791)
(18.583333333333346,-0.096535)
(18.59166666666668,0.016783)
(18.600000000000012,0.093455)
(18.600000000000012,-0.183181)
(18.61250000000001,0.140145)
(18.62500000000001,-0.029863)
(18.62500000000001,-0.016513)
(18.63750000000001,0.286785)
(18.65000000000001,0.090078)
(18.65000000000001,0.13667)
(18.658333333333342,0.146706)
(18.666666666666675,0.169989)
(18.675000000000008,0.303268)
(18.675000000000008,0.193232)
(18.687500000000007,0.203167)
(18.700000000000006,0.14983)
(18.700000000000006,0.273121)
(18.712500000000006,0.213076)
(18.725000000000005,0.036386)
(18.725000000000005,0.119685)
(18.733333333333338,0.012952)
(18.74166666666667,0.289599)
(18.750000000000004,0.386316)
(18.750000000000004,0.216203)
(18.762500000000003,0.166174)
(18.775000000000002,0.416115)
(18.775000000000002,0.545956)
(18.783333333333335,0.332702)
(18.791666666666668,0.432524)
(18.8,0.239117)
(18.8,0.229008)
(18.8125,0.32906)
(18.825,0.262282)
(18.825,0.292241)
(18.8375,0.168857)
(18.849999999999998,0.542108)
(18.849999999999998,0.212044)
(18.862499999999997,0.178647)
(18.874999999999996,0.398575)
(18.874999999999996,0.188517)
(18.88333333333333,0.37513)
(18.891666666666662,0.408382)
(18.899999999999995,0.28498)
(18.899999999999995,0.384901)
(18.908333333333328,0.431498)
(18.91666666666666,0.324739)
(18.924999999999994,0.544663)
(18.924999999999994,0.327895)
(18.937499999999993,0.521155)
(18.949999999999992,0.331079)
(18.949999999999992,0.474322)
(18.958333333333325,0.544234)
(18.966666666666658,0.480727)
(18.97499999999999,0.327462)
(18.97499999999999,0.333976)
(18.98749999999999,0.463869)
(18.99999999999999,0.457129)
(18.99999999999999,0.250379)
(19.01249999999999,0.450288)
(19.024999999999988,0.453542)
(19.024999999999988,0.306796)
(19.03333333333332,0.560038)
(19.041666666666654,0.509931)
(19.049999999999986,0.486485)
(19.049999999999986,0.509719)
(19.062499999999986,0.429622)
(19.074999999999985,0.509517)
(19.074999999999985,0.34932)
(19.087499999999984,0.539432)
(19.099999999999984,0.605891)
(19.099999999999984,0.502452)
(19.112499999999983,0.558897)
(19.124999999999982,0.588997)
(19.124999999999982,0.352122)
(19.133333333333315,0.528682)
(19.141666666666648,0.441916)
(19.14999999999998,0.438502)
(19.14999999999998,0.725057)
(19.16249999999998,0.41161)
(19.17499999999998,0.588164)
(19.17499999999998,0.33463)
(19.18749999999998,0.454724)
(19.199999999999978,0.657858)
(19.199999999999978,0.391087)
(19.212499999999977,0.530884)
(19.224999999999977,0.504313)
(19.224999999999977,0.320792)
(19.237499999999976,0.464029)
(19.249999999999975,0.347282)
(19.249999999999975,0.403843)
(19.258333333333308,0.570402)
(19.26666666666664,0.400323)
(19.274999999999974,0.506895)
(19.274999999999974,0.560143)
(19.287499999999973,0.466622)
(19.299999999999972,0.330041)
(19.299999999999972,0.419862)
(19.31249999999997,0.473124)
(19.32499999999997,0.416364)
(19.32499999999997,0.296275)
(19.33749999999997,0.509519)
(19.34999999999997,0.406098)
(19.34999999999997,0.516)
(19.358333333333302,0.512558)
(19.366666666666635,0.615692)
(19.374999999999968,0.349139)
(19.374999999999968,0.425577)
(19.387499999999967,0.432155)
(19.399999999999967,0.61203)
(19.399999999999967,0.538587)
(19.412499999999966,0.501693)
(19.424999999999965,0.528461)
(19.424999999999965,0.454935)
(19.433333333333298,0.528157)
(19.44166666666663,0.661386)
(19.449999999999964,0.677914)
(19.449999999999964,0.614459)
(19.462499999999963,0.551009)
(19.474999999999962,0.610903)
(19.474999999999962,0.507446)
(19.483333333333295,0.473773)
(19.491666666666628,0.567212)
(19.49999999999996,0.494)
(19.49999999999996,0.493665)
(19.51249999999996,0.443448)
(19.52499999999996,0.470229)
(19.52499999999996,0.660016)
(19.53749999999996,0.483212)
(19.549999999999958,0.633098)
(19.549999999999958,0.669632)
(19.55833333333329,0.616167)
(19.566666666666624,0.69602)
(19.574999999999957,0.63589)
(19.574999999999957,0.499097)
(19.587499999999956,0.628986)
(19.599999999999955,0.472211)
(19.599999999999955,0.635423)
(19.612499999999955,0.57196)
(19.624999999999954,0.57517)
(19.624999999999954,0.438254)
(19.633333333333287,0.675034)
(19.64166666666662,0.718147)
(19.649999999999952,0.654665)
(19.649999999999952,0.531213)
(19.66249999999995,0.774397)
(19.67499999999995,0.637607)
(19.67499999999995,0.680816)
(19.68749999999995,0.587348)
(19.69999999999995,0.480559)
(19.69999999999995,0.623762)
(19.71249999999995,0.57699)
(19.724999999999948,0.436865)
(19.724999999999948,0.35998)
(19.737499999999947,0.683428)
(19.749999999999947,0.619858)
(19.749999999999947,0.703064)
(19.762499999999946,0.552932)
(19.774999999999945,0.692802)
(19.774999999999945,0.566018)
(19.783333333333278,0.519216)
(19.79166666666661,0.695763)
(19.799999999999944,0.442299)
(19.799999999999944,0.652185)
(19.812499999999943,0.59872)
(19.824999999999942,0.465287)
(19.824999999999942,0.678511)
(19.83749999999994,0.475037)
(19.84999999999994,0.674921)
(19.84999999999994,0.628118)
(19.86249999999994,0.671197)
(19.87499999999994,0.594664)
(19.87499999999994,0.551061)
(19.883333333333272,0.584269)
(19.891666666666605,0.657491)
(19.899999999999938,0.517344)
(19.899999999999938,0.560417)
(19.912499999999937,0.630284)
(19.924999999999937,0.63723)
(19.924999999999937,0.750154)
(19.937499999999936,0.516677)
(19.949999999999935,0.56323)
(19.949999999999935,0.586448)
(19.958333333333268,0.57276)
(19.9666666666666,0.596323)
(19.974999999999934,0.706204)
(19.974999999999934,0.625955)
(19.987499999999933,0.712492)
(19.999999999999932,0.422364)
(19.999999999999932,0.645584)
(20.012499999999932,0.378819)
(20.02499999999993,0.545382)
