(45.149999999998506,0.710735)
(45.149999999998506,0.723935)
(45.1624999999985,0.693776)
(45.174999999998505,0.75362)
(45.174999999998505,0.760137)
(45.18749999999851,0.783318)
(45.199999999998504,0.766498)
(45.199999999998504,0.686333)
(45.20833333333184,0.796185)
(45.21666666666517,0.696039)
(45.2249999999985,0.779224)
(45.2249999999985,0.80573)
(45.237499999998505,0.768882)
(45.2499999999985,0.722071)
(45.2499999999985,0.791899)
(45.2624999999985,0.761753)
(45.2749999999985,0.814918)
(45.2749999999985,0.754604)
(45.28333333333183,0.807791)
(45.291666666665165,0.890947)
(45.2999999999985,0.704756)
(45.2999999999985,0.780759)
(45.30833333333183,0.763939)
(45.316666666665164,0.797104)
(45.3249999999985,0.856931)
(45.3249999999985,0.670105)
(45.3374999999985,0.756624)
(45.349999999998495,0.76978)
(45.349999999998495,0.792957)
(45.35833333333183,0.896114)
(45.36666666666516,0.739296)
(45.374999999998494,0.769128)
(45.374999999998494,0.728969)
(45.3874999999985,0.835325)
(45.39999999999849,0.762164)
(45.39999999999849,0.825017)
(45.41249999999849,0.71851)
(45.42499999999849,0.808162)
(45.42499999999849,0.804675)
(45.437499999998494,0.83449)
(45.44999999999849,0.784301)
(45.44999999999849,0.890408)
(45.45833333333182,0.920609)
(45.466666666665155,0.92414)
(45.47499999999849,0.943565)
(45.47499999999849,0.833377)
(45.48749999999849,0.903206)
(45.49999999999849,0.786359)
(45.49999999999849,0.912663)
(45.51249999999848,0.889147)
(45.524999999998485,0.866174)
(45.524999999998485,0.905656)
(45.53333333333182,0.76213)
(45.54166666666515,0.831972)
(45.549999999998484,0.828463)
(45.549999999998484,0.85146)
(45.56249999999848,0.798309)
(45.57499999999848,0.827958)
(45.57499999999848,0.841132)
(45.583333333331815,0.890941)
(45.59166666666515,0.81744)
(45.59999999999848,0.843915)
(45.59999999999848,0.757096)
(45.61249999999848,0.766921)
(45.62499999999848,0.910079)
(45.62499999999848,0.783238)
(45.63749999999848,0.799752)
(45.64999999999848,0.819584)
(45.64999999999848,0.826064)
(45.65833333333181,0.805899)
(45.666666666665144,0.845733)
(45.67499999999848,0.728915)
(45.67499999999848,0.818767)
(45.68749999999848,0.661937)
(45.699999999998475,0.745122)
(45.699999999998475,0.661645)
(45.70833333333181,0.704689)
(45.71666666666514,0.674827)
(45.724999999998474,0.701212)
(45.724999999998474,0.754396)
(45.73749999999848,0.704237)
(45.74999999999847,0.694078)
(45.74999999999847,0.740593)
(45.76249999999847,0.647119)
(45.77499999999847,0.763621)
(45.77499999999847,0.833469)
(45.787499999998474,0.769824)
(45.79999999999847,0.713315)
(45.79999999999847,0.722991)
(45.8083333333318,0.822669)
(45.816666666665135,0.752518)
(45.82499999999847,0.749507)
(45.82499999999847,0.702181)
(45.83749999999847,0.802336)
(45.84999999999847,0.682025)
(45.84999999999847,0.738539)
(45.86249999999846,0.755041)
(45.874999999998465,0.818215)
(45.874999999998465,0.714717)
(45.88749999999847,0.727909)
(45.899999999998464,0.764419)
(45.899999999998464,0.684267)
(45.9083333333318,0.784104)
(45.91666666666513,0.757282)
(45.92499999999846,0.747137)
(45.92499999999846,0.660162)
(45.933333333331795,0.760308)
(45.94166666666513,0.683214)
(45.94999999999846,0.626697)
(45.94999999999846,0.719567)
(45.96249999999846,0.78306)
(45.97499999999846,0.649412)
(45.97499999999846,0.775935)
(45.98749999999846,0.792457)
(45.99999999999846,0.718963)
(45.99999999999846,0.735484)
(46.00833333333179,0.668666)
(46.016666666665124,0.968312)
(46.02499999999846,0.868506)
(46.02499999999846,1.011434)
(46.03749999999846,1.231192)
(46.049999999998455,1.094286)
(46.049999999998455,1.120494)
(46.06249999999845,1.107379)
(46.074999999998454,0.963604)
(46.074999999998454,0.84008)
(46.08333333333179,0.626587)
(46.09166666666512,0.433163)
(46.09999999999845,0.069768)
(46.09999999999845,0.176412)
(46.11249999999845,0.343025)
(46.12499999999845,0.509604)
(46.12499999999845,0.492831)
(46.137499999998454,0.60604)
(46.14999999999845,0.58259)
(46.14999999999845,0.609137)
(46.15833333333178,0.549013)
(46.166666666665115,0.552227)
(46.17499999999845,0.712099)
(46.17499999999845,0.555314)
(46.18749999999845,0.601846)
(46.19999999999845,0.635066)
(46.19999999999845,0.648131)
(46.21249999999844,0.614936)
(46.224999999998445,0.591342)
(46.224999999998445,0.551089)
(46.23333333333178,0.704557)
(46.24166666666511,0.584291)
(46.249999999998444,0.614179)
(46.249999999998444,0.67726)
(46.26249999999844,0.577391)
(46.27499999999844,0.630455)
(46.27499999999844,0.640339)
(46.283333333331775,0.600073)
(46.29166666666511,0.593541)
(46.29999999999844,0.646621)
(46.29999999999844,0.546502)
(46.31249999999844,0.60291)
(46.32499999999844,0.609706)
(46.32499999999844,0.596016)
(46.33749999999844,0.529471)
(46.34999999999844,0.549219)
(46.34999999999844,0.589096)
(46.35833333333177,0.605634)
(46.366666666665104,0.56885)
(46.37499999999844,0.672048)
(46.37499999999844,0.735231)
(46.38749999999844,0.931533)
(46.399999999998435,0.80507)
(46.399999999998435,1.101115)
(46.41249999999843,1.044666)
(46.424999999998434,1.264206)
(46.424999999998434,1.453931)
(46.43333333333177,1.820266)
(46.4416666666651,1.92986)
(46.44999999999843,2.059444)
(46.44999999999843,2.21901)
(46.46249999999843,2.30187)
(46.47499999999843,2.518014)
(46.47499999999843,2.644144)
(46.487499999998434,2.720251)
(46.49999999999843,2.63635)
(46.49999999999843,2.689124)
(46.512499999998425,2.795217)
(46.52499999999843,2.957942)
(46.52499999999843,2.970649)
(46.54999999999843,2.983361)
(46.54999999999843,2.959392)
(46.574999999998425,3.005412)
(46.574999999998425,3.03812)
(46.58749999999843,3.013505)
(46.599999999998424,3.127481)
(46.599999999998424,3.039545)
(46.60833333333176,3.112225)
(46.61666666666509,3.028255)
(46.62499999999842,3.010954)
(46.62499999999842,2.960322)
(46.637499999998425,3.099699)
(46.64999999999842,2.969049)
(46.64999999999842,3.067795)
(46.66249999999842,2.985087)
(46.67499999999842,3.060481)
(46.67499999999842,2.956523)
(46.68333333333175,3.072565)
(46.691666666665085,3.071912)
(46.69999999999842,3.067924)
(46.69999999999842,3.107284)
(46.712499999998414,3.096646)
(46.72499999999842,3.069325)
(46.72499999999842,3.111388)
(46.73333333333175,3.12406)
(46.74166666666508,3.045352)
(46.749999999998415,3.066761)
(46.749999999998415,3.009459)
(46.76249999999841,3.124824)
(46.774999999998414,3.185471)
(46.774999999998414,3.227492)
(46.78333333333175,3.273481)
(46.79166666666508,3.502783)
(46.79999999999841,3.452046)
(46.79999999999841,3.691298)
(46.808333333331746,4.10963)
(46.81666666666508,3.923818)
(46.82499999999841,4.148764)
(46.82499999999841,4.174563)
(46.837499999998414,4.147019)
(46.84999999999841,4.202825)
(46.84999999999841,4.178611)
(46.85833333333174,4.214391)
(46.866666666665076,4.230168)
(46.87499999999841,4.239288)
(46.87499999999841,4.231726)
(46.88749999999841,4.270834)
(46.89999999999841,4.26329)
(46.89999999999841,4.27239)
(46.90833333333174,4.267263)
(46.91666666666507,4.261508)
(46.924999999998406,4.296375)
(46.924999999998406,4.297915)
(46.93749999999841,4.278814)
(46.949999999998404,4.270347)
(46.949999999998404,4.266115)
(46.9624999999984,4.258546)
(46.9749999999984,4.280987)
(46.9749999999984,4.263426)
(46.983333333331736,4.279193)
(46.99166666666507,4.271643)
(46.9999999999984,4.277399)
(46.9999999999984,4.256503)
(47.0124999999984,4.268955)
(47.0249999999984,4.264723)
(47.0249999999984,4.286266)
(47.0374999999984,4.263827)
(47.0499999999984,4.262036)
(47.0499999999984,4.264479)
(47.05833333333173,4.256911)
(47.066666666665064,4.259354)
(47.0749999999984,4.271785)
(47.0749999999984,4.274226)
(47.0874999999984,4.263323)
(47.099999999998396,4.275777)
(47.099999999998396,4.261539)
(47.11249999999839,4.247321)
(47.124999999998394,4.233102)
(47.124999999998394,4.252209)
(47.13333333333173,4.244642)
(47.14166666666506,4.253762)
(47.14999999999839,4.249534)
(47.14999999999839,4.248644)
(47.16249999999839,4.267752)
(47.17499999999839,4.240187)
(47.17499999999839,4.249308)
(47.187499999998394,4.258405)
(47.19999999999839,4.270839)
(47.19999999999839,4.263294)
(47.20833333333172,4.245738)
(47.216666666665056,4.288179)
(47.22499999999839,4.287282)
(47.22499999999839,4.283046)
(47.23749999999839,4.292137)
(47.24999999999839,4.327896)
(47.24999999999839,4.353662)
(47.25833333333172,4.352746)
(47.26666666666505,4.415158)
(47.274999999998386,4.374238)
(47.274999999998386,4.439986)
(47.28749999999839,4.465729)
(47.299999999998384,4.464791)
(47.299999999998384,4.47051)
(47.31249999999838,4.416255)
(47.32499999999838,4.508642)
(47.32499999999838,4.474375)
(47.337499999998386,4.540101)
(47.34999999999838,4.529146)
(47.34999999999838,4.644868)
(47.358333333331714,4.649588)
(47.36666666666505,4.597232)
(47.37499999999838,4.78528)
(47.37499999999838,4.737603)
(47.38749999999838,4.746601)
(47.39999999999838,4.645615)
(47.39999999999838,4.731284)
(47.40833333333171,4.746949)
(47.416666666665044,4.709303)
(47.42499999999838,4.744969)
(47.42499999999838,4.677331)
(47.43749999999838,4.772989)
(47.449999999998376,4.695328)
(47.449999999998376,4.78766)
(47.46249999999837,4.743329)
(47.474999999998374,4.715668)
(47.474999999998374,4.824687)
(47.48333333333171,4.749372)
(47.49166666666504,4.75503)
(47.49999999999837,4.737016)
(47.49999999999837,4.867368)
(47.51249999999837,4.78636)
(47.52499999999837,4.685378)
(47.52499999999837,4.713384)
(47.533333333331704,4.807722)
(47.54166666666504,4.81906)
(47.54999999999837,4.621398)
(47.54999999999837,4.760435)
(47.562499999998366,4.746097)
(47.57499999999837,4.765092)
(47.57499999999837,4.844104)
(47.5833333333317,4.649777)
(47.591666666665034,4.82544)
(47.59999999999837,4.687788)
(47.59999999999837,4.65014)
(47.61249999999836,4.591502)
(47.624999999998366,4.689157)
(47.624999999998366,4.620542)
(47.63749999999837,4.639569)
(47.649999999998364,4.71191)
(47.649999999998364,4.724268)
(47.6583333333317,4.613285)
(47.66666666666503,4.548992)
(47.67499999999836,4.501372)
(47.67499999999836,4.427115)
(47.687499999998366,4.416187)
(47.69999999999836,4.348619)
(47.69999999999836,4.321037)
(47.708333333331694,4.283475)
(47.71666666666503,4.232573)
(47.72499999999836,4.265007)
(47.72499999999836,4.240805)
(47.73749999999836,4.223236)
(47.74999999999836,4.209026)
(47.74999999999836,4.204806)
(47.75833333333169,4.183925)
(47.766666666665024,4.192175)
(47.77499999999836,4.199708)
(47.77499999999836,4.221282)
(47.78749999999836,4.193729)
(47.799999999998356,4.196184)
(47.799999999998356,4.195304)
(47.81249999999835,4.197762)
(47.824999999998354,4.233542)
(47.824999999998354,4.209344)
(47.83749999999836,4.201789)
(47.84999999999835,4.204247)
(47.84999999999835,4.190021)
(47.858333333331686,4.192477)
(47.86666666666502,4.184924)
(47.87499999999835,4.20738)
(47.87499999999835,4.189838)
(47.887499999998354,4.195633)
(47.89999999999835,4.214751)
(47.89999999999835,4.193872)
(47.912499999998346,4.189658)
(47.92499999999835,4.182108)
(47.92499999999835,4.191241)
(47.93333333333168,4.180355)
(47.941666666665014,4.162817)
(47.94999999999835,4.175268)
(47.94999999999835,4.201065)
(47.96249999999834,4.183527)
(47.974999999998346,4.169326)
(47.974999999998346,4.185114)
(47.98749999999835,4.170892)
(47.999999999998344,4.17669)
(47.999999999998344,4.16249)
(48.00833333333168,4.164954)
(48.01666666666501,4.160746)
(48.02499999999834,4.133204)
(48.02499999999834,4.142346)
(48.037499999998346,4.141481)
(48.04999999999834,4.133943)
(48.04999999999834,4.079734)
(48.06249999999834,4.112221)
(48.07499999999834,4.084688)
(48.07499999999834,4.077159)
(48.08333333333167,4.024625)
(48.091666666665006,4.055462)
(48.09999999999834,4.066319)
(48.09999999999834,4.012936)
(48.112499999998334,4.023784)
(48.12499999999834,4.008779)
(48.12499999999834,4.01793)
(48.13333333333167,3.983768)
(48.141666666665,3.969585)
(48.149999999998336,3.965416)
(48.149999999998336,3.964585)
(48.16249999999833,3.973763)
(48.174999999998334,3.909604)
(48.174999999998334,3.862117)
(48.18749999999834,3.934653)
(48.19999999999833,3.903826)
(48.19999999999833,3.898861)
(48.208333333331666,3.909677)
(48.216666666665,3.878056)
(48.22499999999833,3.800587)
(48.22499999999833,3.83565)
(48.237499999998334,3.779786)
(48.24999999999833,3.871511)
(48.24999999999833,3.894032)
(48.25833333333166,3.80655)
(48.266666666664996,3.812434)
(48.27499999999833,3.84829)
(48.27499999999833,3.817495)
(48.28749999999833,3.84588)
(48.29999999999833,3.856688)
(48.29999999999833,3.825084)
(48.31249999999832,3.877625)
(48.324999999998326,3.770148)
(48.324999999998326,3.836019)
(48.33333333333166,3.781871)
(48.34166666666499,3.881079)
(48.349999999998325,3.78361)
(48.349999999998325,3.822811)
(48.36249999999832,3.818673)
(48.37499999999832,3.787891)
(48.37499999999832,3.840428)
(48.383333333331656,3.772964)
(48.39166666666499,3.764729)
(48.39999999999832,3.802176)
(48.39999999999832,3.736462)
(48.41249999999832,3.907258)
(48.42499999999832,3.63904)
(48.42499999999832,3.408309)
(48.43749999999832,3.280937)
(48.44999999999832,3.000266)
(48.44999999999832,2.79634)
(48.45833333333165,2.699118)
(48.466666666664985,2.445246)
(48.47499999999832,2.421403)
(48.47499999999832,2.170918)
(48.48749999999832,1.957143)
(48.499999999998316,1.850075)
(48.499999999998316,1.75304)
(48.51249999999831,1.642683)
(48.524999999998315,1.325704)
(48.524999999998315,1.228771)
(48.53333333333165,1.278506)
(48.54166666666498,1.338229)
(48.54999999999831,1.351282)
(48.54999999999831,1.241008)
(48.558333333331646,1.310745)
(48.56666666666498,1.243811)
(48.57499999999831,1.343545)
(48.57499999999831,1.249957)
(48.587499999998315,1.206357)
(48.59999999999831,1.219437)
(48.59999999999831,1.175616)
(48.612499999998306,1.129208)
(48.62499999999831,1.205374)
(48.62499999999831,1.168469)
(48.63749999999831,1.108234)
(48.64999999999831,1.134654)
(48.64999999999831,1.217749)
(48.65833333333164,1.144176)
(48.66666666666497,1.130621)
(48.674999999998306,1.227038)
(48.674999999998306,1.080136)
(48.68749999999831,1.083246)
(48.699999999998305,1.076347)
(48.699999999998305,1.01613)
(48.7124999999983,1.085912)
(48.7249999999983,1.032346)
(48.7249999999983,1.062131)
(48.733333333331636,0.971902)
(48.74166666666497,1.038361)
(48.7499999999983,0.968141)
(48.7499999999983,1.037938)
(48.7624999999983,1.011055)
(48.7749999999983,1.010843)
(48.7749999999983,0.990638)
(48.78333333333163,1.03709)
(48.791666666664966,0.966867)
(48.7999999999983,1.016669)
(48.7999999999983,0.986442)
(48.812499999998295,1.099342)
(48.8249999999983,0.989558)
(48.8249999999983,1.062459)
(48.849999999998296,1.078897)
(48.849999999998296,1.251973)
(48.849999999998296,1.55501)
(48.849999999998296,1.230725)
(48.86249999999829,1.42434)
(48.874999999998295,1.664674)
(48.874999999998295,1.17022)
(48.8874999999983,1.230469)
(48.89999999999829,1.189975)
(48.89999999999829,1.163077)
(48.908333333331626,1.282815)
(48.91666666666496,1.21923)
(48.92499999999829,1.178984)
(48.92499999999829,1.255405)
(48.937499999998295,1.241575)
(48.94999999999829,1.141837)
(48.94999999999829,1.067988)
(48.962499999998286,1.08754)
(48.97499999999829,1.077773)
(48.97499999999829,1.107311)
(48.98333333333162,1.147082)
(48.991666666664955,1.129954)
(48.99999999999829,1.103522)
(48.99999999999829,1.056397)
(49.01249999999828,1.136167)
(49.024999999998286,1.089266)
(49.024999999998286,1.072378)
(49.03749999999829,1.145238)
(49.049999999998285,1.068817)
(49.049999999998285,0.998349)
(49.05833333333162,1.064805)
(49.06666666666495,1.084586)
(49.07499999999828,1.047708)
(49.07499999999828,0.977258)
(49.083333333331616,1.027484)
(49.09166666666495,0.990398)
(49.09999999999828,1.003519)
(49.09999999999828,0.973296)
(49.11249999999828,1.089767)
(49.12499999999828,0.986223)
(49.12499999999828,0.98935)
(49.13749999999828,1.045799)
(49.14999999999828,0.985589)
(49.14999999999828,0.952038)
(49.15833333333161,1.065176)
(49.166666666664945,1.011617)
(49.17499999999828,0.951416)
(49.17499999999828,1.007896)
(49.18749999999828,0.95102)
(49.199999999998276,0.907493)
(49.199999999998276,1.027305)
(49.21249999999827,1.037088)
(49.224999999998275,0.976882)
(49.224999999998275,0.993344)
(49.23749999999828,0.839837)
(49.24999999999827,0.952975)
(49.24999999999827,1.002787)
(49.258333333331606,0.902593)
(49.26666666666494,0.955549)
(49.27499999999827,0.905724)
(49.27499999999827,0.868686)
(49.287499999998275,0.861848)
(49.29999999999827,0.87164)
(49.29999999999827,0.981451)
(49.3083333333316,0.844582)
(49.316666666664936,0.961073)
(49.32499999999827,0.777563)
(49.32499999999827,0.660732)
(49.33749999999827,0.69725)
(49.34999999999827,0.663774)
(49.34999999999827,0.626981)
(49.36249999999826,0.640181)
(49.374999999998266,0.526731)
(49.374999999998266,0.593128)
(49.38749999999827,0.696584)
(49.399999999998265,0.636337)
(49.399999999998265,0.61621)
(49.399999999998265,0.58275)
(49.41249999999826,0.652616)
(49.42499999999826,0.485831)
(49.42499999999826,0.53906)
(49.437499999998266,0.452177)
(49.44999999999826,0.528941)
(49.44999999999826,0.58542)
(49.46249999999826,0.651934)
(49.47499999999826,0.691809)
(49.47499999999826,0.658326)
(49.48333333333159,0.64486)
(49.491666666664926,0.711392)
(49.49999999999826,0.671232)
(49.49999999999826,0.724429)
(49.512499999998255,0.71427)
(49.52499999999826,0.6808)
(49.52499999999826,0.65399)
(49.53749999999826,0.697018)
(49.549999999998256,0.74384)
(49.549999999998256,0.683401)
(49.55833333333159,0.703545)
(49.56666666666492,0.67658)
(49.574999999998255,0.729777)
(49.574999999998255,0.776131)
(49.59999999999825,0.709323)
(49.59999999999825,0.745836)
(49.61249999999825,0.785684)
(49.62499999999825,0.77552)
(49.62499999999825,0.821875)
(49.633333333331585,0.7787)
(49.64166666666492,0.745052)
(49.64999999999825,0.701566)
(49.64999999999825,0.744747)
(49.662499999998246,0.814584)
(49.67499999999825,0.761101)
(49.67499999999825,0.737615)
(49.68749999999825,0.694139)
(49.69999999999825,0.770667)
(49.69999999999825,0.720506)
(49.70833333333158,0.706727)
(49.71666666666491,0.723682)
(49.724999999998246,0.716862)
(49.724999999998246,0.716573)
(49.73749999999825,0.759754)
(49.749999999998245,0.732931)
(49.749999999998245,0.7193)
(49.75833333333158,0.709441)
(49.76666666666491,0.679152)
(49.77499999999824,0.692331)
(49.77499999999824,0.708844)
(49.787499999998246,0.862032)
(49.79999999999824,0.775192)
(49.79999999999824,0.745052)
(49.81249999999824,0.761559)
(49.82499999999824,0.768078)
(49.82499999999824,0.714578)
(49.833333333331574,0.721107)
(49.841666666664906,0.714285)
(49.84999999999824,0.710804)
(49.84999999999824,0.707317)
(49.862499999998235,0.680356)
(49.87499999999824,0.700505)
(49.87499999999824,0.780045)
(49.88749999999824,0.666551)
(49.899999999998236,0.700203)
(49.899999999998236,0.749738)
(49.91249999999823,0.736257)
(49.924999999998235,0.679443)
(49.924999999998235,0.68929)
(49.93333333333157,0.685809)
(49.9416666666649,0.748996)
(49.949999999998234,0.718864)
(49.949999999998234,0.635391)
(49.96249999999823,0.668576)
(49.97499999999823,0.678444)
(49.97499999999823,0.674969)
(49.987499999998235,0.664817)
(49.99999999999823,0.661347)
(49.99999999999823,0.677898)
(50.008333333331564,0.681094)
(50.0166666666649,0.69415)
(50.02499999999823,0.647611)
(50.02499999999823,0.570683)
(50.03749999999823,0.647216)
(50.04999999999823,0.637095)
(50.04999999999823,0.69696)
(50.062499999998224,0.670148)
(50.07499999999823,0.626676)
(50.07499999999823,0.646541)
(50.08333333333156,0.702785)
(50.09166666666489,0.689603)
(50.099999999998225,0.556398)
(50.099999999998225,0.632658)
(50.11249999999822,0.702499)
(50.124999999998224,0.695704)
(50.124999999998224,0.672227)
(50.13749999999823,0.715417)
(50.14999999999822,0.665264)
(50.14999999999822,0.715123)
(50.158333333331555,0.681623)
(50.16666666666489,0.698159)
(50.17499999999822,0.694682)
