(180.22500000002384,670.0)
(180.22500000002384,669.0)
(180.22580645163674,670.0)
(180.22661290324965,669.0)
(180.22741935486255,669.0)
(180.22822580647545,669.0)
(180.22903225808835,668.0)
(180.22983870970126,669.0)
(180.23064516131416,670.0)
(180.23145161292706,669.0)
(180.23225806453996,669.0)
(180.23306451615287,669.0)
(180.23387096776577,669.0)
(180.23467741937867,669.0)
(180.23548387099157,670.0)
(180.23629032260448,670.0)
(180.23709677421738,669.0)
(180.2379032258303,669.0)
(180.2387096774432,669.0)
(180.2395161290561,669.0)
(180.24032258066902,669.0)
(180.24112903228192,669.0)
(180.24193548389482,669.0)
(180.24274193550772,669.0)
(180.24354838712063,669.0)
(180.24435483873353,669.0)
(180.24516129034643,669.0)
(180.24596774195933,669.0)
(180.24677419357224,669.0)
(180.24758064518514,669.0)
(180.24838709679804,669.0)
(180.24919354841094,669.0)
(180.25000000002385,669.0)
(180.25000000002385,668.0)
(180.25357142859528,668.0)
(180.2571428571667,669.0)
(180.26071428573815,669.0)
(180.26428571430955,670.0)
(180.26785714288098,669.0)
(180.27142857145242,669.0)
(180.27500000002385,669.0)
(180.27500000002385,669.0)
(180.27500000002385,669.0)
(180.27647058825914,669.0)
(180.27794117649444,669.0)
(180.27941176472973,669.0)
(180.28088235296502,669.0)
(180.28235294120032,669.0)
(180.2838235294356,669.0)
(180.2852941176709,669.0)
(180.2867647059062,669.0)
(180.28823529414151,669.0)
(180.2897058823768,670.0)
(180.2911764706121,669.0)
(180.2926470588474,669.0)
(180.2941176470827,669.0)
(180.29558823531798,668.0)
(180.29705882355327,669.0)
(180.29852941178856,669.0)
(180.30000000002386,669.0)
(180.30000000002386,669.0)
(180.3010869565456,669.0)
(180.30217391306735,669.0)
(180.30326086958908,668.0)
(180.3043478261108,669.0)
(180.30543478263255,669.0)
(180.3065217391543,669.0)
(180.30760869567604,669.0)
(180.30869565219777,669.0)
(180.3097826087195,668.0)
(180.31086956524126,668.0)
(180.311956521763,668.0)
(180.31304347828473,668.0)
(180.31413043480646,669.0)
(180.31521739132822,669.0)
(180.31630434784995,669.0)
(180.31739130437168,670.0)
(180.31847826089341,670.0)
(180.31956521741517,669.0)
(180.3206521739369,669.0)
(180.32173913045864,669.0)
(180.32282608698037,669.0)
(180.32391304350213,670.0)
(180.32500000002386,669.0)
(180.32500000002386,669.0)
(180.32631578949756,669.0)
(180.32763157897122,669.0)
(180.32894736844491,670.0)
(180.3302631579186,669.0)
(180.33157894739227,669.0)
(180.33289473686597,669.0)
(180.33421052633966,670.0)
(180.33552631581333,670.0)
(180.33684210528702,669.0)
(180.3381578947607,670.0)
(180.3394736842344,669.0)
(180.34078947370807,670.0)
(180.34210526318176,669.0)
(180.34342105265546,669.0)
(180.34473684212912,670.0)
(180.34605263160282,669.0)
(180.3473684210765,669.0)
(180.34868421055018,669.0)
(180.35000000002387,669.0)
(180.35000000002387,670.0)
(180.35178571430959,669.0)
(180.3535714285953,669.0)
(180.35535714288102,669.0)
(180.35714285716674,669.0)
(180.35892857145245,668.0)
(180.36071428573817,669.0)
(180.36250000002389,669.0)
(180.36428571430957,669.0)
(180.3660714285953,669.0)
(180.367857142881,669.0)
(180.36964285716672,669.0)
(180.37142857145244,669.0)
(180.37321428573816,668.0)
(180.37500000002387,669.0)
(180.37500000002387,670.0)
(180.3833333333572,670.0)
(180.39166666669055,668.0)
(180.40000000002388,669.0)
(180.40000000002388,669.0)
(180.40250000002388,669.0)
(180.40500000002388,669.0)
(180.40750000002387,670.0)
(180.41000000002387,669.0)
(180.4125000000239,669.0)
(180.4150000000239,669.0)
(180.4175000000239,669.0)
(180.4200000000239,669.0)
(180.4225000000239,669.0)
(180.42500000002389,669.0)
(180.42500000002389,669.0)
(180.42631578949758,669.0)
(180.42763157897124,669.0)
(180.42894736844494,668.0)
(180.43026315791863,669.0)
(180.4315789473923,668.0)
(180.432894736866,669.0)
(180.43421052633968,669.0)
(180.43552631581335,669.0)
(180.43684210528704,669.0)
(180.43815789476074,669.0)
(180.43947368423443,669.0)
(180.4407894737081,669.0)
(180.4421052631818,669.0)
(180.44342105265548,669.0)
(180.44473684212915,669.0)
(180.44605263160284,670.0)
(180.44736842107653,669.0)
(180.4486842105502,670.0)
(180.4500000000239,669.0)
(180.4500000000239,669.0)
(180.45119047621438,669.0)
(180.45238095240484,669.0)
(180.45357142859532,669.0)
(180.45476190478578,669.0)
(180.45595238097627,668.0)
(180.45714285716676,669.0)
(180.45833333335722,669.0)
(180.4595238095477,669.0)
(180.4607142857382,669.0)
(180.46190476192865,669.0)
(180.46309523811914,669.0)
(180.4642857143096,667.0)
(180.46547619050008,669.0)
(180.46666666669057,669.0)
(180.46785714288103,670.0)
(180.46904761907152,669.0)
(180.470238095262,669.0)
(180.47142857145246,670.0)
(180.47261904764295,669.0)
(180.4738095238334,669.0)
(180.4750000000239,670.0)
(180.4750000000239,669.0)
(180.4765625000239,669.0)
(180.4781250000239,670.0)
(180.47968750002389,669.0)
(180.4812500000239,669.0)
(180.4828125000239,669.0)
(180.4843750000239,669.0)
(180.4859375000239,670.0)
(180.48750000002389,668.0)
(180.4890625000239,669.0)
(180.4906250000239,669.0)
(180.4921875000239,669.0)
(180.4937500000239,669.0)
(180.4953125000239,669.0)
(180.4968750000239,669.0)
(180.4984375000239,669.0)
(180.5000000000239,670.0)
(180.5000000000239,669.0)
(180.5013888889128,668.0)
(180.50277777780167,669.0)
(180.50416666669057,669.0)
(180.50555555557946,669.0)
(180.50694444446836,670.0)
(180.50833333335723,669.0)
(180.50972222224613,669.0)
(180.51111111113502,669.0)
(180.51250000002392,669.0)
(180.5138888889128,668.0)
(180.51527777780169,669.0)
(180.51666666669058,669.0)
(180.51805555557945,669.0)
(180.51944444446835,669.0)
(180.52083333335725,669.0)
(180.52222222224614,669.0)
(180.523611111135,669.0)
(180.5250000000239,669.0)
(180.5250000000239,669.0)
(180.5265625000239,668.0)
(180.52812500002392,669.0)
(180.5296875000239,669.0)
(180.5312500000239,669.0)
(180.5328125000239,669.0)
(180.5343750000239,669.0)
(180.53593750002392,669.0)
(180.5375000000239,669.0)
(180.5390625000239,669.0)
(180.5406250000239,670.0)
(180.5421875000239,669.0)
(180.54375000002392,668.0)
(180.54531250002393,669.0)
(180.5468750000239,668.0)
(180.5484375000239,669.0)
(180.5500000000239,669.0)
(180.5500000000239,669.0)
(180.55166666669058,668.0)
(180.55333333335724,669.0)
(180.5550000000239,669.0)
(180.55666666669057,668.0)
(180.55833333335724,669.0)
(180.5600000000239,669.0)
(180.56166666669057,669.0)
(180.56333333335726,670.0)
(180.56500000002393,669.0)
(180.5666666666906,669.0)
(180.56833333335726,669.0)
(180.57000000002392,669.0)
(180.5716666666906,669.0)
(180.57333333335725,668.0)
(180.57500000002392,668.0)
(180.57500000002392,668.0)
(180.57656250002393,669.0)
(180.57812500002393,669.0)
(180.5796875000239,669.0)
(180.5812500000239,669.0)
(180.58281250002392,669.0)
(180.58437500002393,669.0)
(180.58593750002393,669.0)
(180.5875000000239,668.0)
(180.5890625000239,670.0)
(180.59062500002392,668.0)
(180.59218750002393,670.0)
(180.59375000002393,669.0)
(180.59531250002394,669.0)
(180.5968750000239,669.0)
(180.59843750002392,669.0)
(180.60000000002393,669.0)
(180.60000000002393,669.0)
(180.60156250002393,670.0)
(180.60312500002394,669.0)
(180.6046875000239,669.0)
(180.60625000002392,668.0)
(180.60781250002393,669.0)
(180.60937500002393,669.0)
(180.61093750002394,669.0)
(180.61250000002394,669.0)
(180.61406250002392,668.0)
(180.61562500002393,669.0)
(180.61718750002393,669.0)
(180.61875000002394,669.0)
(180.62031250002394,669.0)
(180.62187500002392,669.0)
(180.62343750002393,669.0)
(180.62500000002393,669.0)
(180.62500000002393,669.0)
(180.62750000002393,668.0)
(180.63000000002393,668.0)
(180.63250000002392,669.0)
(180.63500000002392,669.0)
(180.63750000002392,669.0)
(180.64000000002395,669.0)
(180.64250000002394,670.0)
(180.64500000002394,669.0)
(180.64750000002394,669.0)
(180.65000000002394,669.0)
(180.65000000002394,669.0)
(180.65625000002393,669.0)
(180.66250000002395,670.0)
(180.66875000002395,669.0)
(180.67500000002394,669.0)
(180.67500000002394,669.0)
(180.67608695654567,668.0)
(180.67717391306743,669.0)
(180.67826086958917,668.0)
(180.6793478261109,668.0)
(180.68043478263263,668.0)
(180.6815217391544,669.0)
(180.68260869567612,668.0)
(180.68369565219785,670.0)
(180.6847826087196,669.0)
(180.68586956524135,668.0)
(180.68695652176308,669.0)
(180.6880434782848,669.0)
(180.68913043480654,669.0)
(180.6902173913283,668.0)
(180.69130434785004,669.0)
(180.69239130437177,669.0)
(180.6934782608935,668.0)
(180.69456521741526,669.0)
(180.695652173937,668.0)
(180.69673913045872,669.0)
(180.69782608698046,668.0)
(180.69891304350222,669.0)
(180.70000000002395,668.0)
(180.70000000002395,669.0)
(180.7016666666906,669.0)
(180.70333333335728,668.0)
(180.70500000002394,669.0)
(180.7066666666906,669.0)
(180.70833333335727,668.0)
(180.71000000002394,669.0)
(180.7116666666906,669.0)
(180.7133333333573,670.0)
(180.71500000002396,669.0)
(180.71666666669063,669.0)
(180.7183333333573,669.0)
(180.72000000002396,669.0)
(180.72166666669062,669.0)
(180.7233333333573,670.0)
(180.72500000002395,669.0)
(180.72500000002395,669.0)
(180.72647058825925,669.0)
(180.72794117649454,669.0)
(180.72941176472983,669.0)
(180.73088235296512,669.0)
(180.73235294120042,669.0)
(180.7338235294357,670.0)
(180.735294117671,669.0)
(180.7367647059063,669.0)
(180.73823529414162,669.0)
(180.7397058823769,669.0)
(180.7411764706122,669.0)
(180.7426470588475,669.0)
(180.7441176470828,669.0)
(180.74558823531808,669.0)
(180.74705882355337,669.0)
(180.74852941178867,668.0)
(180.75000000002396,669.0)
(180.75000000002396,669.0)
(180.77500000002397,669.0)
(180.77500000002397,669.0)
(180.77692307694704,669.0)
(180.77884615387012,668.0)
(180.7807692307932,669.0)
(180.78269230771627,668.0)
(180.78461538463935,669.0)
(180.78653846156243,669.0)
(180.7884615384855,669.0)
(180.79038461540858,669.0)
(180.79230769233166,670.0)
(180.79423076925474,670.0)
(180.79615384617782,669.0)
(180.7980769231009,669.0)
(180.80000000002397,668.0)
(180.80000000002397,668.0)
(180.80100000002398,669.0)
(180.80200000002398,668.0)
(180.80300000002399,669.0)
(180.80400000002396,670.0)
(180.80500000002397,669.0)
(180.80600000002397,669.0)
(180.80700000002398,670.0)
(180.80800000002398,668.0)
(180.80900000002399,668.0)
(180.81000000002396,669.0)
(180.81100000002397,670.0)
(180.81200000002397,668.0)
(180.81300000002398,670.0)
(180.81400000002398,669.0)
(180.81500000002399,669.0)
(180.81600000002396,669.0)
(180.81700000002397,669.0)
(180.81800000002397,669.0)
(180.81900000002398,669.0)
(180.82000000002398,669.0)
(180.821000000024,669.0)
(180.82200000002396,669.0)
(180.82300000002397,669.0)
(180.82400000002397,669.0)
(180.82500000002398,669.0)
(180.82500000002398,670.0)
(180.82647058825927,669.0)
(180.82794117649456,669.0)
(180.82941176472985,669.0)
(180.83088235296515,669.0)
(180.83235294120044,669.0)
(180.83382352943573,669.0)
(180.83529411767103,669.0)
(180.83676470590632,669.0)
(180.83823529414164,669.0)
(180.83970588237693,669.0)
(180.84117647061223,669.0)
(180.84264705884752,669.0)
(180.8441176470828,669.0)
(180.8455882353181,669.0)
(180.8470588235534,668.0)
(180.8485294117887,668.0)
(180.85000000002398,669.0)
(180.85000000002398,669.0)
(180.851562500024,669.0)
(180.853125000024,669.0)
(180.85468750002397,668.0)
(180.85625000002398,669.0)
(180.85781250002398,669.0)
(180.859375000024,668.0)
(180.860937500024,670.0)
(180.862500000024,669.0)
(180.86406250002398,669.0)
(180.86562500002398,669.0)
(180.867187500024,670.0)
(180.868750000024,669.0)
(180.870312500024,669.0)
(180.87187500002398,669.0)
(180.87343750002398,669.0)
(180.875000000024,669.0)
(180.875000000024,669.0)
(180.876562500024,669.0)
(180.878125000024,669.0)
(180.87968750002398,670.0)
(180.88125000002398,669.0)
(180.882812500024,670.0)
(180.884375000024,669.0)
(180.885937500024,669.0)
(180.88750000002398,669.0)
(180.88906250002398,669.0)
(180.890625000024,669.0)
(180.892187500024,670.0)
(180.893750000024,669.0)
(180.895312500024,670.0)
(180.89687500002398,669.0)
(180.898437500024,669.0)
(180.900000000024,669.0)
(180.900000000024,668.0)
(180.90227272729672,669.0)
(180.90454545456944,669.0)
(180.90681818184217,669.0)
(180.9090909091149,670.0)
(180.91136363638762,669.0)
(180.91363636366037,669.0)
(180.9159090909331,670.0)
(180.91818181820582,669.0)
(180.92045454547855,668.0)
(180.92272727275127,669.0)
(180.925000000024,669.0)
(180.925000000024,670.0)
(180.92857142859543,669.0)
(180.93214285716687,669.0)
(180.9357142857383,668.0)
(180.9392857143097,669.0)
(180.94285714288114,668.0)
(180.94642857145257,668.0)
(180.950000000024,669.0)
(180.950000000024,668.0)
(180.95166666669067,668.0)
(180.95333333335734,669.0)
(180.955000000024,669.0)
(180.95666666669067,670.0)
(180.95833333335733,669.0)
(180.960000000024,669.0)
(180.96166666669066,669.0)
(180.96333333335735,668.0)
(180.96500000002402,668.0)
(180.96666666669068,669.0)
(180.96833333335735,669.0)
(180.97000000002402,669.0)
(180.97166666669068,669.0)
(180.97333333335735,668.0)
(180.975000000024,669.0)
(180.975000000024,669.0)
(180.97656250002402,668.0)
(180.97812500002402,669.0)
(180.979687500024,668.0)
(180.981250000024,669.0)
(180.982812500024,669.0)
(180.98437500002402,669.0)
(180.98593750002402,669.0)
(180.987500000024,669.0)
(180.989062500024,669.0)
(180.990625000024,668.0)
(180.99218750002402,669.0)
(180.99375000002402,670.0)
(180.99531250002403,669.0)
(180.996875000024,668.0)
(180.998437500024,669.0)
(181.00000000002402,668.0)
(181.00000000002402,669.0)
(181.0013888889129,668.0)
(181.00277777780178,669.0)
(181.00416666669068,669.0)
(181.00555555557958,670.0)
(181.00694444446847,669.0)
(181.00833333335734,669.0)
(181.00972222224624,670.0)
(181.01111111113514,669.0)
(181.01250000002403,669.0)
(181.0138888889129,668.0)
(181.0152777778018,669.0)
(181.0166666666907,669.0)
(181.01805555557956,669.0)
(181.01944444446846,668.0)
(181.02083333335736,669.0)
(181.02222222224626,669.0)
(181.02361111113512,669.0)
(181.02500000002402,669.0)
(181.02500000002402,670.0)
(181.02656250002403,669.0)
(181.02812500002403,668.0)
(181.029687500024,669.0)
(181.03125000002402,669.0)
(181.03281250002402,669.0)
(181.03437500002403,669.0)
(181.03593750002403,668.0)
(181.037500000024,669.0)
(181.03906250002402,669.0)
(181.04062500002402,669.0)
(181.04218750002403,669.0)
(181.04375000002403,669.0)
(181.04531250002404,668.0)
(181.04687500002402,669.0)
(181.04843750002402,669.0)
(181.05000000002403,670.0)
(181.05000000002403,669.0)
(181.0516666666907,669.0)
(181.05333333335736,669.0)
(181.05500000002402,668.0)
(181.0566666666907,669.0)
(181.05833333335735,669.0)
(181.06000000002402,669.0)
(181.06166666669068,669.0)
(181.06333333335738,669.0)
(181.06500000002404,669.0)
(181.0666666666907,669.0)
(181.06833333335737,668.0)
(181.07000000002404,668.0)
(181.0716666666907,670.0)
(181.07333333335737,669.0)
(181.07500000002403,669.0)
(181.07500000002403,669.0)
(181.0766666666907,669.0)
(181.07833333335736,668.0)
(181.08000000002403,669.0)
(181.0816666666907,669.0)
(181.08333333335736,670.0)
(181.08500000002402,669.0)
(181.0866666666907,669.0)
(181.08833333335738,669.0)
(181.09000000002405,670.0)
(181.0916666666907,669.0)
(181.09333333335738,669.0)
(181.09500000002404,670.0)
(181.0966666666907,669.0)
(181.09833333335737,669.0)
(181.10000000002404,669.0)
(181.10000000002404,669.0)
(181.10178571430976,669.0)
(181.10357142859547,669.0)
(181.1053571428812,669.0)
(181.1071428571669,670.0)
(181.10892857145262,670.0)
(181.11071428573834,670.0)
(181.11250000002406,670.0)
(181.11428571430974,671.0)
(181.11607142859546,670.0)
(181.11785714288118,672.0)
(181.1196428571669,671.0)
(181.1214285714526,672.0)
(181.12321428573833,671.0)
(181.12500000002404,672.0)
(181.12500000002404,673.0)
(181.1266666666907,673.0)
(181.12833333335738,671.0)
(181.13000000002404,673.0)
(181.1316666666907,674.0)
(181.13333333335737,673.0)
(181.13500000002404,674.0)
(181.1366666666907,673.0)
(181.1383333333574,675.0)
(181.14000000002406,675.0)
(181.14166666669072,675.0)
(181.1433333333574,676.0)
(181.14500000002405,675.0)
(181.14666666669072,675.0)
(181.14833333335739,676.0)
(181.15000000002405,676.0)
(181.15000000002405,676.0)
(181.15227272729678,676.0)
(181.1545454545695,676.0)
(181.15681818184223,677.0)
(181.15909090911495,677.0)
(181.16136363638768,677.0)
(181.16363636366043,678.0)
(181.16590909093316,679.0)
(181.16818181820588,677.0)
(181.1704545454786,678.0)
(181.17272727275133,676.0)
(181.17500000002406,679.0)
(181.17500000002406,677.0)
(181.18750000002404,677.0)
(181.20000000002406,680.0)
(181.20000000002406,678.0)
(181.21250000002408,678.0)
(181.22500000002407,677.0)
(181.22500000002407,679.0)
(181.22619047621455,678.0)
(181.227380952405,678.0)
(181.2285714285955,680.0)
(181.22976190478596,678.0)
(181.23095238097645,679.0)
(181.23214285716693,677.0)
(181.2333333333574,680.0)
(181.23452380954788,679.0)
(181.23571428573837,680.0)
(181.23690476192883,679.0)
(181.2380952381193,680.0)
(181.23928571430977,680.0)
(181.24047619050026,680.0)
(181.24166666669075,680.0)
(181.2428571428812,680.0)
(181.2440476190717,680.0)
(181.24523809526218,680.0)
(181.24642857145264,679.0)
(181.24761904764313,680.0)
(181.2488095238336,680.0)
(181.25000000002407,679.0)
(181.25000000002407,680.0)
(181.25166666669074,680.0)
(181.2533333333574,680.0)
(181.25500000002407,679.0)
(181.25666666669073,680.0)
(181.2583333333574,680.0)
(181.26000000002406,679.0)
(181.26166666669073,680.0)
(181.26333333335742,680.0)
(181.2650000000241,680.0)
(181.26666666669075,680.0)
(181.26833333335742,680.0)
(181.27000000002408,680.0)
(181.27166666669075,679.0)
(181.2733333333574,679.0)
(181.27500000002408,680.0)
(181.27500000002408,679.0)
(181.2758620689896,680.0)
(181.2767241379551,680.0)
(181.27758620692063,679.0)
(181.27844827588615,680.0)
(181.27931034485167,679.0)
(181.28017241381718,680.0)
(181.2810344827827,680.0)
(181.28189655174822,680.0)
(181.28275862071374,680.0)
(181.28362068967925,680.0)
(181.28448275864477,680.0)
(181.2853448276103,680.0)
(181.2862068965758,680.0)
(181.28706896554132,680.0)
(181.28793103450684,680.0)
(181.28879310347236,680.0)
(181.28965517243788,680.0)
(181.2905172414034,680.0)
(181.2913793103689,680.0)
(181.29224137933443,680.0)
(181.29310344829995,680.0)
(181.29396551726546,680.0)
(181.29482758623098,680.0)
(181.2956896551965,680.0)
(181.29655172416201,680.0)
(181.29741379312753,680.0)
(181.29827586209305,680.0)
(181.29913793105857,680.0)
(181.30000000002408,680.0)
(181.30000000002408,680.0)
(181.30083333335742,680.0)
(181.30166666669075,680.0)
(181.30250000002408,680.0)
(181.30333333335741,680.0)
(181.30416666669075,680.0)
(181.30500000002408,680.0)
(181.3058333333574,680.0)
(181.30666666669075,680.0)
(181.30750000002408,680.0)
(181.3083333333574,680.0)
(181.30916666669074,680.0)
(181.31000000002408,681.0)
(181.3108333333574,680.0)
(181.31166666669074,680.0)
(181.3125000000241,681.0)
(181.31333333335743,680.0)
(181.31416666669077,680.0)
(181.3150000000241,680.0)
(181.31583333335743,681.0)
(181.31666666669076,680.0)
(181.3175000000241,680.0)
(181.31833333335743,680.0)
(181.31916666669076,680.0)
(181.3200000000241,680.0)
(181.32083333335743,680.0)
(181.32166666669076,680.0)
(181.3225000000241,680.0)
(181.32333333335743,680.0)
(181.32416666669076,680.0)
(181.3250000000241,680.0)
(181.3250000000241,680.0)
(181.32647058825938,680.0)
(181.32794117649468,680.0)
(181.32941176472997,678.0)
(181.33088235296526,680.0)
(181.33235294120055,680.0)
(181.33382352943585,679.0)
(181.33529411767114,680.0)
(181.33676470590643,679.0)
(181.33823529414175,679.0)
(181.33970588237705,679.0)
(181.34117647061234,680.0)
(181.34264705884763,680.0)
(181.34411764708292,680.0)
(181.34558823531822,679.0)
(181.3470588235535,679.0)
(181.3485294117888,679.0)
(181.3500000000241,679.0)
(181.3500000000241,680.0)
(181.3512500000241,680.0)
(181.3525000000241,680.0)
(181.3537500000241,679.0)
(181.3550000000241,680.0)
(181.3562500000241,679.0)
(181.3575000000241,680.0)
(181.3587500000241,679.0)
(181.3600000000241,680.0)
(181.36125000002409,679.0)
(181.3625000000241,680.0)
(181.3637500000241,680.0)
(181.3650000000241,680.0)
(181.3662500000241,680.0)
(181.3675000000241,680.0)
(181.3687500000241,680.0)
(181.3700000000241,680.0)
(181.3712500000241,680.0)
(181.3725000000241,680.0)
(181.3737500000241,680.0)
(181.3750000000241,680.0)
(181.3750000000241,680.0)
(181.3765625000241,680.0)
(181.3781250000241,680.0)
(181.3796875000241,680.0)
(181.3812500000241,680.0)
(181.3828125000241,680.0)
(181.3843750000241,680.0)
(181.3859375000241,680.0)
(181.3875000000241,680.0)
(181.3890625000241,680.0)
(181.3906250000241,680.0)
(181.3921875000241,680.0)
(181.3937500000241,680.0)
(181.39531250002412,680.0)
(181.3968750000241,680.0)
(181.3984375000241,680.0)
(181.4000000000241,680.0)
(181.4000000000241,680.0)
(181.40166666669077,680.0)
(181.40333333335744,680.0)
(181.4050000000241,680.0)
(181.40666666669077,680.0)
(181.40833333335743,680.0)
(181.4100000000241,680.0)
(181.41166666669076,680.0)
(181.41333333335746,680.0)
(181.41500000002412,680.0)
(181.4166666666908,680.0)
(181.41833333335745,679.0)
(181.42000000002412,680.0)
(181.42166666669078,680.0)
(181.42333333335745,680.0)
(181.4250000000241,680.0)
(181.4250000000241,680.0)
(181.42666666669078,680.0)
(181.42833333335744,680.0)
(181.4300000000241,680.0)
(181.43166666669077,680.0)
(181.43333333335744,680.0)
(181.4350000000241,680.0)
(181.43666666669077,680.0)
(181.43833333335746,680.0)
(181.44000000002413,680.0)
(181.4416666666908,680.0)
(181.44333333335746,680.0)
(181.44500000002412,680.0)
(181.4466666666908,680.0)
(181.44833333335745,680.0)
(181.45000000002412,680.0)
(181.45000000002412,679.0)
(181.45166666669078,679.0)
(181.45333333335745,680.0)
(181.4550000000241,680.0)
(181.45666666669078,680.0)
(181.45833333335744,680.0)
(181.4600000000241,680.0)
(181.46166666669077,680.0)
(181.46333333335747,680.0)
(181.46500000002413,680.0)
(181.4666666666908,680.0)
(181.46833333335746,680.0)
(181.47000000002413,680.0)
(181.4716666666908,680.0)
(181.47333333335746,680.0)
(181.47500000002412,680.0)
(181.47500000002412,680.0)
(181.50000000002413,680.0)
(181.50000000002413,680.0)
(181.50000000002413,680.0)
(181.50250000002413,680.0)
(181.50500000002413,680.0)
(181.50750000002412,680.0)
(181.51000000002412,680.0)
(181.51250000002415,680.0)
(181.51500000002414,681.0)
(181.51750000002414,680.0)
(181.52000000002414,680.0)
(181.52250000002414,680.0)
(181.52500000002414,680.0)
(181.52500000002414,680.0)
(181.52647058825943,680.0)
(181.52794117649472,680.0)
(181.52941176473,680.0)
(181.5308823529653,680.0)
(181.5323529412006,680.0)
(181.5338235294359,680.0)
(181.53529411767119,680.0)
(181.53676470590648,680.0)
(181.5382352941418,681.0)
(181.5397058823771,680.0)
(181.54117647061238,680.0)
(181.54264705884768,680.0)
(181.54411764708297,680.0)
(181.54558823531826,680.0)
(181.54705882355356,680.0)
(181.54852941178885,680.0)
(181.55000000002414,680.0)
(181.55000000002414,680.0)
(181.5516666666908,680.0)
(181.55333333335747,680.0)
(181.55500000002414,680.0)
(181.5566666666908,680.0)
(181.55833333335747,680.0)
(181.56000000002413,680.0)
(181.5616666666908,680.0)
(181.5633333333575,680.0)
(181.56500000002416,680.0)
(181.56666666669082,680.0)
(181.5683333333575,680.0)
(181.57000000002415,680.0)
(181.57166666669082,680.0)
(181.57333333335748,680.0)
(181.57500000002415,680.0)
(181.57500000002415,680.0)
(181.57578125002414,680.0)
(181.57656250002415,680.0)
(181.57734375002414,680.0)
(181.57812500002416,680.0)
(181.57890625002415,680.0)
(181.57968750002414,681.0)
(181.58046875002415,680.0)
(181.58125000002414,681.0)
(181.58203125002416,680.0)
(181.58281250002415,680.0)
(181.58359375002414,680.0)
(181.58437500002415,680.0)
(181.58515625002414,680.0)
(181.58593750002416,680.0)
(181.58671875002415,680.0)
(181.58750000002414,680.0)
(181.58828125002415,680.0)
(181.58906250002414,680.0)
(181.58984375002416,680.0)
(181.59062500002415,680.0)
(181.59140625002416,680.0)
(181.59218750002415,680.0)
(181.59296875002414,680.0)
(181.59375000002416,680.0)
(181.59453125002415,680.0)
(181.59531250002416,680.0)
(181.59609375002415,680.0)
(181.59687500002414,680.0)
(181.59765625002416,680.0)
(181.59843750002415,680.0)
(181.59921875002416,680.0)
(181.60000000002415,680.0)
(181.60000000002415,680.0)
(181.60156250002416,680.0)
(181.60312500002416,680.0)
(181.60468750002414,680.0)
(181.60625000002415,680.0)
(181.60781250002415,680.0)
(181.60937500002416,680.0)
(181.61093750002416,680.0)
(181.61250000002417,680.0)
(181.61406250002415,680.0)
(181.61562500002415,680.0)
(181.61718750002416,679.0)
(181.61875000002416,680.0)
(181.62031250002417,680.0)
(181.62187500002415,680.0)
(181.62343750002415,680.0)
(181.62500000002416,680.0)
(181.62500000002416,680.0)
(181.62666666669082,680.0)
(181.6283333333575,680.0)
(181.63000000002415,680.0)
(181.63166666669082,680.0)
(181.63333333335748,680.0)
(181.63500000002415,680.0)
(181.63666666669081,680.0)
(181.6383333333575,680.0)
(181.64000000002417,680.0)
(181.64166666669084,680.0)
(181.6433333333575,680.0)
(181.64500000002417,680.0)
(181.64666666669083,680.0)
(181.6483333333575,680.0)
(181.65000000002416,680.0)
(181.65000000002416,680.0)
(181.65138888891306,680.0)
(181.65277777780193,680.0)
(181.65416666669083,680.0)
(181.65555555557972,680.0)
(181.65694444446862,680.0)
(181.6583333333575,680.0)
(181.6597222222464,680.0)
(181.66111111113528,680.0)
(181.66250000002418,680.0)
(181.66388888891305,680.0)
(181.66527777780195,679.0)
(181.66666666669084,680.0)
(181.6680555555797,680.0)
(181.6694444444686,680.0)
(181.6708333333575,680.0)
(181.6722222222464,680.0)
(181.67361111113527,680.0)
(181.67500000002417,680.0)
(181.67500000002417,680.0)
(181.67666666669083,680.0)
(181.6783333333575,680.0)
(181.68000000002417,680.0)
(181.68166666669083,680.0)
(181.6833333333575,680.0)
(181.68500000002416,680.0)
(181.68666666669083,680.0)
(181.68833333335752,680.0)
(181.69000000002418,680.0)
(181.69166666669085,680.0)
(181.69333333335751,680.0)
(181.69500000002418,680.0)
(181.69666666669085,680.0)
(181.6983333333575,680.0)
(181.70000000002418,680.0)
(181.70000000002418,680.0)
(181.70147058825947,680.0)
(181.70294117649476,680.0)
(181.70441176473005,680.0)
(181.70588235296535,680.0)
(181.70735294120064,680.0)
(181.70882352943593,680.0)
(181.71029411767122,680.0)
(181.71176470590652,680.0)
(181.71323529414184,680.0)
(181.71470588237713,680.0)
(181.71617647061242,679.0)
(181.71764705884772,680.0)
(181.719117647083,680.0)
(181.7205882353183,680.0)
(181.7220588235536,680.0)
(181.7235294117889,680.0)
(181.72500000002418,680.0)
(181.72500000002418,680.0)
(181.7500000000242,679.0)
(181.7500000000242,680.0)
(181.7515625000242,680.0)
(181.7531250000242,681.0)
(181.75468750002418,680.0)
(181.75625000002418,680.0)
(181.7578125000242,680.0)
(181.7593750000242,681.0)
(181.7609375000242,680.0)
(181.7625000000242,680.0)
(181.76406250002418,680.0)
(181.7656250000242,680.0)
(181.7671875000242,680.0)
(181.7687500000242,679.0)
(181.7703125000242,680.0)
(181.77187500002418,680.0)
(181.7734375000242,680.0)
(181.7750000000242,680.0)
(181.7750000000242,680.0)
(181.7765625000242,679.0)
(181.7781250000242,680.0)
(181.77968750002418,680.0)
(181.7812500000242,680.0)
(181.7828125000242,679.0)
(181.7843750000242,680.0)
(181.7859375000242,680.0)
(181.78750000002418,679.0)
(181.7890625000242,679.0)
(181.7906250000242,680.0)
(181.7921875000242,680.0)
(181.7937500000242,680.0)
(181.7953125000242,680.0)
(181.7968750000242,679.0)
(181.7984375000242,680.0)
(181.8000000000242,680.0)
(181.8000000000242,680.0)
(181.80166666669086,680.0)
(181.80333333335753,680.0)
(181.8050000000242,680.0)
(181.80666666669086,680.0)
(181.80833333335752,680.0)
(181.8100000000242,680.0)
(181.81166666669085,680.0)
(181.81333333335755,680.0)
(181.8150000000242,680.0)
(181.81666666669088,680.0)
(181.81833333335754,680.0)
(181.8200000000242,680.0)
(181.82166666669087,680.0)
(181.82333333335754,680.0)
(181.8250000000242,680.0)
(181.8250000000242,680.0)
(181.82666666669087,680.0)
(181.82833333335753,680.0)
(181.8300000000242,680.0)
(181.83166666669086,680.0)
(181.83333333335753,680.0)
(181.8350000000242,680.0)
(181.83666666669086,679.0)
(181.83833333335755,679.0)
(181.84000000002422,680.0)
(181.84166666669088,680.0)
(181.84333333335755,680.0)
(181.8450000000242,680.0)
(181.84666666669088,680.0)
(181.84833333335754,680.0)
(181.8500000000242,680.0)
(181.8500000000242,680.0)
(181.85178571430993,680.0)
(181.85357142859564,680.0)
(181.85535714288136,680.0)
(181.85714285716708,680.0)
(181.8589285714528,680.0)
(181.8607142857385,680.0)
(181.86250000002423,680.0)
(181.86428571430991,680.0)
(181.86607142859563,680.0)
(181.86785714288135,679.0)
(181.86964285716707,680.0)
(181.87142857145278,680.0)
(181.8732142857385,680.0)
(181.87500000002422,680.0)
(181.87500000002422,680.0)
(181.87589285716706,680.0)
(181.87678571430993,680.0)
(181.87767857145278,679.0)
(181.87857142859565,679.0)
(181.8794642857385,680.0)
(181.88035714288137,680.0)
(181.8812500000242,680.0)
(181.88214285716708,680.0)
(181.88303571430993,680.0)
(181.8839285714528,680.0)
(181.88482142859564,680.0)
(181.88571428573852,679.0)
(181.88660714288136,680.0)
(181.8875000000242,680.0)
(181.88839285716708,680.0)
(181.88928571430992,679.0)
(181.8901785714528,680.0)
(181.89107142859564,680.0)
(181.8919642857385,680.0)
(181.89285714288135,680.0)
(181.89375000002423,680.0)
(181.89464285716707,679.0)
(181.89553571430994,680.0)
(181.8964285714528,680.0)
(181.89732142859566,680.0)
(181.8982142857385,680.0)
(181.89910714288138,680.0)
(181.90000000002422,680.0)
(181.90000000002422,677.0)
(181.90156250002423,680.0)
(181.90312500002423,679.0)
(181.9046875000242,680.0)
(181.90625000002422,679.0)
(181.90781250002422,679.0)
(181.90937500002423,680.0)
(181.91093750002423,680.0)
(181.91250000002424,679.0)
(181.91406250002422,679.0)
(181.91562500002422,680.0)
(181.91718750002423,678.0)
(181.91875000002423,679.0)
(181.92031250002424,679.0)
(181.92187500002422,673.0)
(181.92343750002422,670.0)
(181.92500000002423,670.0)
(181.92500000002423,671.0)
(181.92647058825952,667.0)
(181.9279411764948,671.0)
(181.9294117647301,672.0)
(181.9308823529654,675.0)
(181.9323529412007,668.0)
(181.93382352943598,673.0)
(181.93529411767128,668.0)
(181.93676470590657,668.0)
(181.9382352941419,668.0)
(181.93970588237718,670.0)
(181.94117647061248,673.0)
(181.94264705884777,673.0)
(181.94411764708306,671.0)
(181.94558823531835,669.0)
(181.94705882355365,667.0)
(181.94852941178894,668.0)
(181.95000000002423,669.0)
(181.95000000002423,671.0)
(181.95178571430995,672.0)
(181.95357142859567,672.0)
(181.95535714288138,670.0)
(181.9571428571671,669.0)
(181.95892857145282,668.0)
(181.96071428573853,668.0)
(181.96250000002425,670.0)
(181.96428571430994,670.0)
(181.96607142859565,671.0)
(181.96785714288137,670.0)
(181.9696428571671,669.0)
(181.9714285714528,669.0)
(181.97321428573852,668.0)
(181.97500000002424,668.0)
(181.97500000002424,670.0)
(182.00000000002424,670.0)
(182.00000000002424,670.0)
(182.00000000002424,670.0)
(182.00125000002424,670.0)
(182.00250000002424,668.0)
(182.00375000002424,669.0)
(182.00500000002424,670.0)
(182.00625000002424,670.0)
(182.00750000002424,670.0)
(182.00875000002424,670.0)
(182.01000000002423,670.0)
(182.01125000002423,669.0)
(182.01250000002426,669.0)
(182.01375000002426,669.0)
(182.01500000002426,670.0)
(182.01625000002426,670.0)
(182.01750000002426,670.0)
(182.01875000002426,669.0)
(182.02000000002425,669.0)
(182.02125000002425,669.0)
(182.02250000002425,670.0)
(182.02375000002425,669.0)
(182.02500000002425,669.0)
(182.02500000002425,669.0)
(182.02647058825954,669.0)
(182.02794117649483,669.0)
(182.02941176473013,669.0)
(182.03088235296542,668.0)
(182.0323529412007,670.0)
(182.033823529436,669.0)
(182.0352941176713,669.0)
(182.0367647059066,669.0)
(182.0382352941419,670.0)
(182.0397058823772,669.0)
(182.0411764706125,669.0)
(182.0426470588478,670.0)
(182.04411764708308,669.0)
(182.04558823531838,670.0)
(182.04705882355367,669.0)
(182.04852941178896,669.0)
(182.05000000002426,669.0)
(182.05000000002426,670.0)
(182.05131578949795,669.0)
(182.0526315789716,669.0)
(182.0539473684453,669.0)
(182.055263157919,669.0)
(182.05657894739267,669.0)
(182.05789473686636,669.0)
(182.05921052634005,669.0)
(182.06052631581372,669.0)
(182.0618421052874,669.0)
(182.0631578947611,670.0)
(182.0644736842348,670.0)
(182.06578947370846,670.0)
(182.06710526318216,669.0)
(182.06842105265585,670.0)
(182.06973684212952,669.0)
(182.0710526316032,669.0)
(182.0723684210769,670.0)
(182.07368421055057,669.0)
(182.07500000002426,669.0)
(182.07500000002426,670.0)
(182.07647058825955,669.0)
(182.07794117649485,670.0)
(182.07941176473014,670.0)
(182.08088235296543,670.0)
(182.08235294120072,669.0)
(182.08382352943602,669.0)
(182.0852941176713,669.0)
(182.0867647059066,669.0)
(182.08823529414192,669.0)
(182.08970588237722,669.0)
(182.0911764706125,670.0)
(182.0926470588478,670.0)
(182.0941176470831,669.0)
(182.0955882353184,670.0)
(182.09705882355368,669.0)
(182.09852941178897,669.0)
(182.10000000002427,669.0)
(182.10000000002427,669.0)
(182.10178571430998,669.0)
(182.1035714285957,669.0)
(182.10535714288142,670.0)
(182.10714285716713,669.0)
(182.10892857145285,669.0)
(182.11071428573857,669.0)
(182.11250000002428,670.0)
(182.11428571430997,670.0)
(182.1160714285957,670.0)
(182.1178571428814,670.0)
(182.11964285716712,670.0)
(182.12142857145284,669.0)
(182.12321428573856,669.0)
(182.12500000002427,669.0)
(182.12500000002427,669.0)
(182.13750000002426,669.0)
(182.15000000002428,669.0)
(182.15000000002428,670.0)
(182.15166666669094,669.0)
(182.1533333333576,669.0)
(182.15500000002427,668.0)
(182.15666666669094,669.0)
(182.1583333333576,670.0)
(182.16000000002427,669.0)
(182.16166666669093,670.0)
(182.16333333335763,670.0)
(182.1650000000243,670.0)
(182.16666666669096,669.0)
(182.16833333335762,669.0)
(182.1700000000243,669.0)
(182.17166666669095,670.0)
(182.17333333335762,669.0)
(182.17500000002428,669.0)
(182.17500000002428,669.0)
(182.17692307694736,669.0)
(182.17884615387044,669.0)
(182.18076923079352,669.0)
(182.1826923077166,669.0)
(182.18461538463967,669.0)
(182.18653846156275,670.0)
(182.18846153848583,669.0)
(182.1903846154089,669.0)
(182.19230769233198,668.0)
(182.19423076925506,669.0)
(182.19615384617813,670.0)
(182.1980769231012,669.0)
(182.2000000000243,669.0)
(182.2000000000243,669.0)
(182.2025000000243,669.0)
(182.20500000002428,669.0)
(182.20750000002428,670.0)
(182.21000000002428,669.0)
(182.2125000000243,670.0)
(182.2150000000243,669.0)
(182.2175000000243,669.0)
(182.2200000000243,668.0)
(182.2225000000243,668.0)
(182.2250000000243,670.0)
(182.2250000000243,670.0)
(182.2264705882596,669.0)
(182.22794117649488,669.0)
(182.22941176473017,669.0)
(182.23088235296547,669.0)
(182.23235294120076,669.0)
(182.23382352943605,670.0)
(182.23529411767134,669.0)
(182.23676470590664,669.0)
(182.23823529414196,669.0)
(182.23970588237725,669.0)
(182.24117647061254,670.0)
(182.24264705884784,669.0)
(182.24411764708313,669.0)
(182.24558823531842,670.0)
(182.24705882355372,669.0)
(182.248529411789,669.0)
(182.2500000000243,669.0)
(182.2500000000243,669.0)
(182.25108695654603,669.0)
(182.2521739130678,670.0)
(182.25326086958952,669.0)
(182.25434782611126,669.0)
(182.255434782633,669.0)
(182.25652173915475,669.0)
(182.25760869567648,669.0)
(182.2586956521982,669.0)
(182.25978260871995,669.0)
(182.2608695652417,669.0)
(182.26195652176344,670.0)
(182.26304347828517,669.0)
(182.2641304348069,669.0)
(182.26521739132866,669.0)
(182.2663043478504,669.0)
(182.26739130437213,668.0)
(182.26847826089386,670.0)
(182.26956521741562,669.0)
(182.27065217393735,669.0)
(182.27173913045908,669.0)
(182.2728260869808,668.0)
(182.27391304350257,668.0)
(182.2750000000243,669.0)
(182.2750000000243,669.0)
(182.2763888889132,670.0)
(182.27777777780207,669.0)
(182.27916666669097,669.0)
(182.28055555557987,669.0)
(182.28194444446876,670.0)
(182.28333333335763,670.0)
(182.28472222224653,669.0)
(182.28611111113543,669.0)
(182.2875000000243,669.0)
(182.2888888889132,669.0)
(182.2902777778021,670.0)
(182.291666666691,668.0)
(182.29305555557985,669.0)
(182.29444444446875,670.0)
(182.29583333335765,669.0)
(182.29722222224655,669.0)
(182.29861111113541,670.0)
(182.3000000000243,669.0)
(182.3000000000243,669.0)
(182.3014705882596,668.0)
(182.3029411764949,669.0)
(182.3044117647302,669.0)
(182.30588235296548,669.0)
(182.30735294120078,669.0)
(182.30882352943607,669.0)
(182.31029411767136,669.0)
(182.31176470590665,669.0)
(182.31323529414198,669.0)
(182.31470588237727,669.0)
(182.31617647061256,669.0)
(182.31764705884785,669.0)
(182.31911764708315,668.0)
(182.32058823531844,669.0)
(182.32205882355373,669.0)
(182.32352941178902,668.0)
(182.32500000002432,669.0)
(182.32500000002432,669.0)
(182.3261904762148,670.0)
(182.32738095240526,669.0)
(182.32857142859575,669.0)
(182.3297619047862,669.0)
(182.3309523809767,670.0)
(182.33214285716718,669.0)
(182.33333333335764,669.0)
(182.33452380954813,669.0)
(182.33571428573862,669.0)
(182.33690476192908,669.0)
(182.33809523811956,669.0)
(182.33928571431002,669.0)
(182.3404761905005,669.0)
(182.341666666691,669.0)
(182.34285714288146,669.0)
(182.34404761907194,669.0)
(182.34523809526243,669.0)
(182.3464285714529,670.0)
(182.34761904764338,669.0)
(182.34880952383384,669.0)
(182.35000000002432,670.0)
(182.35000000002432,669.0)
(182.35156250002433,669.0)
(182.35312500002433,668.0)
(182.3546875000243,669.0)
(182.35625000002432,669.0)
(182.35781250002432,670.0)
(182.35937500002433,669.0)
(182.36093750002433,670.0)
(182.36250000002434,669.0)
(182.36406250002432,669.0)
(182.36562500002432,668.0)
(182.36718750002433,669.0)
(182.36875000002433,668.0)
(182.37031250002434,669.0)
(182.37187500002432,669.0)
(182.37343750002432,670.0)
(182.37500000002433,669.0)
(182.37500000002433,669.0)
(182.37647058825962,670.0)
(182.37794117649491,669.0)
(182.3794117647302,670.0)
(182.3808823529655,670.0)
(182.3823529412008,669.0)
(182.38382352943609,669.0)
(182.38529411767138,669.0)
(182.38676470590667,669.0)
(182.388235294142,668.0)
(182.38970588237729,669.0)
(182.39117647061258,669.0)
(182.39264705884787,669.0)
(182.39411764708316,669.0)
(182.39558823531846,669.0)
(182.39705882355375,671.0)
(182.39852941178904,668.0)
(182.40000000002433,670.0)
(182.40000000002433,669.0)
(182.4019230769474,669.0)
(182.4038461538705,669.0)
(182.40576923079357,670.0)
(182.40769230771664,669.0)
(182.40961538463972,669.0)
(182.4115384615628,669.0)
(182.41346153848588,668.0)
(182.41538461540895,669.0)
(182.41730769233203,669.0)
(182.4192307692551,670.0)
(182.42115384617819,669.0)
(182.42307692310126,668.0)
(182.42500000002434,669.0)
(182.42500000002434,669.0)
(182.42500000002434,669.0)
(182.43000000002434,669.0)
(182.43500000002433,669.0)
(182.44000000002436,669.0)
(182.44500000002435,669.0)
(182.45000000002435,669.0)
(182.45000000002435,669.0)
(182.45312500002436,669.0)
(182.45625000002434,669.0)
(182.45937500002435,669.0)
(182.46250000002436,670.0)
(182.46562500002435,670.0)
(182.46875000002436,671.0)
(182.47187500002434,669.0)
(182.47500000002435,669.0)
(182.47500000002435,669.0)
(182.50000000002436,669.0)
(182.50000000002436,669.0)
(182.50416666669102,669.0)
(182.50833333335768,669.0)
(182.51250000002437,669.0)
(182.51666666669104,669.0)
(182.5208333333577,669.0)
(182.52500000002436,669.0)
(182.52500000002436,669.0)
(182.53125000002436,669.0)
(182.53750000002435,669.0)
(182.54375000002437,668.0)
(182.55000000002437,670.0)
(182.55000000002437,670.0)
(182.55000000002437,669.0)
(182.55312500002438,669.0)
(182.55625000002436,669.0)
(182.55937500002437,669.0)
(182.5625000000244,670.0)
(182.56562500002437,668.0)
(182.56875000002438,669.0)
(182.57187500002436,669.0)
(182.57500000002437,669.0)
(182.57500000002437,668.0)
(182.57656250002438,669.0)
(182.5781250000244,669.0)
(182.57968750002436,669.0)
(182.58125000002437,669.0)
(182.58281250002437,669.0)
(182.58437500002438,669.0)
(182.5859375000244,668.0)
(182.58750000002436,669.0)
(182.58906250002437,669.0)
(182.59062500002437,669.0)
(182.59218750002438,669.0)
(182.5937500000244,669.0)
(182.5953125000244,669.0)
(182.59687500002437,669.0)
(182.59843750002437,669.0)
(182.60000000002438,669.0)
(182.60000000002438,668.0)
(182.60131578949807,669.0)
(182.60263157897174,669.0)
(182.60394736844543,668.0)
(182.60526315791913,669.0)
(182.6065789473928,668.0)
(182.60789473686648,669.0)
(182.60921052634018,669.0)
(182.61052631581384,669.0)
(182.61184210528754,669.0)
(182.61315789476123,668.0)
(182.61447368423492,669.0)
(182.6157894737086,669.0)
(182.61710526318228,669.0)
(182.61842105265598,669.0)
(182.61973684212964,669.0)
(182.62105263160333,669.0)
(182.62236842107703,668.0)
(182.6236842105507,669.0)
(182.6250000000244,669.0)
(182.6250000000244,669.0)
(182.6265625000244,669.0)
(182.6281250000244,669.0)
(182.62968750002437,669.0)
(182.63125000002438,669.0)
(182.6328125000244,669.0)
(182.6343750000244,669.0)
(182.6359375000244,669.0)
(182.63750000002437,670.0)
(182.63906250002438,668.0)
(182.6406250000244,668.0)
(182.6421875000244,669.0)
(182.6437500000244,668.0)
(182.6453125000244,668.0)
(182.64687500002438,669.0)
(182.6484375000244,668.0)
(182.6500000000244,668.0)
(182.6500000000244,669.0)
(182.6515625000244,670.0)
(182.6531250000244,669.0)
(182.65468750002438,669.0)
(182.6562500000244,669.0)
(182.6578125000244,669.0)
(182.6593750000244,670.0)
(182.6609375000244,669.0)
(182.6625000000244,669.0)
(182.6640625000244,670.0)
(182.6656250000244,669.0)
(182.6671875000244,669.0)
(182.6687500000244,668.0)
(182.6703125000244,669.0)
(182.6718750000244,669.0)
(182.6734375000244,668.0)
(182.6750000000244,669.0)
(182.6750000000244,669.0)
(182.67619047621488,669.0)
(182.67738095240534,669.0)
(182.67857142859583,669.0)
(182.6797619047863,669.0)
(182.68095238097678,669.0)
(182.68214285716726,669.0)
(182.68333333335772,669.0)
(182.6845238095482,669.0)
(182.6857142857387,668.0)
(182.68690476192916,669.0)
(182.68809523811964,669.0)
(182.6892857143101,669.0)
(182.6904761905006,669.0)
(182.69166666669108,669.0)
(182.69285714288154,668.0)
(182.69404761907202,669.0)
(182.6952380952625,669.0)
(182.69642857145297,669.0)
(182.69761904764346,669.0)
(182.69880952383392,669.0)
(182.7000000000244,669.0)
(182.7000000000244,669.0)
(182.7015625000244,669.0)
(182.70312500002441,669.0)
(182.7046875000244,669.0)
(182.7062500000244,670.0)
(182.7078125000244,669.0)
(182.7093750000244,669.0)
(182.71093750002441,668.0)
(182.71250000002442,669.0)
(182.7140625000244,669.0)
(182.7156250000244,669.0)
(182.7171875000244,669.0)
(182.71875000002441,669.0)
(182.72031250002442,668.0)
(182.7218750000244,669.0)
(182.7234375000244,670.0)
(182.7250000000244,668.0)
(182.7250000000244,669.0)
(182.7262500000244,670.0)
(182.7275000000244,668.0)
(182.7287500000244,669.0)
(182.7300000000244,669.0)
(182.7312500000244,668.0)
(182.7325000000244,670.0)
(182.7337500000244,669.0)
(182.7350000000244,670.0)
(182.7362500000244,669.0)
(182.7375000000244,669.0)
(182.73875000002442,669.0)
(182.74000000002442,669.0)
(182.74125000002442,669.0)
(182.74250000002442,669.0)
(182.74375000002442,669.0)
(182.74500000002442,668.0)
(182.74625000002442,669.0)
(182.74750000002442,669.0)
(182.74875000002442,668.0)
(182.75000000002441,668.0)
(182.75000000002441,668.0)
(182.75156250002442,669.0)
(182.75312500002443,669.0)
(182.7546875000244,669.0)
(182.7562500000244,668.0)
(182.75781250002441,669.0)
(182.75937500002442,669.0)
(182.76093750002443,669.0)
(182.76250000002443,669.0)
(182.7640625000244,668.0)
(182.76562500002441,669.0)
(182.76718750002442,669.0)
(182.76875000002443,669.0)
(182.77031250002443,669.0)
(182.7718750000244,669.0)
(182.77343750002441,669.0)
(182.77500000002442,668.0)
(182.77500000002442,669.0)
(182.77625000002442,669.0)
(182.77750000002442,669.0)
(182.77875000002442,669.0)
(182.78000000002442,669.0)
(182.78125000002441,669.0)
(182.7825000000244,669.0)
(182.7837500000244,669.0)
(182.7850000000244,668.0)
(182.7862500000244,669.0)
(182.7875000000244,669.0)
(182.78875000002444,670.0)
(182.79000000002443,669.0)
(182.79125000002443,670.0)
(182.79250000002443,669.0)
(182.79375000002443,668.0)
(182.79500000002443,669.0)
(182.79625000002443,669.0)
(182.79750000002443,669.0)
(182.79875000002443,669.0)
(182.80000000002443,669.0)
(182.80000000002443,669.0)
(182.80178571431014,669.0)
(182.80357142859586,669.0)
(182.80535714288158,668.0)
(182.8071428571673,669.0)
(182.808928571453,670.0)
(182.81071428573873,668.0)
(182.81250000002444,668.0)
(182.81428571431013,668.0)
(182.81607142859585,668.0)
(182.81785714288156,669.0)
(182.81964285716728,668.0)
(182.821428571453,669.0)
(182.82321428573871,669.0)
(182.82500000002443,669.0)
(182.82500000002443,668.0)
(182.82656250002444,669.0)
(182.82812500002444,668.0)
(182.82968750002442,669.0)
(182.83125000002443,670.0)
(182.83281250002443,668.0)
(182.83437500002444,669.0)
(182.83593750002444,669.0)
(182.83750000002442,668.0)
(182.83906250002443,668.0)
(182.84062500002443,669.0)
(182.84218750002444,669.0)
(182.84375000002444,668.0)
(182.84531250002445,669.0)
(182.84687500002443,669.0)
(182.84843750002443,668.0)
(182.85000000002444,669.0)
(182.85000000002444,669.0)
(182.85178571431015,668.0)
(182.85357142859587,669.0)
(182.8553571428816,668.0)
(182.8571428571673,669.0)
(182.85892857145302,669.0)
(182.86071428573874,669.0)
(182.86250000002445,669.0)
(182.86428571431014,668.0)
(182.86607142859586,669.0)
(182.86785714288158,669.0)
(182.8696428571673,669.0)
(182.871428571453,669.0)
(182.87321428573873,669.0)
(182.87500000002444,668.0)
(182.87500000002444,669.0)
(182.87647058825974,669.0)
(182.87794117649503,668.0)
(182.87941176473032,669.0)
(182.8808823529656,669.0)
(182.8823529412009,669.0)
(182.8838235294362,669.0)
(182.8852941176715,668.0)
(182.88676470590678,669.0)
(182.8882352941421,668.0)
(182.8897058823774,668.0)
(182.8911764706127,669.0)
(182.89264705884798,669.0)
(182.89411764708328,669.0)
(182.89558823531857,670.0)
(182.89705882355386,669.0)
(182.89852941178916,669.0)
(182.90000000002445,669.0)
(182.90000000002445,669.0)
(182.90156250002445,669.0)
(182.90312500002446,669.0)
(182.90468750002444,668.0)
(182.90625000002444,669.0)
(182.90781250002445,670.0)
(182.90937500002445,669.0)
(182.91093750002446,668.0)
(182.91250000002447,668.0)
(182.91406250002444,669.0)
(182.91562500002445,669.0)
(182.91718750002445,669.0)
(182.91875000002446,669.0)
(182.92031250002447,668.0)
(182.92187500002444,669.0)
(182.92343750002445,668.0)
(182.92500000002445,669.0)
(182.92500000002445,669.0)
(182.92647058825975,669.0)
(182.92794117649504,669.0)
(182.92941176473033,668.0)
(182.93088235296563,668.0)
(182.93235294120092,668.0)
(182.9338235294362,669.0)
(182.9352941176715,669.0)
(182.9367647059068,668.0)
(182.93823529414212,668.0)
(182.9397058823774,668.0)
(182.9411764706127,669.0)
(182.942647058848,669.0)
(182.9441176470833,668.0)
(182.94558823531858,668.0)
(182.94705882355387,668.0)
(182.94852941178917,669.0)
(182.95000000002446,668.0)
(182.95000000002446,668.0)
(182.95156250002447,669.0)
(182.95312500002447,668.0)
(182.95468750002445,669.0)
(182.95625000002445,669.0)
(182.95781250002446,669.0)
(182.95937500002447,669.0)
(182.96093750002447,669.0)
(182.96250000002448,668.0)
(182.96406250002445,669.0)
(182.96562500002446,668.0)
(182.96718750002447,668.0)
(182.96875000002447,669.0)
(182.97031250002448,669.0)
(182.97187500002445,669.0)
(182.97343750002446,669.0)
(182.97500000002447,669.0)
(182.97500000002447,668.0)
(182.97600000002447,668.0)
(182.97700000002447,669.0)
(182.97800000002448,669.0)
(182.97900000002446,669.0)
(182.98000000002446,669.0)
(182.98100000002447,669.0)
(182.98200000002447,669.0)
(182.98300000002448,668.0)
(182.98400000002448,669.0)
(182.98500000002446,669.0)
(182.98600000002446,669.0)
(182.98700000002447,669.0)
(182.98800000002447,669.0)
(182.98900000002448,669.0)
(182.99000000002448,669.0)
(182.99100000002446,668.0)
(182.99200000002446,669.0)
(182.99300000002447,668.0)
(182.99400000002447,668.0)
(182.99500000002448,669.0)
(182.99600000002448,669.0)
(182.99700000002446,669.0)
(182.99800000002446,669.0)
(182.99900000002447,668.0)
(183.00000000002447,668.0)
(183.00000000002447,669.0)
(183.00156250002448,669.0)
(183.00312500002448,668.0)
(183.00468750002446,668.0)
(183.00625000002447,668.0)
(183.00781250002447,668.0)
(183.00937500002448,668.0)
(183.01093750002448,668.0)
(183.0125000000245,669.0)
(183.01406250002447,668.0)
(183.01562500002447,669.0)
(183.01718750002448,669.0)
(183.01875000002448,668.0)
(183.0203125000245,668.0)
(183.02187500002447,669.0)
(183.02343750002447,669.0)
(183.02500000002448,668.0)
(183.02500000002448,669.0)
(183.0267857143102,668.0)
(183.0285714285959,668.0)
(183.03035714288163,668.0)
(183.03214285716734,669.0)
(183.03392857145306,669.0)
(183.03571428573878,669.0)
(183.03750000002447,669.0)
(183.03928571431018,669.0)
(183.0410714285959,669.0)
(183.04285714288162,669.0)
(183.04464285716733,668.0)
(183.04642857145305,668.0)
(183.04821428573877,669.0)
(183.05000000002448,669.0)
(183.05000000002448,669.0)
(183.0515625000245,669.0)
(183.0531250000245,668.0)
(183.05468750002447,669.0)
(183.05625000002448,668.0)
(183.05781250002448,670.0)
(183.0593750000245,669.0)
(183.0609375000245,669.0)
(183.0625000000245,669.0)
(183.06406250002448,669.0)
(183.06562500002448,669.0)
(183.0671875000245,670.0)
(183.0687500000245,668.0)
(183.0703125000245,669.0)
(183.07187500002448,669.0)
(183.07343750002448,669.0)
(183.0750000000245,668.0)
(183.0750000000245,669.0)
(183.07613636366085,668.0)
(183.0772727272972,669.0)
(183.07840909093358,669.0)
(183.07954545456994,669.0)
(183.0806818182063,669.0)
(183.08181818184266,669.0)
(183.08295454547903,669.0)
(183.0840909091154,668.0)
(183.08522727275175,669.0)
(183.0863636363881,668.0)
(183.08750000002448,668.0)
(183.08863636366087,668.0)
(183.08977272729723,669.0)
(183.0909090909336,669.0)
(183.09204545456996,668.0)
(183.09318181820632,669.0)
(183.09431818184268,669.0)
(183.09545454547904,668.0)
(183.0965909091154,670.0)
(183.09772727275177,670.0)
(183.09886363638813,668.0)
(183.1000000000245,669.0)
(183.1000000000245,668.0)
(183.10166666669116,669.0)
(183.10333333335782,668.0)
(183.1050000000245,668.0)
(183.10666666669115,669.0)
(183.10833333335782,669.0)
(183.11000000002448,668.0)
(183.11166666669115,669.0)
(183.11333333335784,668.0)
(183.1150000000245,668.0)
(183.11666666669117,669.0)
(183.11833333335784,669.0)
(183.1200000000245,669.0)
(183.12166666669117,669.0)
(183.12333333335783,668.0)
(183.1250000000245,668.0)
(183.1250000000245,668.0)
(183.12666666669116,669.0)
(183.12833333335783,668.0)
(183.1300000000245,669.0)
(183.13166666669116,668.0)
(183.13333333335783,668.0)
(183.1350000000245,668.0)
(183.13666666669116,668.0)
(183.13833333335785,669.0)
(183.14000000002451,669.0)
(183.14166666669118,669.0)
(183.14333333335784,669.0)
(183.1450000000245,669.0)
(183.14666666669117,669.0)
(183.14833333335784,668.0)
(183.1500000000245,670.0)
(183.1500000000245,669.0)
(183.1513888889134,668.0)
(183.15277777780227,669.0)
(183.15416666669117,668.0)
(183.15555555558007,668.0)
(183.15694444446896,669.0)
(183.15833333335783,669.0)
(183.15972222224673,669.0)
(183.16111111113563,668.0)
(183.16250000002452,669.0)
(183.1638888889134,669.0)
(183.1652777778023,668.0)
(183.16666666669119,669.0)
(183.16805555558005,669.0)
(183.16944444446895,669.0)
(183.17083333335785,669.0)
(183.17222222224675,669.0)
(183.1736111111356,669.0)
(183.1750000000245,669.0)
(183.1750000000245,669.0)
(183.17656250002452,670.0)
(183.17812500002452,669.0)
(183.1796875000245,669.0)
(183.1812500000245,669.0)
(183.1828125000245,669.0)
(183.18437500002452,669.0)
(183.18593750002452,669.0)
(183.1875000000245,669.0)
(183.1890625000245,669.0)
(183.1906250000245,668.0)
(183.19218750002452,668.0)
(183.19375000002452,669.0)
(183.19531250002453,669.0)
(183.1968750000245,668.0)
(183.1984375000245,668.0)
(183.20000000002452,668.0)
(183.20000000002452,669.0)
(183.2013157894982,668.0)
(183.20263157897188,668.0)
(183.20394736844557,669.0)
(183.20526315791926,670.0)
(183.20657894739293,670.0)
(183.20789473686662,669.0)
(183.2092105263403,668.0)
(183.21052631581398,669.0)
(183.21184210528767,669.0)
(183.21315789476137,668.0)
(183.21447368423506,669.0)
(183.21578947370872,668.0)
(183.21710526318242,669.0)
(183.2184210526561,669.0)
(183.21973684212978,669.0)
(183.22105263160347,669.0)
(183.22236842107716,669.0)
(183.22368421055083,669.0)
(183.22500000002452,668.0)
(183.22500000002452,668.0)
(183.22647058825982,669.0)
(183.2279411764951,668.0)
(183.2294117647304,669.0)
(183.2308823529657,669.0)
(183.232352941201,669.0)
(183.23382352943628,668.0)
(183.23529411767157,668.0)
(183.23676470590686,669.0)
(183.23823529414219,669.0)
(183.23970588237748,668.0)
(183.24117647061277,669.0)
(183.24264705884806,668.0)
(183.24411764708336,669.0)
(183.24558823531865,669.0)
(183.24705882355394,669.0)
(183.24852941178924,669.0)
(183.25000000002453,668.0)
(183.25000000002453,668.0)
(183.25156250002453,668.0)
(183.25312500002454,669.0)
(183.25468750002452,668.0)
(183.25625000002452,668.0)
(183.25781250002453,669.0)
(183.25937500002453,669.0)
(183.26093750002454,670.0)
(183.26250000002454,668.0)
(183.26406250002452,669.0)
(183.26562500002453,669.0)
(183.26718750002453,668.0)
(183.26875000002454,669.0)
(183.27031250002454,669.0)
(183.27187500002452,669.0)
(183.27343750002453,668.0)
(183.27500000002453,669.0)
(183.27500000002453,668.0)
(183.27647058825983,669.0)
(183.27794117649512,668.0)
(183.2794117647304,669.0)
(183.2808823529657,668.0)
(183.282352941201,668.0)
(183.2838235294363,669.0)
(183.28529411767158,669.0)
(183.28676470590688,669.0)
(183.2882352941422,669.0)
(183.2897058823775,669.0)
(183.29117647061278,668.0)
(183.29264705884808,669.0)
(183.29411764708337,669.0)
(183.29558823531866,668.0)
(183.29705882355395,669.0)
(183.29852941178925,670.0)
(183.30000000002454,669.0)
(183.30000000002454,668.0)
(183.30156250002454,669.0)
(183.30312500002455,670.0)
(183.30468750002453,669.0)
(183.30625000002453,669.0)
(183.30781250002454,668.0)
(183.30937500002454,669.0)
(183.31093750002455,669.0)
(183.31250000002456,669.0)
(183.31406250002453,668.0)
(183.31562500002454,668.0)
(183.31718750002454,668.0)
(183.31875000002455,668.0)
(183.32031250002456,669.0)
(183.32187500002453,668.0)
(183.32343750002454,669.0)
(183.32500000002454,668.0)
(183.32500000002454,669.0)
(183.32625000002454,669.0)
(183.32750000002454,669.0)
(183.32875000002454,669.0)
(183.33000000002454,670.0)
(183.33125000002454,668.0)
(183.33250000002454,668.0)
(183.33375000002454,668.0)
(183.33500000002454,668.0)
(183.33625000002453,669.0)
(183.33750000002453,668.0)
(183.33875000002456,669.0)
(183.34000000002456,667.0)
(183.34125000002456,669.0)
(183.34250000002456,668.0)
(183.34375000002456,668.0)
(183.34500000002456,668.0)
(183.34625000002455,669.0)
(183.34750000002455,669.0)
(183.34875000002455,669.0)
(183.35000000002455,669.0)
(183.35000000002455,669.0)
(183.35178571431027,669.0)
(183.35357142859598,669.0)
(183.3553571428817,668.0)
(183.35714285716742,669.0)
(183.35892857145313,669.0)
(183.36071428573885,669.0)
(183.36250000002457,668.0)
(183.36428571431026,669.0)
(183.36607142859597,668.0)
(183.3678571428817,668.0)
(183.3696428571674,669.0)
(183.37142857145312,668.0)
(183.37321428573884,667.0)
(183.37500000002456,668.0)
(183.37500000002456,669.0)
(183.40000000002456,669.0)
(183.40000000002456,668.0)
(183.40500000002456,669.0)
(183.41000000002455,669.0)
(183.41500000002458,669.0)
(183.42000000002457,668.0)
(183.42500000002457,668.0)
(183.42500000002457,668.0)
(183.42613636366093,668.0)
(183.4272727272973,669.0)
(183.42840909093366,669.0)
(183.42954545457002,669.0)
(183.43068181820638,669.0)
(183.43181818184274,668.0)
(183.4329545454791,669.0)
(183.43409090911547,668.0)
(183.43522727275183,669.0)
(183.4363636363882,668.0)
(183.43750000002456,668.0)
(183.43863636366095,668.0)
(183.4397727272973,668.0)
(183.44090909093367,668.0)
(183.44204545457004,669.0)
(183.4431818182064,668.0)
(183.44431818184276,667.0)
(183.44545454547912,668.0)
(183.44659090911549,668.0)
(183.44772727275185,668.0)
(183.4488636363882,668.0)
(183.45000000002457,668.0)
(183.45000000002457,668.0)
(183.45277777780234,669.0)
(183.45555555558013,669.0)
(183.4583333333579,669.0)
(183.4611111111357,669.0)
(183.46388888891346,669.0)
(183.46666666669125,669.0)
(183.46944444446902,669.0)
(183.4722222222468,668.0)
(183.47500000002458,669.0)
(183.47500000002458,668.0)
(183.47750000002458,669.0)
(183.48000000002457,669.0)
(183.48250000002457,669.0)
(183.48500000002457,668.0)
(183.48750000002457,669.0)
(183.4900000000246,670.0)
(183.4925000000246,669.0)
(183.4950000000246,668.0)
(183.4975000000246,668.0)
(183.50000000002458,668.0)
(183.50000000002458,669.0)
(183.50131578949828,669.0)
(183.50263157897194,669.0)
(183.50394736844564,668.0)
(183.50526315791933,669.0)
(183.506578947393,669.0)
(183.5078947368667,668.0)
(183.50921052634038,669.0)
(183.51052631581405,669.0)
(183.51184210528774,669.0)
(183.51315789476143,668.0)
(183.51447368423513,668.0)
(183.5157894737088,669.0)
(183.5171052631825,669.0)
(183.51842105265618,669.0)
(183.51973684212984,668.0)
(183.52105263160354,669.0)
(183.52236842107723,669.0)
(183.5236842105509,669.0)
(183.5250000000246,669.0)
(183.5250000000246,669.0)
(183.5262500000246,669.0)
(183.5275000000246,670.0)
(183.5287500000246,669.0)
(183.5300000000246,668.0)
(183.53125000002458,669.0)
(183.53250000002458,669.0)
(183.53375000002458,670.0)
(183.53500000002458,669.0)
(183.53625000002458,669.0)
(183.53750000002458,669.0)
(183.5387500000246,668.0)
(183.5400000000246,668.0)
(183.5412500000246,669.0)
(183.5425000000246,669.0)
(183.5437500000246,669.0)
(183.5450000000246,669.0)
(183.5462500000246,669.0)
(183.5475000000246,670.0)
(183.5487500000246,669.0)
(183.5500000000246,669.0)
(183.5500000000246,669.0)
(183.5514705882599,669.0)
(183.55294117649518,668.0)
(183.55441176473047,669.0)
(183.55588235296577,669.0)
(183.55735294120106,668.0)
(183.55882352943635,669.0)
(183.56029411767165,669.0)
(183.56176470590694,669.0)
(183.56323529414226,669.0)
(183.56470588237755,669.0)
(183.56617647061285,669.0)
(183.56764705884814,669.0)
(183.56911764708343,669.0)
(183.57058823531872,668.0)
(183.57205882355402,668.0)
(183.5735294117893,668.0)
(183.5750000000246,669.0)
(183.5750000000246,669.0)
(183.57678571431032,669.0)
(183.57857142859604,668.0)
(183.58035714288175,668.0)
(183.58214285716747,669.0)
(183.58392857145319,668.0)
(183.5857142857389,669.0)
(183.5875000000246,669.0)
(183.5892857143103,668.0)
(183.59107142859602,668.0)
(183.59285714288174,668.0)
(183.59464285716746,668.0)
(183.59642857145317,668.0)
(183.5982142857389,668.0)
(183.6000000000246,668.0)
(183.6000000000246,669.0)
(183.6250000000246,668.0)
(183.6250000000246,669.0)
(183.6300000000246,669.0)
(183.6350000000246,669.0)
(183.64000000002463,669.0)
(183.64500000002462,668.0)
(183.65000000002462,668.0)
(183.65000000002462,668.0)
(183.65138888891352,667.0)
(183.65277777780238,668.0)
(183.65416666669128,669.0)
(183.65555555558018,669.0)
(183.65694444446908,668.0)
(183.65833333335794,669.0)
(183.65972222224684,668.0)
(183.66111111113574,668.0)
(183.66250000002464,668.0)
(183.6638888889135,668.0)
(183.6652777778024,669.0)
(183.6666666666913,669.0)
(183.66805555558017,669.0)
(183.66944444446906,669.0)
(183.67083333335796,668.0)
(183.67222222224686,668.0)
(183.67361111113573,669.0)
(183.67500000002462,670.0)
(183.67500000002462,669.0)
(183.67647058825992,669.0)
(183.6779411764952,667.0)
(183.6794117647305,669.0)
(183.6808823529658,668.0)
(183.6823529412011,669.0)
(183.68382352943638,669.0)
(183.68529411767167,669.0)
(183.68676470590697,669.0)
(183.6882352941423,669.0)
(183.68970588237758,668.0)
(183.69117647061287,669.0)
(183.69264705884817,669.0)
(183.69411764708346,669.0)
(183.69558823531875,669.0)
(183.69705882355404,669.0)
(183.69852941178934,668.0)
(183.70000000002463,669.0)
(183.70000000002463,667.0)
(183.7016666666913,669.0)
(183.70333333335796,669.0)
(183.70500000002463,668.0)
(183.7066666666913,668.0)
(183.70833333335796,668.0)
(183.71000000002462,669.0)
(183.7116666666913,668.0)
(183.71333333335798,669.0)
(183.71500000002465,668.0)
(183.7166666666913,669.0)
(183.71833333335798,669.0)
(183.72000000002464,668.0)
(183.7216666666913,668.0)
(183.72333333335797,669.0)
(183.72500000002464,669.0)
(183.72500000002464,669.0)
(183.7266666666913,669.0)
(183.72833333335797,668.0)
(183.73000000002463,669.0)
(183.7316666666913,668.0)
(183.73333333335796,669.0)
(183.73500000002463,669.0)
(183.7366666666913,669.0)
(183.73833333335799,669.0)
(183.74000000002465,668.0)
(183.74166666669132,669.0)
(183.74333333335798,668.0)
(183.74500000002465,669.0)
(183.7466666666913,668.0)
(183.74833333335798,668.0)
(183.75000000002464,668.0)
(183.75000000002464,669.0)
(183.75138888891354,669.0)
(183.7527777778024,669.0)
(183.7541666666913,668.0)
(183.7555555555802,669.0)
(183.7569444444691,668.0)
(183.75833333335797,669.0)
(183.75972222224686,668.0)
(183.76111111113576,668.0)
(183.76250000002466,668.0)
(183.76388888891353,669.0)
(183.76527777780242,669.0)
(183.76666666669132,670.0)
(183.7680555555802,669.0)
(183.7694444444691,669.0)
(183.77083333335798,668.0)
(183.77222222224688,669.0)
(183.77361111113575,669.0)
(183.77500000002465,668.0)
(183.77500000002465,668.0)
(183.77500000002465,668.0)
(183.77631578949834,669.0)
(183.777631578972,668.0)
(183.7789473684457,668.0)
(183.7802631579194,669.0)
(183.78157894739306,668.0)
(183.78289473686675,668.0)
(183.78421052634044,668.0)
(183.7855263158141,669.0)
(183.7868421052878,668.0)
(183.7881578947615,668.0)
(183.7894736842352,669.0)
(183.79078947370886,668.0)
(183.79210526318255,669.0)
(183.79342105265624,668.0)
(183.7947368421299,668.0)
(183.7960526316036,668.0)
(183.7973684210773,669.0)
(183.79868421055096,669.0)
(183.80000000002465,669.0)
(183.80000000002465,668.0)
(183.80092592595057,669.0)
(183.8018518518765,668.0)
(183.80277777780242,668.0)
(183.80370370372836,668.0)
(183.80462962965427,668.0)
(183.8055555555802,668.0)
(183.80648148150613,669.0)
(183.80740740743207,668.0)
(183.80833333335798,669.0)
(183.80925925928392,668.0)
(183.81018518520983,669.0)
(183.81111111113577,668.0)
(183.81203703706169,668.0)
(183.81296296298763,668.0)
(183.81388888891354,668.0)
(183.81481481483948,669.0)
(183.8157407407654,668.0)
(183.81666666669133,668.0)
(183.81759259261725,668.0)
(183.8185185185432,669.0)
(183.8194444444691,668.0)
(183.82037037039504,669.0)
(183.82129629632095,669.0)
(183.8222222222469,669.0)
(183.8231481481728,668.0)
(183.82407407409875,668.0)
(183.82500000002466,668.0)
(183.82500000002466,668.0)
(183.83000000002465,669.0)
(183.83500000002465,669.0)
(183.84000000002467,669.0)
(183.84500000002467,669.0)
(183.85000000002466,669.0)
(183.85000000002466,668.0)
(183.85250000002466,668.0)
(183.85500000002466,668.0)
(183.85750000002466,668.0)
(183.86000000002466,669.0)
(183.86250000002468,668.0)
(183.86500000002468,669.0)
(183.86750000002468,669.0)
(183.87000000002467,668.0)
(183.87250000002467,668.0)
(183.87500000002467,668.0)
(183.87500000002467,668.0)
(183.87613636366103,669.0)
(183.8772727272974,669.0)
(183.87840909093376,669.0)
(183.87954545457012,668.0)
(183.88068181820648,669.0)
(183.88181818184285,669.0)
(183.8829545454792,670.0)
(183.88409090911557,668.0)
(183.88522727275193,669.0)
(183.8863636363883,669.0)
(183.88750000002466,668.0)
(183.88863636366105,669.0)
(183.8897727272974,668.0)
(183.89090909093377,669.0)
(183.89204545457014,668.0)
(183.8931818182065,668.0)
(183.89431818184286,669.0)
(183.89545454547923,668.0)
(183.8965909091156,670.0)
(183.89772727275195,669.0)
(183.8988636363883,669.0)
(183.90000000002468,669.0)
(183.90000000002468,668.0)
(183.90156250002468,668.0)
(183.9031250000247,668.0)
(183.90468750002466,668.0)
(183.90625000002467,669.0)
(183.90781250002468,668.0)
(183.90937500002468,669.0)
(183.9109375000247,668.0)
(183.9125000000247,669.0)
(183.91406250002467,669.0)
(183.91562500002468,669.0)
(183.91718750002468,668.0)
(183.9187500000247,669.0)
(183.9203125000247,668.0)
(183.92187500002467,669.0)
(183.92343750002468,668.0)
(183.92500000002468,668.0)
(183.92500000002468,669.0)
(183.92666666669135,668.0)
(183.928333333358,668.0)
(183.93000000002468,669.0)
(183.93166666669134,669.0)
(183.933333333358,669.0)
(183.93500000002467,669.0)
(183.93666666669134,669.0)
(183.93833333335803,668.0)
(183.9400000000247,669.0)
(183.94166666669136,668.0)
(183.94333333335803,668.0)
(183.9450000000247,669.0)
(183.94666666669136,669.0)
(183.94833333335802,668.0)
(183.9500000000247,669.0)
(183.9500000000247,668.0)
(183.9515625000247,668.0)
(183.9531250000247,668.0)
(183.95468750002468,669.0)
(183.95625000002468,668.0)
(183.9578125000247,668.0)
(183.9593750000247,669.0)
(183.9609375000247,669.0)
(183.9625000000247,668.0)
(183.96406250002468,668.0)
(183.9656250000247,668.0)
(183.9671875000247,668.0)
(183.9687500000247,668.0)
(183.9703125000247,669.0)
(183.97187500002468,669.0)
(183.9734375000247,668.0)
(183.9750000000247,669.0)
(183.9750000000247,668.0)
(184.0000000000247,669.0)
(184.0000000000247,668.0)
(184.00147058826,669.0)
(184.00294117649528,669.0)
(184.00441176473058,669.0)
(184.00588235296587,669.0)
(184.00735294120116,669.0)
(184.00882352943646,668.0)
(184.01029411767175,669.0)
(184.01176470590704,668.0)
(184.01323529414236,669.0)
(184.01470588237765,668.0)
(184.01617647061295,668.0)
(184.01764705884824,668.0)
(184.01911764708353,668.0)
(184.02058823531883,669.0)
(184.02205882355412,669.0)
(184.0235294117894,668.0)
(184.0250000000247,670.0)
(184.0250000000247,669.0)
(184.02666666669137,667.0)
(184.02833333335803,669.0)
(184.0300000000247,669.0)
(184.03166666669136,668.0)
(184.03333333335803,668.0)
(184.0350000000247,669.0)
(184.03666666669136,668.0)
(184.03833333335805,668.0)
(184.04000000002472,669.0)
(184.04166666669138,669.0)
(184.04333333335805,668.0)
(184.04500000002471,668.0)
(184.04666666669138,669.0)
(184.04833333335804,669.0)
(184.0500000000247,668.0)
(184.0500000000247,670.0)
(184.07500000002472,669.0)
(184.07500000002472,669.0)
(184.0763157894984,669.0)
(184.07763157897207,668.0)
(184.07894736844577,668.0)
(184.08026315791946,668.0)
(184.08157894739313,669.0)
(184.08289473686682,669.0)
(184.0842105263405,669.0)
(184.08552631581418,668.0)
(184.08684210528787,668.0)
(184.08815789476157,668.0)
(184.08947368423526,669.0)
(184.09078947370892,668.0)
(184.09210526318262,668.0)
(184.0934210526563,668.0)
(184.09473684212998,668.0)
(184.09605263160367,668.0)
(184.09736842107736,669.0)
(184.09868421055103,670.0)
(184.10000000002472,668.0)
(184.10000000002472,668.0)
(184.10147058826,669.0)
(184.1029411764953,668.0)
(184.1044117647306,669.0)
(184.1058823529659,669.0)
(184.10735294120119,668.0)
(184.10882352943648,668.0)
(184.11029411767177,668.0)
(184.11176470590706,668.0)
(184.11323529414238,667.0)
(184.11470588237768,669.0)
(184.11617647061297,668.0)
(184.11764705884826,668.0)
(184.11911764708356,668.0)
(184.12058823531885,668.0)
(184.12205882355414,668.0)
(184.12352941178943,669.0)
(184.12500000002473,669.0)
(184.12500000002473,668.0)
(184.12638888891362,669.0)
(184.1277777778025,669.0)
(184.1291666666914,669.0)
(184.1305555555803,669.0)
(184.13194444446918,668.0)
(184.13333333335805,669.0)
(184.13472222224695,668.0)
(184.13611111113585,668.0)
(184.13750000002472,669.0)
(184.1388888889136,669.0)
(184.1402777778025,669.0)
(184.1416666666914,668.0)
(184.14305555558028,668.0)
(184.14444444446917,668.0)
(184.14583333335807,669.0)
(184.14722222224697,669.0)
(184.14861111113584,668.0)
(184.15000000002473,669.0)
(184.15000000002473,669.0)
(184.17500000002474,668.0)
(184.17500000002474,668.0)
(184.17678571431045,668.0)
(184.17857142859617,669.0)
(184.1803571428819,668.0)
(184.1821428571676,669.0)
(184.18392857145332,669.0)
(184.18571428573904,668.0)
(184.18750000002473,668.0)
(184.18928571431044,668.0)
(184.19107142859616,669.0)
(184.19285714288188,669.0)
(184.1946428571676,669.0)
(184.1964285714533,668.0)
(184.19821428573903,668.0)
(184.20000000002474,669.0)
(184.20000000002474,669.0)
(184.20108695654648,668.0)
(184.20217391306824,668.0)
(184.20326086958997,669.0)
(184.2043478261117,669.0)
(184.20543478263343,668.0)
(184.2065217391552,668.0)
(184.20760869567692,668.0)
(184.20869565219866,669.0)
(184.2097826087204,669.0)
(184.21086956524215,669.0)
(184.21195652176388,669.0)
(184.2130434782856,668.0)
(184.21413043480734,669.0)
(184.2152173913291,669.0)
(184.21630434785084,669.0)
(184.21739130437257,668.0)
(184.2184782608943,668.0)
(184.21956521741606,668.0)
(184.2206521739378,668.0)
(184.22173913045953,668.0)
(184.22282608698126,669.0)
(184.22391304350302,669.0)
(184.22500000002475,668.0)
(184.22500000002475,668.0)
(184.22625000002475,668.0)
(184.22750000002475,668.0)
(184.22875000002475,668.0)
(184.23000000002475,669.0)
(184.23125000002474,669.0)
(184.23250000002474,668.0)
(184.23375000002474,669.0)
(184.23500000002474,668.0)
(184.23625000002474,668.0)
(184.23750000002474,669.0)
(184.23875000002477,669.0)
(184.24000000002476,668.0)
(184.24125000002476,668.0)
(184.24250000002476,668.0)
(184.24375000002476,668.0)
(184.24500000002476,669.0)
(184.24625000002476,668.0)
(184.24750000002476,669.0)
(184.24875000002476,669.0)
(184.25000000002476,668.0)
(184.25000000002476,669.0)
(184.25166666669142,668.0)
(184.25333333335809,669.0)
(184.25500000002475,669.0)
(184.25666666669142,669.0)
(184.25833333335808,669.0)
(184.26000000002475,668.0)
(184.2616666666914,668.0)
(184.2633333333581,668.0)
(184.26500000002477,668.0)
(184.26666666669144,669.0)
(184.2683333333581,668.0)
(184.27000000002477,669.0)
(184.27166666669143,669.0)
(184.2733333333581,669.0)
(184.27500000002476,668.0)
(184.27500000002476,667.0)
(184.27647058826005,668.0)
(184.27794117649535,668.0)
(184.27941176473064,668.0)
(184.28088235296593,669.0)
(184.28235294120122,667.0)
(184.28382352943652,667.0)
(184.2852941176718,669.0)
(184.2867647059071,668.0)
(184.28823529414242,668.0)
(184.28970588237772,669.0)
(184.291176470613,669.0)
(184.2926470588483,668.0)
(184.2941176470836,669.0)
(184.2955882353189,669.0)
(184.29705882355418,670.0)
(184.29852941178947,669.0)
(184.30000000002477,669.0)
(184.30000000002477,669.0)
(184.30156250002477,669.0)
(184.30312500002478,669.0)
(184.30468750002476,669.0)
(184.30625000002476,669.0)
(184.30781250002477,669.0)
(184.30937500002477,668.0)
(184.31093750002478,670.0)
(184.31250000002478,669.0)
(184.31406250002476,669.0)
(184.31562500002477,669.0)
(184.31718750002477,669.0)
(184.31875000002478,669.0)
(184.32031250002478,669.0)
(184.32187500002476,669.0)
(184.32343750002477,669.0)
(184.32500000002477,668.0)
(184.32500000002477,668.0)
(184.32656250002478,668.0)
(184.32812500002478,669.0)
(184.32968750002476,669.0)
(184.33125000002477,669.0)
(184.33281250002477,669.0)
(184.33437500002478,668.0)
(184.33593750002478,668.0)
(184.33750000002476,669.0)
(184.33906250002477,669.0)
(184.34062500002477,669.0)
(184.34218750002478,669.0)
(184.34375000002478,669.0)
(184.3453125000248,668.0)
(184.34687500002477,669.0)
(184.34843750002477,669.0)
(184.35000000002478,668.0)
(184.35000000002478,668.0)
(184.35166666669144,668.0)
(184.3533333333581,669.0)
(184.35500000002477,669.0)
(184.35666666669144,670.0)
(184.3583333333581,669.0)
(184.36000000002477,668.0)
(184.36166666669143,667.0)
(184.36333333335813,669.0)
(184.3650000000248,669.0)
(184.36666666669146,669.0)
(184.36833333335812,669.0)
(184.3700000000248,667.0)
(184.37166666669145,668.0)
(184.37333333335812,668.0)
(184.37500000002478,669.0)
(184.37500000002478,669.0)
(184.37647058826008,669.0)
(184.37794117649537,669.0)
(184.37941176473066,668.0)
(184.38088235296595,669.0)
(184.38235294120125,669.0)
(184.38382352943654,668.0)
(184.38529411767183,668.0)
(184.38676470590713,669.0)
(184.38823529414245,669.0)
(184.38970588237774,669.0)
(184.39117647061303,669.0)
(184.39264705884833,669.0)
(184.39411764708362,669.0)
(184.3955882353189,668.0)
(184.3970588235542,669.0)
(184.3985294117895,669.0)
(184.4000000000248,669.0)
(184.4000000000248,669.0)
(184.40166666669145,670.0)
(184.40333333335812,669.0)
(184.40500000002478,669.0)
(184.40666666669145,670.0)
(184.40833333335812,669.0)
(184.41000000002478,668.0)
(184.41166666669145,668.0)
(184.41333333335814,670.0)
(184.4150000000248,669.0)
(184.41666666669147,669.0)
(184.41833333335813,668.0)
(184.4200000000248,669.0)
(184.42166666669146,669.0)
(184.42333333335813,669.0)
(184.4250000000248,669.0)
(184.4250000000248,669.0)
(184.42666666669146,669.0)
(184.42833333335813,669.0)
(184.4300000000248,669.0)
(184.43166666669146,669.0)
(184.43333333335812,669.0)
(184.4350000000248,669.0)
(184.43666666669145,669.0)
(184.43833333335814,669.0)
(184.4400000000248,669.0)
(184.44166666669148,670.0)
(184.44333333335814,668.0)
(184.4450000000248,669.0)
(184.44666666669147,669.0)
(184.44833333335814,668.0)
(184.4500000000248,669.0)
(184.4500000000248,669.0)
(184.4511904762153,669.0)
(184.45238095240575,668.0)
(184.45357142859623,669.0)
(184.4547619047867,669.0)
(184.45595238097718,669.0)
(184.45714285716767,669.0)
(184.45833333335813,668.0)
(184.4595238095486,669.0)
(184.4607142857391,669.0)
(184.46190476192956,669.0)
(184.46309523812005,669.0)
(184.4642857143105,669.0)
(184.465476190501,669.0)
(184.46666666669148,669.0)
(184.46785714288194,669.0)
(184.46904761907243,669.0)
(184.4702380952629,669.0)
(184.47142857145337,669.0)
(184.47261904764386,669.0)
(184.47380952383432,669.0)
(184.4750000000248,669.0)
(184.4750000000248,668.0)
(184.4760416666915,669.0)
(184.47708333335814,669.0)
(184.47812500002482,669.0)
(184.47916666669147,669.0)
(184.48020833335815,669.0)
(184.4812500000248,669.0)
(184.48229166669148,669.0)
(184.48333333335813,669.0)
(184.4843750000248,669.0)
(184.48541666669146,670.0)
(184.48645833335814,669.0)
(184.4875000000248,670.0)
(184.48854166669148,668.0)
(184.48958333335815,669.0)
(184.4906250000248,669.0)
(184.4916666666915,669.0)
(184.49270833335814,669.0)
(184.49375000002482,669.0)
(184.49479166669147,669.0)
(184.49583333335815,669.0)
(184.4968750000248,669.0)
(184.49791666669148,669.0)
(184.49895833335813,669.0)
(184.5000000000248,669.0)
(184.5000000000248,668.0)
(184.50156250002482,669.0)
(184.50312500002482,670.0)
(184.5046875000248,670.0)
(184.5062500000248,669.0)
(184.5078125000248,669.0)
(184.50937500002482,670.0)
(184.51093750002482,668.0)
(184.51250000002483,668.0)
(184.5140625000248,669.0)
(184.5156250000248,669.0)
(184.51718750002482,669.0)
(184.51875000002482,670.0)
(184.52031250002483,669.0)
(184.5218750000248,669.0)
(184.5234375000248,669.0)
(184.52500000002482,669.0)
(184.52500000002482,669.0)
(184.52613636366118,669.0)
(184.52727272729754,669.0)
(184.5284090909339,669.0)
(184.52954545457027,669.0)
(184.53068181820663,669.0)
(184.531818181843,670.0)
(184.53295454547936,668.0)
(184.53409090911572,668.0)
(184.53522727275208,669.0)
(184.53636363638844,669.0)
(184.5375000000248,669.0)
(184.5386363636612,669.0)
(184.53977272729756,668.0)
(184.54090909093392,669.0)
(184.54204545457029,669.0)
(184.54318181820665,669.0)
(184.544318181843,669.0)
(184.54545454547937,669.0)
(184.54659090911574,669.0)
(184.5477272727521,669.0)
(184.54886363638846,669.0)
(184.55000000002482,669.0)
(184.55000000002482,669.0)
(184.5516666666915,670.0)
(184.55333333335815,670.0)
(184.55500000002482,669.0)
(184.55666666669148,669.0)
(184.55833333335815,668.0)
(184.56000000002481,670.0)
(184.56166666669148,669.0)
(184.56333333335817,669.0)
(184.56500000002484,669.0)
(184.5666666666915,669.0)
(184.56833333335817,669.0)
(184.57000000002483,669.0)
(184.5716666666915,669.0)
(184.57333333335816,669.0)
(184.57500000002483,670.0)
(184.57500000002483,669.0)
(184.58125000002482,669.0)
(184.58750000002482,669.0)
(184.59375000002484,670.0)
(184.60000000002483,669.0)
(184.60000000002483,669.0)
(184.60119047621532,669.0)
(184.60238095240578,669.0)
(184.60357142859627,669.0)
(184.60476190478673,669.0)
(184.60595238097721,669.0)
(184.6071428571677,669.0)
(184.60833333335816,668.0)
(184.60952380954865,669.0)
(184.61071428573914,669.0)
(184.6119047619296,669.0)
(184.61309523812008,669.0)
(184.61428571431054,669.0)
(184.61547619050103,669.0)
(184.61666666669151,669.0)
(184.61785714288197,670.0)
(184.61904761907246,669.0)
(184.62023809526295,669.0)
(184.6214285714534,669.0)
(184.6226190476439,669.0)
(184.62380952383435,669.0)
(184.62500000002484,669.0)
(184.62500000002484,669.0)
(184.62638888891374,668.0)
(184.6277777778026,669.0)
(184.6291666666915,669.0)
(184.6305555555804,669.0)
(184.6319444444693,667.0)
(184.63333333335817,668.0)
(184.63472222224706,669.0)
(184.63611111113596,669.0)
(184.63750000002483,669.0)
(184.63888888891373,668.0)
(184.64027777780262,669.0)
(184.64166666669152,669.0)
(184.6430555555804,669.0)
(184.6444444444693,669.0)
(184.64583333335818,669.0)
(184.64722222224708,669.0)
(184.64861111113595,670.0)
(184.65000000002485,669.0)
(184.65000000002485,669.0)
(184.6516666666915,669.0)
(184.65333333335818,668.0)
(184.65500000002484,669.0)
(184.6566666666915,669.0)
(184.65833333335817,669.0)
(184.66000000002484,669.0)
(184.6616666666915,669.0)
(184.6633333333582,669.0)
(184.66500000002486,670.0)
(184.66666666669153,669.0)
(184.6683333333582,669.0)
(184.67000000002486,669.0)
(184.67166666669152,669.0)
(184.6733333333582,669.0)
(184.67500000002485,669.0)
(184.67500000002485,669.0)
(184.67656250002486,669.0)
(184.67812500002486,670.0)
(184.67968750002484,669.0)
(184.68125000002485,669.0)
(184.68281250002485,669.0)
(184.68437500002486,669.0)
(184.68593750002486,669.0)
(184.68750000002484,669.0)
(184.68906250002485,669.0)
(184.69062500002485,669.0)
(184.69218750002486,669.0)
(184.69375000002486,669.0)
(184.69531250002487,669.0)
(184.69687500002485,670.0)
(184.69843750002485,669.0)
(184.70000000002486,669.0)
(184.70000000002486,670.0)
(184.70416666669152,669.0)
(184.70833333335818,669.0)
(184.71250000002487,669.0)
(184.71666666669154,669.0)
(184.7208333333582,668.0)
(184.72500000002486,669.0)
(184.72500000002486,669.0)
(184.73125000002486,669.0)
(184.73750000002485,670.0)
(184.74375000002487,668.0)
(184.75000000002487,669.0)
(184.75000000002487,669.0)
(184.75416666669153,669.0)
(184.7583333333582,669.0)
(184.7625000000249,670.0)
(184.76666666669155,670.0)
(184.7708333333582,669.0)
(184.77500000002487,670.0)
(184.77500000002487,669.0)
(184.77656250002488,669.0)
(184.7781250000249,669.0)
(184.77968750002486,669.0)
(184.78125000002487,668.0)
(184.78281250002487,669.0)
(184.78437500002488,669.0)
(184.7859375000249,669.0)
(184.78750000002486,669.0)
(184.78906250002487,669.0)
(184.79062500002487,670.0)
(184.79218750002488,669.0)
(184.7937500000249,669.0)
(184.7953125000249,669.0)
(184.79687500002487,669.0)
(184.79843750002487,669.0)
(184.80000000002488,669.0)
(184.80000000002488,669.0)
(184.8008620689904,669.0)
(184.80172413795592,668.0)
(184.80258620692143,669.0)
(184.80344827588695,669.0)
(184.80431034485247,669.0)
(184.80517241381798,669.0)
(184.8060344827835,669.0)
(184.80689655174902,670.0)
(184.80775862071454,669.0)
(184.80862068968005,669.0)
(184.80948275864557,669.0)
(184.8103448276111,670.0)
(184.8112068965766,668.0)
(184.81206896554212,669.0)
(184.81293103450764,669.0)
(184.81379310347316,669.0)
(184.81465517243868,669.0)
(184.8155172414042,670.0)
(184.8163793103697,669.0)
(184.81724137933523,669.0)
(184.81810344830075,669.0)
(184.81896551726626,669.0)
(184.81982758623178,670.0)
(184.8206896551973,669.0)
(184.82155172416282,670.0)
(184.82241379312833,669.0)
(184.82327586209385,669.0)
(184.82413793105937,670.0)
(184.8250000000249,670.0)
(184.8250000000249,670.0)
(184.8265625000249,669.0)
(184.8281250000249,669.0)
(184.82968750002487,669.0)
(184.83125000002488,669.0)
(184.8328125000249,669.0)
(184.8343750000249,669.0)
(184.8359375000249,670.0)
(184.83750000002487,669.0)
(184.83906250002488,669.0)
(184.8406250000249,669.0)
(184.8421875000249,669.0)
(184.8437500000249,670.0)
(184.8453125000249,669.0)
(184.84687500002488,669.0)
(184.8484375000249,669.0)
(184.8500000000249,669.0)
(184.8500000000249,668.0)
(184.85166666669156,669.0)
(184.85333333335822,669.0)
(184.8550000000249,669.0)
(184.85666666669155,669.0)
(184.85833333335822,669.0)
(184.86000000002488,669.0)
(184.86166666669155,669.0)
(184.86333333335824,669.0)
(184.8650000000249,669.0)
(184.86666666669157,669.0)
(184.86833333335824,669.0)
(184.8700000000249,669.0)
(184.87166666669157,669.0)
(184.87333333335823,669.0)
(184.8750000000249,669.0)
(184.8750000000249,669.0)
(184.87569444446933,668.0)
(184.8763888889138,668.0)
(184.87708333335823,669.0)
(184.87777777780266,668.0)
(184.87847222224713,669.0)
(184.87916666669156,669.0)
(184.87986111113602,668.0)
(184.88055555558046,669.0)
(184.8812500000249,669.0)
(184.88194444446935,669.0)
(184.8826388889138,669.0)
(184.88333333335822,670.0)
(184.8840277778027,669.0)
(184.88472222224712,669.0)
(184.88541666669155,669.0)
(184.88611111113602,668.0)
(184.88680555558045,669.0)
(184.8875000000249,669.0)
(184.88819444446935,669.0)
(184.88888888891378,669.0)
(184.88958333335825,669.0)
(184.89027777780268,668.0)
(184.89097222224711,669.0)
(184.89166666669158,669.0)
(184.892361111136,668.0)
(184.89305555558045,668.0)
(184.8937500000249,668.0)
(184.89444444446934,669.0)
(184.89513888891378,670.0)
(184.89583333335824,668.0)
(184.89652777780267,669.0)
(184.89722222224714,669.0)
(184.89791666669157,669.0)
(184.898611111136,670.0)
(184.89930555558047,669.0)
(184.9000000000249,670.0)
(184.9000000000249,669.0)
(184.90108695654664,670.0)
(184.9021739130684,668.0)
(184.90326086959013,669.0)
(184.90434782611186,669.0)
(184.9054347826336,669.0)
(184.90652173915535,669.0)
(184.90760869567708,669.0)
(184.90869565219882,670.0)
(184.90978260872055,668.0)
(184.9108695652423,669.0)
(184.91195652176404,669.0)
(184.91304347828577,670.0)
(184.9141304348075,669.0)
(184.91521739132926,669.0)
(184.916304347851,669.0)
(184.91739130437273,668.0)
(184.91847826089446,669.0)
(184.91956521741622,669.0)
(184.92065217393795,669.0)
(184.92173913045968,668.0)
(184.92282608698142,669.0)
(184.92391304350318,670.0)
(184.9250000000249,669.0)
(184.9250000000249,669.0)
(184.9263157894986,669.0)
(184.92763157897227,669.0)
(184.92894736844596,669.0)
(184.93026315791965,669.0)
(184.93157894739332,669.0)
(184.932894736867,669.0)
(184.9342105263407,670.0)
(184.93552631581437,668.0)
(184.93684210528806,670.0)
(184.93815789476176,669.0)
(184.93947368423545,669.0)
(184.94078947370912,669.0)
(184.9421052631828,669.0)
(184.9434210526565,670.0)
(184.94473684213017,670.0)
(184.94605263160386,669.0)
(184.94736842107756,669.0)
(184.94868421055122,669.0)
(184.95000000002491,669.0)
(184.95000000002491,669.0)
(184.95277777780268,669.0)
(184.95555555558047,668.0)
(184.95833333335824,668.0)
(184.96111111113603,670.0)
(184.9638888889138,669.0)
(184.9666666666916,670.0)
(184.96944444446936,669.0)
(184.97222222224715,670.0)
(184.97500000002492,670.0)
(184.97500000002492,669.0)
(184.97708333335825,669.0)
(184.97916666669158,669.0)
(184.98125000002491,670.0)
(184.98333333335825,670.0)
(184.98541666669158,668.0)
(184.9875000000249,668.0)
(184.98958333335827,669.0)
(184.9916666666916,669.0)
(184.99375000002493,669.0)
(184.99583333335826,670.0)
(184.9979166666916,669.0)
(185.00000000002493,668.0)
(185.00000000002493,669.0)
(185.00138888891382,669.0)
(185.0027777778027,669.0)
(185.0041666666916,669.0)
(185.0055555555805,669.0)
(185.00694444446938,670.0)
(185.00833333335825,669.0)
(185.00972222224715,669.0)
(185.01111111113605,669.0)
(185.01250000002494,669.0)
(185.0138888889138,669.0)
(185.0152777778027,669.0)
(185.0166666666916,669.0)
(185.01805555558047,668.0)
(185.01944444446937,669.0)
(185.02083333335827,669.0)
(185.02222222224717,668.0)
(185.02361111113603,669.0)
(185.02500000002493,669.0)
(185.02500000002493,668.0)
(185.02647058826022,668.0)
(185.02794117649552,669.0)
(185.0294117647308,669.0)
(185.0308823529661,668.0)
(185.0323529412014,668.0)
(185.0338235294367,668.0)
(185.03529411767198,669.0)
(185.03676470590727,670.0)
(185.0382352941426,668.0)
(185.0397058823779,668.0)
(185.04117647061318,670.0)
(185.04264705884847,669.0)
(185.04411764708377,669.0)
(185.04558823531906,669.0)
(185.04705882355435,669.0)
(185.04852941178964,669.0)
(185.05000000002494,669.0)
(185.05000000002494,668.0)
(185.05192307694801,669.0)
(185.0538461538711,668.0)
(185.05576923079417,670.0)
(185.05769230771725,668.0)
(185.05961538464032,669.0)
(185.0615384615634,669.0)
(185.06346153848648,669.0)
(185.06538461540956,669.0)
(185.06730769233263,669.0)
(185.0692307692557,669.0)
(185.0711538461788,669.0)
(185.07307692310187,670.0)
(185.07500000002494,669.0)
(185.07500000002494,669.0)
(185.08333333335827,669.0)
(185.09166666669162,670.0)
(185.10000000002495,669.0)
(185.10000000002495,669.0)
(185.10104166669163,668.0)
(185.10208333335828,669.0)
(185.10312500002496,669.0)
(185.1041666666916,669.0)
(185.1052083333583,669.0)
(185.10625000002494,669.0)
(185.10729166669162,669.0)
(185.10833333335827,669.0)
(185.10937500002495,670.0)
(185.1104166666916,669.0)
(185.11145833335829,669.0)
(185.11250000002497,669.0)
(185.11354166669162,669.0)
(185.1145833333583,668.0)
(185.11562500002495,669.0)
(185.11666666669163,669.0)
(185.11770833335828,669.0)
(185.11875000002496,669.0)
(185.1197916666916,669.0)
(185.1208333333583,669.0)
(185.12187500002494,669.0)
(185.12291666669162,669.0)
(185.12395833335827,669.0)
(185.12500000002495,668.0)
(185.12500000002495,669.0)
(185.1258333333583,669.0)
(185.12666666669162,669.0)
(185.12750000002495,669.0)
(185.12833333335828,669.0)
(185.12916666669162,669.0)
(185.13000000002495,669.0)
(185.13083333335828,669.0)
(185.13166666669161,669.0)
(185.13250000002495,670.0)
(185.13333333335828,669.0)
(185.1341666666916,669.0)
(185.13500000002495,669.0)
(185.13583333335828,668.0)
(185.1366666666916,669.0)
(185.13750000002494,669.0)
(185.1383333333583,669.0)
(185.13916666669164,669.0)
(185.14000000002497,670.0)
(185.1408333333583,669.0)
(185.14166666669163,669.0)
(185.14250000002497,669.0)
(185.1433333333583,669.0)
(185.14416666669163,669.0)
(185.14500000002496,669.0)
(185.1458333333583,669.0)
(185.14666666669163,669.0)
(185.14750000002496,669.0)
(185.1483333333583,669.0)
(185.14916666669163,669.0)
(185.15000000002496,669.0)
(185.15000000002496,669.0)
(185.15156250002497,669.0)
(185.15312500002497,669.0)
(185.15468750002495,669.0)
(185.15625000002495,669.0)
(185.15781250002496,668.0)
(185.15937500002497,669.0)
(185.16093750002497,668.0)
(185.16250000002498,669.0)
(185.16406250002495,669.0)
(185.16562500002496,669.0)
(185.16718750002497,669.0)
(185.16875000002497,669.0)
(185.17031250002498,668.0)
(185.17187500002495,669.0)
(185.17343750002496,669.0)
(185.17500000002497,669.0)
(185.17500000002497,670.0)
(185.17656250002497,669.0)
(185.17812500002498,669.0)
(185.17968750002495,668.0)
(185.18125000002496,669.0)
(185.18281250002497,668.0)
(185.18437500002497,669.0)
(185.18593750002498,669.0)
(185.18750000002495,669.0)
(185.18906250002496,669.0)
(185.19062500002497,668.0)
(185.19218750002497,669.0)
(185.19375000002498,670.0)
(185.19531250002498,669.0)
(185.19687500002496,669.0)
(185.19843750002497,670.0)
(185.20000000002497,669.0)
(185.20000000002497,669.0)
(185.20147058826026,669.0)
(185.20294117649556,669.0)
(185.20441176473085,668.0)
(185.20588235296614,670.0)
(185.20735294120144,668.0)
(185.20882352943673,669.0)
(185.21029411767202,670.0)
(185.2117647059073,670.0)
(185.21323529414263,669.0)
(185.21470588237793,669.0)
(185.21617647061322,670.0)
(185.2176470588485,669.0)
(185.2191176470838,669.0)
(185.2205882353191,669.0)
(185.2220588235544,668.0)
(185.22352941178968,669.0)
(185.22500000002498,669.0)
