(40.12499999999879,669.0)
(40.12499999999879,669.0)
(40.12727272727152,669.0)
(40.12954545454425,669.0)
(40.131818181816975,669.0)
(40.1340909090897,669.0)
(40.136363636362425,668.0)
(40.13863636363516,668.0)
(40.14090909090788,669.0)
(40.14318181818061,669.0)
(40.14545454545333,669.0)
(40.147727272726065,670.0)
(40.14999999999879,669.0)
(40.14999999999879,669.0)
(40.151041666665456,668.0)
(40.15208333333212,669.0)
(40.15312499999879,669.0)
(40.15416666666546,669.0)
(40.155208333332126,669.0)
(40.15624999999879,669.0)
(40.15729166666546,669.0)
(40.15833333333212,669.0)
(40.15937499999879,668.0)
(40.160416666665455,669.0)
(40.16145833333212,669.0)
(40.162499999998786,669.0)
(40.16354166666546,669.0)
(40.164583333332125,669.0)
(40.16562499999879,670.0)
(40.166666666665456,669.0)
(40.16770833333212,669.0)
(40.16874999999879,669.0)
(40.16979166666545,669.0)
(40.170833333332126,669.0)
(40.17187499999879,669.0)
(40.17291666666546,668.0)
(40.17395833333212,669.0)
(40.17499999999879,669.0)
(40.17499999999879,669.0)
(40.17613636363515,670.0)
(40.177272727271514,669.0)
(40.17840909090788,669.0)
(40.17954545454425,668.0)
(40.18068181818061,669.0)
(40.18181818181697,668.0)
(40.182954545453335,669.0)
(40.1840909090897,669.0)
(40.18522727272606,669.0)
(40.18636363636242,669.0)
(40.18749999999879,670.0)
(40.188636363635155,669.0)
(40.18977272727152,669.0)
(40.19090909090788,669.0)
(40.19204545454424,669.0)
(40.193181818180605,669.0)
(40.19431818181697,669.0)
(40.19545454545333,669.0)
(40.1965909090897,668.0)
(40.19772727272606,669.0)
(40.198863636362425,669.0)
(40.19999999999879,669.0)
(40.19999999999879,669.0)
(40.20166666666545,669.0)
(40.20333333333212,669.0)
(40.20499999999879,670.0)
(40.206666666665456,669.0)
(40.20833333333212,669.0)
(40.209999999998786,669.0)
(40.21166666666545,668.0)
(40.21333333333212,668.0)
(40.21499999999879,669.0)
(40.21666666666545,669.0)
(40.21833333333212,669.0)
(40.219999999998784,669.0)
(40.221666666665456,669.0)
(40.22333333333212,669.0)
(40.224999999998786,669.0)
(40.224999999998786,669.0)
(40.249999999998785,669.0)
(40.249999999998785,670.0)
(40.25833333333212,669.0)
(40.26666666666545,668.0)
(40.27499999999878,669.0)
(40.27499999999878,669.0)
(40.27624999999878,669.0)
(40.27749999999878,669.0)
(40.27874999999878,669.0)
(40.279999999998786,669.0)
(40.281249999998785,668.0)
(40.282499999998784,668.0)
(40.28374999999878,669.0)
(40.28499999999878,668.0)
(40.28624999999878,669.0)
(40.287499999998786,669.0)
(40.288749999998785,670.0)
(40.289999999998784,670.0)
(40.29124999999878,669.0)
(40.29249999999878,669.0)
(40.29374999999878,668.0)
(40.29499999999878,669.0)
(40.296249999998786,669.0)
(40.297499999998784,669.0)
(40.29874999999878,669.0)
(40.29999999999878,669.0)
(40.29999999999878,669.0)
(40.301136363635145,669.0)
(40.30227272727151,669.0)
(40.30340909090787,670.0)
(40.30454545454424,669.0)
(40.3056818181806,669.0)
(40.306818181816965,669.0)
(40.30795454545333,669.0)
(40.30909090908969,670.0)
(40.31022727272605,669.0)
(40.311363636362415,670.0)
(40.31249999999878,669.0)
(40.31363636363515,669.0)
(40.31477272727151,670.0)
(40.31590909090787,670.0)
(40.317045454544235,670.0)
(40.3181818181806,668.0)
(40.31931818181696,669.0)
(40.32045454545332,668.0)
(40.32159090908969,669.0)
(40.322727272726056,668.0)
(40.32386363636242,669.0)
(40.32499999999878,670.0)
(40.32499999999878,670.0)
(40.326190476189254,670.0)
(40.327380952379734,669.0)
(40.32857142857021,669.0)
(40.32976190476069,669.0)
(40.33095238095116,670.0)
(40.33214285714164,669.0)
(40.333333333332114,669.0)
(40.33452380952259,670.0)
(40.33571428571307,670.0)
(40.33690476190354,670.0)
(40.33809523809402,669.0)
(40.33928571428449,669.0)
(40.34047619047497,669.0)
(40.341666666665446,669.0)
(40.34285714285592,669.0)
(40.3440476190464,670.0)
(40.34523809523687,669.0)
(40.34642857142735,670.0)
(40.347619047617826,669.0)
(40.348809523808306,669.0)
(40.34999999999878,670.0)
(40.34999999999878,669.0)
(40.35147058823407,670.0)
(40.352941176469365,670.0)
(40.354411764704665,670.0)
(40.35588235293996,670.0)
(40.35735294117525,669.0)
(40.35882352941054,669.0)
(40.360294117645836,669.0)
(40.36176470588113,670.0)
(40.36323529411643,669.0)
(40.36470588235172,670.0)
(40.366176470587014,671.0)
(40.36764705882231,670.0)
(40.3691176470576,670.0)
(40.37058823529289,670.0)
(40.37205882352819,669.0)
(40.373529411763485,670.0)
(40.37499999999878,670.0)
(40.37499999999878,670.0)
(40.376923076921855,669.0)
(40.37884615384493,669.0)
(40.38076923076801,671.0)
(40.38269230769109,670.0)
(40.384615384614165,669.0)
(40.38653846153724,669.0)
(40.38846153846031,669.0)
(40.39038461538339,669.0)
(40.39230769230647,669.0)
(40.394230769229544,670.0)
(40.39615384615262,670.0)
(40.3980769230757,669.0)
(40.399999999998776,669.0)
(40.399999999998776,669.0)
(40.399999999998776,669.0)
(40.40624999999878,670.0)
(40.41249999999877,670.0)
(40.418749999998774,669.0)
(40.424999999998775,670.0)
(40.424999999998775,670.0)
(40.42578124999878,669.0)
(40.426562499998774,669.0)
(40.427343749998776,670.0)
(40.42812499999877,669.0)
(40.428906249998775,669.0)
(40.42968749999878,669.0)
(40.430468749998774,669.0)
(40.431249999998776,670.0)
(40.43203124999877,669.0)
(40.432812499998775,669.0)
(40.43359374999878,669.0)
(40.434374999998774,670.0)
(40.435156249998776,669.0)
(40.43593749999877,669.0)
(40.436718749998775,670.0)
(40.43749999999878,669.0)
(40.438281249998774,670.0)
(40.439062499998776,670.0)
(40.43984374999877,669.0)
(40.440624999998775,670.0)
(40.44140624999877,670.0)
(40.442187499998774,669.0)
(40.442968749998776,670.0)
(40.44374999999877,670.0)
(40.444531249998775,670.0)
(40.44531249999877,669.0)
(40.446093749998774,669.0)
(40.446874999998776,669.0)
(40.44765624999877,669.0)
(40.448437499998775,669.0)
(40.44921874999877,669.0)
(40.449999999998774,669.0)
(40.449999999998774,669.0)
(40.45156249999877,670.0)
(40.45312499999877,670.0)
(40.454687499998776,669.0)
(40.456249999998775,669.0)
(40.457812499998774,669.0)
(40.45937499999877,669.0)
(40.46093749999877,668.0)
(40.46249999999877,669.0)
(40.464062499998775,671.0)
(40.465624999998774,669.0)
(40.46718749999877,669.0)
(40.46874999999877,670.0)
(40.47031249999877,669.0)
(40.471874999998775,669.0)
(40.473437499998774,670.0)
(40.47499999999877,670.0)
(40.47499999999877,670.0)
(40.47631578947246,669.0)
(40.47763157894614,669.0)
(40.478947368419824,669.0)
(40.48026315789351,669.0)
(40.48157894736719,670.0)
(40.482894736840876,670.0)
(40.48421052631456,669.0)
(40.48552631578824,671.0)
(40.48684210526193,670.0)
(40.488157894735615,669.0)
(40.4894736842093,670.0)
(40.49078947368298,669.0)
(40.49210526315667,670.0)
(40.49342105263035,669.0)
(40.49473684210403,670.0)
(40.49605263157772,669.0)
(40.497368421051405,670.0)
(40.498684210525084,670.0)
(40.49999999999877,670.0)
(40.49999999999877,669.0)
(40.50138888888766,670.0)
(40.50277777777655,670.0)
(40.50416666666544,670.0)
(40.505555555554324,670.0)
(40.506944444443214,669.0)
(40.508333333332104,670.0)
(40.509722222220994,670.0)
(40.511111111109884,670.0)
(40.51249999999877,670.0)
(40.51388888888766,670.0)
(40.51527777777655,671.0)
(40.51666666666544,671.0)
(40.51805555555433,669.0)
(40.51944444444322,671.0)
(40.52083333333211,670.0)
(40.52222222222099,671.0)
(40.52361111110988,671.0)
(40.52499999999877,671.0)
(40.52499999999877,671.0)
(40.52656249999877,672.0)
(40.52812499999877,671.0)
(40.52968749999877,671.0)
(40.53124999999877,672.0)
(40.53281249999877,671.0)
(40.53437499999877,672.0)
(40.53593749999877,673.0)
(40.53749999999877,672.0)
(40.53906249999877,672.0)
(40.54062499999877,673.0)
(40.54218749999877,673.0)
(40.54374999999877,674.0)
(40.545312499998765,673.0)
(40.54687499999877,674.0)
(40.54843749999877,674.0)
(40.54999999999877,674.0)
(40.54999999999877,674.0)
(40.55119047618924,676.0)
(40.55238095237972,675.0)
(40.553571428570194,676.0)
(40.554761904760674,675.0)
(40.55595238095115,677.0)
(40.55714285714163,675.0)
(40.5583333333321,676.0)
(40.559523809522574,676.0)
(40.560714285713054,675.0)
(40.56190476190353,676.0)
(40.56309523809401,677.0)
(40.56428571428448,677.0)
(40.56547619047496,677.0)
(40.566666666665434,678.0)
(40.56785714285591,678.0)
(40.56904761904639,676.0)
(40.57023809523686,678.0)
(40.57142857142734,678.0)
(40.57261904761781,678.0)
(40.57380952380829,678.0)
(40.57499999999877,677.0)
(40.57499999999877,679.0)
(40.599999999998765,678.0)
(40.599999999998765,678.0)
(40.60147058823406,679.0)
(40.60294117646935,679.0)
(40.60441176470465,680.0)
(40.60588235293994,678.0)
(40.607352941175236,677.0)
(40.60882352941053,678.0)
(40.61029411764582,678.0)
(40.611764705881114,677.0)
(40.613235294116414,677.0)
(40.61470588235171,679.0)
(40.616176470587,680.0)
(40.61764705882229,679.0)
(40.619117647057585,678.0)
(40.62058823529288,680.0)
(40.62205882352818,673.0)
(40.62352941176347,677.0)
(40.624999999998764,670.0)
(40.624999999998764,671.0)
(40.6260869565205,672.0)
(40.62717391304224,670.0)
(40.62826086956398,671.0)
(40.62934782608572,670.0)
(40.63043478260746,671.0)
(40.6315217391292,670.0)
(40.63260869565094,671.0)
(40.633695652172676,671.0)
(40.634782608694415,670.0)
(40.635869565216154,671.0)
(40.63695652173789,670.0)
(40.63804347825963,672.0)
(40.63913043478137,672.0)
(40.64021739130311,672.0)
(40.64130434782485,671.0)
(40.64239130434659,670.0)
(40.64347826086833,671.0)
(40.64456521739007,671.0)
(40.645652173911806,672.0)
(40.646739130433545,670.0)
(40.647826086955284,672.0)
(40.64891304347702,671.0)
(40.64999999999876,673.0)
(40.64999999999876,674.0)
(40.65156249999876,673.0)
(40.65312499999876,673.0)
(40.654687499998765,673.0)
(40.656249999998764,673.0)
(40.65781249999876,673.0)
(40.65937499999876,673.0)
(40.66093749999876,674.0)
(40.66249999999876,674.0)
(40.664062499998764,673.0)
(40.66562499999876,674.0)
(40.66718749999876,674.0)
(40.66874999999876,674.0)
(40.67031249999876,675.0)
(40.671874999998764,675.0)
(40.67343749999876,675.0)
(40.67499999999876,675.0)
(40.67499999999876,675.0)
(40.676666666665426,677.0)
(40.67833333333209,678.0)
(40.67999999999876,678.0)
(40.68166666666543,677.0)
(40.683333333332094,676.0)
(40.68499999999876,677.0)
(40.686666666665424,678.0)
(40.688333333332096,678.0)
(40.68999999999876,678.0)
(40.69166666666543,678.0)
(40.69333333333209,679.0)
(40.69499999999876,678.0)
(40.69666666666543,680.0)
(40.698333333332094,678.0)
(40.69999999999876,678.0)
(40.69999999999876,678.0)
(40.72499999999876,679.0)
(40.72499999999876,679.0)
(40.74999999999876,679.0)
(40.74999999999876,678.0)
(40.75166666666542,679.0)
(40.75333333333209,678.0)
(40.75499999999876,679.0)
(40.756666666665424,679.0)
(40.75833333333209,674.0)
(40.759999999998755,675.0)
(40.76166666666542,677.0)
(40.76333333333209,675.0)
(40.76499999999876,675.0)
(40.76666666666542,676.0)
(40.76833333333209,677.0)
(40.76999999999875,676.0)
(40.771666666665425,676.0)
(40.77333333333209,676.0)
(40.774999999998755,676.0)
(40.774999999998755,676.0)
(40.776249999998754,676.0)
(40.77749999999875,676.0)
(40.77874999999875,675.0)
(40.77999999999876,675.0)
(40.78124999999876,675.0)
(40.782499999998755,675.0)
(40.783749999998754,675.0)
(40.78499999999875,676.0)
(40.78624999999875,675.0)
(40.78749999999876,675.0)
(40.78874999999876,677.0)
(40.789999999998756,675.0)
(40.791249999998755,676.0)
(40.79249999999875,676.0)
(40.79374999999875,675.0)
(40.79499999999875,676.0)
(40.79624999999876,672.0)
(40.797499999998756,674.0)
(40.798749999998755,673.0)
(40.799999999998754,673.0)
(40.799999999998754,673.0)
(40.802083333332085,673.0)
(40.804166666665424,673.0)
(40.806249999998755,674.0)
(40.80833333333209,674.0)
(40.81041666666542,674.0)
(40.81249999999875,674.0)
(40.81458333333209,674.0)
(40.81666666666542,674.0)
(40.81874999999875,674.0)
(40.82083333333209,674.0)
(40.82291666666542,674.0)
(40.82499999999875,674.0)
(40.82499999999875,674.0)
(40.833333333332085,674.0)
(40.84166666666542,674.0)
(40.84999999999875,675.0)
(40.84999999999875,675.0)
(40.851470588234044,675.0)
(40.852941176469336,675.0)
(40.854411764704636,675.0)
(40.85588235293993,675.0)
(40.85735294117522,675.0)
(40.858823529410515,674.0)
(40.86029411764581,675.0)
(40.8617647058811,675.0)
(40.8632352941164,674.0)
(40.86470588235169,675.0)
(40.866176470586986,674.0)
(40.86764705882228,675.0)
(40.86911764705757,675.0)
(40.870588235292864,675.0)
(40.872058823528164,675.0)
(40.87352941176346,675.0)
(40.87499999999875,674.0)
(40.87499999999875,676.0)
(40.87638888888764,675.0)
(40.87777777777653,675.0)
(40.87916666666541,675.0)
(40.8805555555543,676.0)
(40.88194444444319,675.0)
(40.88333333333208,675.0)
(40.88472222222097,677.0)
(40.88611111110986,671.0)
(40.88749999999875,674.0)
(40.888888888887635,673.0)
(40.890277777776525,673.0)
(40.891666666665415,673.0)
(40.893055555554305,673.0)
(40.894444444443195,675.0)
(40.89583333333208,674.0)
(40.89722222222097,673.0)
(40.89861111110986,673.0)
(40.89999999999875,673.0)
(40.89999999999875,673.0)
(40.90156249999875,674.0)
(40.903124999998745,673.0)
(40.90468749999875,674.0)
(40.90624999999875,674.0)
(40.90781249999875,673.0)
(40.90937499999875,674.0)
(40.910937499998745,674.0)
(40.912499999998744,674.0)
(40.91406249999875,673.0)
(40.91562499999875,673.0)
(40.91718749999875,674.0)
(40.918749999998745,673.0)
(40.920312499998744,674.0)
(40.92187499999875,673.0)
(40.92343749999875,674.0)
(40.92499999999875,674.0)
(40.92499999999875,674.0)
(40.926562499998745,674.0)
(40.928124999998744,675.0)
(40.92968749999875,673.0)
(40.93124999999875,675.0)
(40.93281249999875,674.0)
(40.934374999998745,674.0)
(40.935937499998744,674.0)
(40.93749999999875,675.0)
(40.93906249999875,674.0)
(40.94062499999875,675.0)
(40.942187499998745,675.0)
(40.943749999998744,676.0)
(40.94531249999874,676.0)
(40.94687499999875,675.0)
(40.94843749999875,676.0)
(40.949999999998745,675.0)
(40.949999999998745,676.0)
(40.95166666666541,675.0)
(40.953333333332075,676.0)
(40.95499999999875,676.0)
(40.95666666666541,675.0)
(40.95833333333208,676.0)
(40.95999999999874,676.0)
(40.96166666666541,677.0)
(40.96333333333208,676.0)
(40.964999999998746,676.0)
(40.96666666666541,677.0)
(40.968333333332076,676.0)
(40.96999999999874,675.0)
(40.97166666666541,676.0)
(40.97333333333208,675.0)
(40.974999999998744,677.0)
(40.974999999998744,677.0)
(40.97727272727147,675.0)
(40.9795454545442,678.0)
(40.98181818181693,676.0)
(40.98409090908965,677.0)
(40.98636363636238,677.0)
(40.98863636363511,676.0)
(40.990909090907834,678.0)
(40.99318181818056,672.0)
(40.995454545453285,674.0)
(40.99772727272602,673.0)
(40.99999999999874,674.0)
(40.99999999999874,675.0)
(40.99999999999874,674.0)
(41.01249999999874,675.0)
(41.02499999999874,674.0)
(41.02499999999874,674.0)
(41.02604166666541,675.0)
(41.02708333333207,675.0)
(41.02812499999874,674.0)
(41.029166666665404,674.0)
(41.03020833333208,674.0)
(41.03124999999874,674.0)
(41.03229166666541,674.0)
(41.033333333332074,674.0)
(41.03437499999874,674.0)
(41.035416666665405,674.0)
(41.03645833333207,675.0)
(41.037499999998744,676.0)
(41.03854166666541,675.0)
(41.039583333332075,675.0)
(41.04062499999874,675.0)
(41.04166666666541,675.0)
(41.04270833333207,676.0)
(41.04374999999874,676.0)
(41.044791666665404,675.0)
(41.04583333333207,675.0)
(41.04687499999874,676.0)
(41.04791666666541,676.0)
(41.048958333332074,676.0)
(41.04999999999874,675.0)
(41.04999999999874,675.0)
(41.05083333333207,676.0)
(41.051666666665405,675.0)
(41.05249999999874,676.0)
(41.05333333333207,676.0)
(41.05416666666541,675.0)
(41.05499999999874,676.0)
(41.055833333332075,675.0)
(41.05666666666541,676.0)
(41.05749999999874,677.0)
(41.05833333333207,677.0)
(41.059166666665405,677.0)
(41.05999999999874,677.0)
(41.06083333333207,677.0)
(41.0616666666654,678.0)
(41.062499999998735,676.0)
(41.063333333332075,677.0)
(41.06416666666541,676.0)
(41.06499999999874,679.0)
(41.06583333333207,677.0)
(41.066666666665405,679.0)
(41.06749999999874,678.0)
(41.06833333333207,679.0)
(41.0691666666654,676.0)
(41.069999999998736,680.0)
(41.070833333332075,678.0)
(41.07166666666541,680.0)
(41.07249999999874,680.0)
(41.07333333333207,679.0)
(41.074166666665406,679.0)
(41.07499999999874,679.0)
(41.07499999999874,680.0)
(41.075862068964256,680.0)
(41.07672413792977,680.0)
(41.07758620689529,680.0)
(41.07844827586081,680.0)
(41.079310344826325,679.0)
(41.08017241379184,679.0)
(41.08103448275736,680.0)
(41.08189655172288,680.0)
(41.082758620688395,679.0)
(41.08362068965391,679.0)
(41.08448275861943,679.0)
(41.08534482758495,673.0)
(41.086206896550465,677.0)
(41.08706896551598,676.0)
(41.08793103448149,676.0)
(41.08879310344701,675.0)
(41.08965517241253,677.0)
(41.090517241378045,676.0)
(41.09137931034356,676.0)
(41.09224137930908,676.0)
(41.0931034482746,676.0)
(41.093965517240115,676.0)
(41.09482758620563,674.0)
(41.09568965517115,677.0)
(41.09655172413667,678.0)
(41.097413793102184,677.0)
(41.0982758620677,677.0)
(41.09913793103322,678.0)
(41.09999999999874,676.0)
(41.09999999999874,677.0)
(41.10624999999874,676.0)
(41.11249999999873,677.0)
(41.118749999998734,677.0)
(41.124999999998735,676.0)
(41.124999999998735,677.0)
(41.124999999998735,678.0)
(41.12727272727146,677.0)
(41.12954545454419,676.0)
(41.13181818181692,677.0)
(41.13409090908964,676.0)
(41.13636363636237,677.0)
(41.1386363636351,678.0)
(41.140909090907826,678.0)
(41.14318181818055,678.0)
(41.145454545453276,678.0)
(41.14772727272601,677.0)
(41.149999999998734,678.0)
(41.149999999998734,677.0)
(41.151136363635096,677.0)
(41.15227272727146,677.0)
(41.15340909090782,678.0)
(41.15454545454419,677.0)
(41.155681818180554,677.0)
(41.15681818181692,678.0)
(41.15795454545328,678.0)
(41.15909090908964,679.0)
(41.160227272726004,677.0)
(41.16136363636237,679.0)
(41.16249999999873,678.0)
(41.1636363636351,677.0)
(41.16477272727146,678.0)
(41.165909090907824,678.0)
(41.16704545454419,678.0)
(41.16818181818055,677.0)
(41.16931818181691,675.0)
(41.170454545453275,678.0)
(41.171590909089645,678.0)
(41.17272727272601,672.0)
(41.17386363636237,675.0)
(41.17499999999873,676.0)
(41.17499999999873,674.0)
(41.17656249999873,676.0)
(41.17812499999873,675.0)
(41.179687499998735,675.0)
(41.181249999998734,675.0)
(41.18281249999873,676.0)
(41.18437499999873,675.0)
(41.18593749999873,675.0)
(41.187499999998735,674.0)
(41.189062499998734,674.0)
(41.19062499999873,676.0)
(41.19218749999873,675.0)
(41.19374999999873,675.0)
(41.19531249999873,675.0)
(41.196874999998734,676.0)
(41.19843749999873,676.0)
(41.19999999999873,676.0)
(41.19999999999873,675.0)
(41.20208333333206,675.0)
(41.2041666666654,676.0)
(41.20624999999873,676.0)
(41.208333333332064,675.0)
(41.210416666665395,674.0)
(41.21249999999873,675.0)
(41.214583333332065,676.0)
(41.2166666666654,675.0)
(41.21874999999873,675.0)
(41.22083333333207,675.0)
(41.2229166666654,675.0)
(41.22499999999873,675.0)
(41.22499999999873,676.0)
(41.24999999999873,676.0)
(41.24999999999873,674.0)
(41.27499999999873,676.0)
(41.27499999999873,676.0)
(41.2761904761892,675.0)
(41.27738095237968,676.0)
(41.27857142857015,676.0)
(41.27976190476063,675.0)
(41.280952380951106,674.0)
(41.28214285714159,675.0)
(41.28333333333206,676.0)
(41.28452380952253,676.0)
(41.28571428571301,677.0)
(41.286904761903486,676.0)
(41.288095238093966,676.0)
(41.28928571428444,675.0)
(41.29047619047492,676.0)
(41.29166666666539,677.0)
(41.292857142855866,675.0)
(41.294047619046346,675.0)
(41.29523809523682,676.0)
(41.2964285714273,677.0)
(41.29761904761777,677.0)
(41.29880952380825,676.0)
(41.299999999998725,675.0)
(41.299999999998725,673.0)
(41.30166666666539,675.0)
(41.303333333332056,672.0)
(41.30499999999873,673.0)
(41.30666666666539,674.0)
(41.30833333333206,673.0)
(41.30999999999872,673.0)
(41.31166666666539,674.0)
(41.31333333333206,674.0)
(41.314999999998726,673.0)
(41.31666666666539,674.0)
(41.318333333332056,673.0)
(41.31999999999872,674.0)
(41.321666666665394,674.0)
(41.32333333333206,673.0)
(41.324999999998724,674.0)
(41.324999999998724,674.0)
(41.32647058823402,674.0)
(41.32794117646931,673.0)
(41.32941176470461,674.0)
(41.3308823529399,675.0)
(41.332352941175195,675.0)
(41.33382352941049,674.0)
(41.33529411764578,674.0)
(41.33676470588107,674.0)
(41.33823529411637,676.0)
(41.339705882351666,674.0)
(41.34117647058696,676.0)
(41.34264705882225,675.0)
(41.344117647057544,675.0)
(41.34558823529284,675.0)
(41.34705882352814,676.0)
(41.34852941176343,676.0)
(41.34999999999872,676.0)
(41.34999999999872,676.0)
(41.35166666666539,675.0)
(41.35333333333205,676.0)
(41.354999999998725,675.0)
(41.35666666666539,676.0)
(41.358333333332055,675.0)
(41.35999999999872,677.0)
(41.361666666665386,677.0)
(41.36333333333206,675.0)
(41.36499999999872,677.0)
(41.36666666666539,676.0)
(41.36833333333205,677.0)
(41.36999999999872,676.0)
(41.37166666666539,676.0)
(41.373333333332056,676.0)
(41.37499999999872,676.0)
(41.37499999999872,676.0)
(41.37656249999872,675.0)
(41.37812499999872,676.0)
(41.379687499998724,677.0)
(41.38124999999872,677.0)
(41.38281249999872,676.0)
(41.38437499999872,678.0)
(41.38593749999872,677.0)
(41.387499999998724,676.0)
(41.38906249999872,677.0)
(41.39062499999872,678.0)
(41.39218749999872,678.0)
(41.39374999999872,676.0)
(41.39531249999872,677.0)
(41.39687499999872,677.0)
(41.39843749999872,678.0)
(41.39999999999872,676.0)
(41.39999999999872,675.0)
(41.40099999999872,673.0)
(41.40199999999872,677.0)
(41.40299999999872,673.0)
(41.40399999999872,673.0)
(41.40499999999872,675.0)
(41.40599999999872,674.0)
(41.40699999999872,674.0)
(41.40799999999872,674.0)
(41.40899999999872,674.0)
(41.40999999999872,674.0)
(41.41099999999872,674.0)
(41.41199999999872,674.0)
(41.41299999999872,675.0)
(41.413999999998715,674.0)
(41.41499999999872,674.0)
(41.41599999999872,674.0)
(41.416999999998716,674.0)
(41.41799999999872,674.0)
(41.41899999999872,675.0)
(41.419999999998716,675.0)
(41.42099999999872,675.0)
(41.42199999999872,676.0)
(41.422999999998716,675.0)
(41.42399999999872,675.0)
(41.42499999999872,676.0)
(41.42499999999872,675.0)
(41.42647058823401,675.0)
(41.427941176469304,676.0)
(41.429411764704604,676.0)
(41.430882352939896,676.0)
(41.43235294117519,676.0)
(41.43382352941048,675.0)
(41.435294117645775,677.0)
(41.43676470588107,676.0)
(41.43823529411637,677.0)
(41.43970588235166,676.0)
(41.44117647058695,676.0)
(41.442647058822246,677.0)
(41.44411764705754,678.0)
(41.44558823529283,676.0)
(41.44705882352813,678.0)
(41.448529411763424,677.0)
(41.44999999999872,677.0)
(41.44999999999872,676.0)
(41.451562499998715,676.0)
(41.453124999998714,676.0)
(41.45468749999872,677.0)
(41.45624999999872,677.0)
(41.45781249999872,678.0)
(41.459374999998715,677.0)
(41.460937499998714,678.0)
(41.46249999999871,677.0)
(41.46406249999872,678.0)
(41.46562499999872,676.0)
(41.467187499998715,677.0)
(41.468749999998714,678.0)
(41.47031249999871,677.0)
(41.47187499999872,677.0)
(41.47343749999872,677.0)
(41.474999999998715,678.0)
(41.474999999998715,677.0)
(41.47678571428443,676.0)
(41.47857142857014,677.0)
(41.48035714285586,677.0)
(41.482142857141575,677.0)
(41.483928571427285,677.0)
(41.485714285713,677.0)
(41.48749999999872,677.0)
(41.48928571428443,674.0)
(41.491071428570145,678.0)
(41.492857142855854,674.0)
(41.49464285714157,674.0)
(41.49642857142729,674.0)
(41.498214285713,674.0)
(41.499999999998714,675.0)
(41.499999999998714,675.0)
(41.501388888887604,674.0)
(41.502777777776494,674.0)
(41.504166666665384,674.0)
(41.50555555555427,675.0)
(41.50694444444316,675.0)
(41.50833333333205,674.0)
(41.50972222222094,676.0)
(41.51111111110983,675.0)
(41.51249999999871,675.0)
(41.5138888888876,675.0)
(41.51527777777649,675.0)
(41.51666666666538,675.0)
(41.51805555555427,675.0)
(41.51944444444316,675.0)
(41.52083333333205,675.0)
(41.52222222222093,675.0)
(41.52361111110982,676.0)
(41.52499999999871,676.0)
(41.52499999999871,676.0)
(41.52666666666538,675.0)
(41.52833333333204,675.0)
(41.529999999998715,675.0)
(41.53166666666538,675.0)
(41.533333333332045,676.0)
(41.53499999999871,677.0)
(41.536666666665376,676.0)
(41.53833333333205,676.0)
(41.53999999999871,676.0)
(41.54166666666538,677.0)
(41.54333333333204,678.0)
(41.54499999999871,677.0)
(41.54666666666538,679.0)
(41.548333333332046,678.0)
(41.54999999999871,677.0)
(41.54999999999871,677.0)
(41.551666666665376,677.0)
(41.55333333333204,678.0)
(41.554999999998714,676.0)
(41.55666666666538,678.0)
(41.558333333332044,678.0)
(41.55999999999871,679.0)
(41.561666666665374,678.0)
(41.56333333333205,677.0)
(41.56499999999871,677.0)
(41.56666666666538,679.0)
(41.56833333333204,679.0)
(41.56999999999871,677.0)
(41.57166666666538,679.0)
(41.573333333332045,679.0)
(41.57499999999871,679.0)
(41.57499999999871,678.0)
(41.576666666665375,679.0)
(41.57833333333204,678.0)
(41.57999999999871,679.0)
(41.58166666666538,678.0)
(41.58333333333204,679.0)
(41.58499999999871,678.0)
(41.58666666666537,680.0)
(41.588333333332045,680.0)
(41.58999999999871,678.0)
(41.591666666665375,678.0)
(41.59333333333204,680.0)
(41.594999999998706,678.0)
(41.59666666666538,678.0)
(41.59833333333204,678.0)
(41.59999999999871,678.0)
(41.59999999999871,678.0)
(41.601470588234,677.0)
(41.602941176469294,679.0)
(41.604411764704594,678.0)
(41.60588235293989,678.0)
(41.60735294117518,677.0)
(41.60882352941047,672.0)
(41.610294117645765,675.0)
(41.61176470588106,674.0)
(41.61323529411636,674.0)
(41.61470588235165,674.0)
(41.61617647058694,674.0)
(41.617647058822236,674.0)
(41.61911764705753,674.0)
(41.62058823529282,674.0)
(41.62205882352812,674.0)
(41.623529411763414,674.0)
(41.62499999999871,674.0)
(41.62499999999871,674.0)
(41.62666666666537,674.0)
(41.62833333333204,673.0)
(41.62999999999871,675.0)
(41.631666666665375,674.0)
(41.63333333333204,674.0)
(41.634999999998705,674.0)
(41.63666666666537,675.0)
(41.63833333333204,674.0)
(41.63999999999871,674.0)
(41.64166666666537,675.0)
(41.64333333333204,674.0)
(41.6449999999987,675.0)
(41.646666666665375,676.0)
(41.64833333333204,675.0)
(41.649999999998705,675.0)
(41.649999999998705,675.0)
(41.65131578947239,675.0)
(41.65263157894607,675.0)
(41.65394736841976,676.0)
(41.655263157893444,676.0)
(41.65657894736712,677.0)
(41.65789473684081,676.0)
(41.659210526314496,675.0)
(41.660526315788175,675.0)
(41.66184210526186,675.0)
(41.66315789473555,676.0)
(41.664473684209234,676.0)
(41.66578947368291,676.0)
(41.6671052631566,676.0)
(41.668421052630286,676.0)
(41.669736842103966,677.0)
(41.67105263157765,674.0)
(41.67236842105134,676.0)
(41.67368421052502,676.0)
(41.674999999998704,676.0)
(41.674999999998704,676.0)
(41.677777777776484,676.0)
(41.68055555555426,677.0)
(41.68333333333204,677.0)
(41.68611111110982,676.0)
(41.68888888888759,677.0)
(41.69166666666537,676.0)
(41.69444444444315,677.0)
(41.69722222222092,679.0)
(41.6999999999987,677.0)
(41.6999999999987,678.0)
(41.6999999999987,678.0)
(41.704999999998705,676.0)
(41.7099999999987,678.0)
(41.7149999999987,679.0)
(41.7199999999987,680.0)
(41.7249999999987,677.0)
(41.7249999999987,678.0)
(41.72592592592463,678.0)
(41.726851851850554,674.0)
(41.72777777777648,676.0)
(41.72870370370241,673.0)
(41.72962962962833,675.0)
(41.730555555554254,674.0)
(41.73148148148018,675.0)
(41.73240740740611,674.0)
(41.733333333332034,675.0)
(41.73425925925796,674.0)
(41.73518518518389,674.0)
(41.736111111109814,675.0)
(41.73703703703574,675.0)
(41.73796296296166,674.0)
(41.73888888888759,674.0)
(41.73981481481351,674.0)
(41.74074074073944,676.0)
(41.74166666666537,675.0)
(41.74259259259129,675.0)
(41.74351851851722,676.0)
(41.74444444444315,675.0)
(41.74537037036907,675.0)
(41.74629629629499,676.0)
(41.74722222222092,674.0)
(41.748148148146846,675.0)
(41.74907407407277,675.0)
(41.7499999999987,675.0)
(41.7499999999987,675.0)
(41.762499999998695,675.0)
(41.7749999999987,675.0)
(41.7749999999987,676.0)
(41.7749999999987,675.0)
(41.7765624999987,676.0)
(41.778124999998695,676.0)
(41.7796874999987,676.0)
(41.7812499999987,675.0)
(41.7828124999987,675.0)
(41.7843749999987,676.0)
(41.785937499998695,675.0)
(41.7874999999987,676.0)
(41.7890624999987,676.0)
(41.7906249999987,676.0)
(41.7921874999987,676.0)
(41.793749999998695,677.0)
(41.795312499998694,676.0)
(41.7968749999987,676.0)
(41.7984374999987,673.0)
(41.7999999999987,675.0)
(41.7999999999987,674.0)
(41.7999999999987,673.0)
(41.80166666666536,674.0)
(41.80333333333203,673.0)
(41.8049999999987,673.0)
(41.806666666665365,673.0)
(41.80833333333203,673.0)
(41.809999999998695,673.0)
(41.81166666666536,674.0)
(41.81333333333203,673.0)
(41.8149999999987,674.0)
(41.81666666666536,673.0)
(41.81833333333203,673.0)
(41.81999999999869,673.0)
(41.821666666665365,673.0)
(41.82333333333203,674.0)
(41.824999999998695,674.0)
(41.824999999998695,673.0)
(41.82599999999869,673.0)
(41.8269999999987,674.0)
(41.827999999998696,674.0)
(41.82899999999869,673.0)
(41.8299999999987,675.0)
(41.830999999998696,675.0)
(41.83199999999869,674.0)
(41.8329999999987,673.0)
(41.833999999998696,675.0)
(41.83499999999869,674.0)
(41.8359999999987,673.0)
(41.836999999998696,674.0)
(41.837999999998694,674.0)
(41.83899999999869,674.0)
(41.839999999998696,674.0)
(41.840999999998694,675.0)
(41.84199999999869,674.0)
(41.842999999998696,674.0)
(41.843999999998694,675.0)
(41.84499999999869,675.0)
(41.845999999998696,675.0)
(41.846999999998694,674.0)
(41.84799999999869,674.0)
(41.848999999998696,674.0)
(41.849999999998694,675.0)
(41.849999999998694,674.0)
(41.85147058823399,675.0)
(41.85294117646928,675.0)
(41.85441176470458,675.0)
(41.85588235293987,675.0)
(41.857352941175165,676.0)
(41.85882352941046,675.0)
(41.86029411764575,674.0)
(41.86176470588104,675.0)
(41.86323529411634,675.0)
(41.864705882351636,676.0)
(41.86617647058693,676.0)
(41.86764705882222,675.0)
(41.869117647057514,674.0)
(41.87058823529281,674.0)
(41.87205882352811,672.0)
(41.8735294117634,674.0)
(41.87499999999869,673.0)
(41.87499999999869,675.0)
(41.876136363635055,673.0)
(41.87727272727142,674.0)
(41.87840909090778,674.0)
(41.87954545454415,674.0)
(41.88068181818051,674.0)
(41.881818181816875,673.0)
(41.88295454545324,674.0)
(41.8840909090896,673.0)
(41.88522727272596,674.0)
(41.886363636362326,674.0)
(41.887499999998695,674.0)
(41.88863636363506,673.0)
(41.88977272727142,674.0)
(41.89090909090778,674.0)
(41.892045454544146,674.0)
(41.89318181818051,675.0)
(41.89431818181687,673.0)
(41.895454545453234,675.0)
(41.8965909090896,675.0)
(41.897727272725966,673.0)
(41.89886363636233,675.0)
(41.89999999999869,675.0)
(41.89999999999869,674.0)
(41.901666666665356,674.0)
(41.90333333333202,675.0)
(41.904999999998694,674.0)
(41.90666666666536,674.0)
(41.908333333332024,674.0)
(41.90999999999869,675.0)
(41.911666666665354,675.0)
(41.91333333333203,675.0)
(41.91499999999869,674.0)
(41.91666666666536,675.0)
(41.91833333333202,675.0)
(41.91999999999869,675.0)
(41.92166666666536,675.0)
(41.923333333332025,677.0)
(41.92499999999869,675.0)
(41.92499999999869,676.0)
(41.92613636363505,675.0)
(41.927272727271415,675.0)
(41.92840909090778,676.0)
(41.92954545454415,675.0)
(41.93068181818051,676.0)
(41.93181818181687,675.0)
(41.932954545453235,676.0)
(41.9340909090896,676.0)
(41.93522727272596,675.0)
(41.93636363636232,675.0)
(41.93749999999869,672.0)
(41.938636363635055,674.0)
(41.93977272727142,673.0)
(41.94090909090778,673.0)
(41.94204545454414,673.0)
(41.943181818180506,673.0)
(41.94431818181687,675.0)
(41.94545454545323,673.0)
(41.9465909090896,674.0)
(41.94772727272596,674.0)
(41.948863636362326,674.0)
(41.94999999999869,673.0)
(41.94999999999869,674.0)
(41.95166666666535,674.0)
(41.95333333333202,674.0)
(41.95499999999869,675.0)
(41.956666666665356,674.0)
(41.95833333333202,675.0)
(41.959999999998686,674.0)
(41.96166666666535,674.0)
(41.963333333332024,675.0)
(41.96499999999869,675.0)
(41.966666666665354,674.0)
(41.96833333333202,675.0)
(41.969999999998684,675.0)
(41.97166666666536,675.0)
(41.97333333333202,676.0)
(41.97499999999869,675.0)
(41.97499999999869,675.0)
(41.97647058823398,675.0)
(41.97794117646927,675.0)
(41.97941176470457,674.0)
(41.980882352939865,675.0)
(41.98235294117516,676.0)
(41.98382352941045,676.0)
(41.98529411764574,674.0)
(41.986764705881036,676.0)
(41.988235294116336,675.0)
(41.98970588235163,674.0)
(41.99117647058692,675.0)
(41.992647058822214,674.0)
(41.99411764705751,675.0)
(41.9955882352928,675.0)
(41.9970588235281,674.0)
(41.99852941176339,675.0)
(41.999999999998685,674.0)
(41.999999999998685,675.0)
(42.00119047618916,674.0)
(42.00238095237964,676.0)
(42.00357142857011,674.0)
(42.00476190476059,675.0)
(42.005952380951065,675.0)
(42.007142857141545,675.0)
(42.00833333333202,675.0)
(42.00952380952249,675.0)
(42.01071428571297,675.0)
(42.011904761903445,675.0)
(42.013095238093925,674.0)
(42.0142857142844,675.0)
(42.01547619047488,676.0)
(42.01666666666535,675.0)
(42.017857142855824,676.0)
(42.019047619046304,675.0)
(42.02023809523678,675.0)
(42.02142857142726,675.0)
(42.02261904761773,675.0)
(42.02380952380821,671.0)
(42.024999999998684,675.0)
(42.024999999998684,673.0)
(42.02666666666535,674.0)
(42.028333333332014,672.0)
(42.02999999999869,673.0)
(42.03166666666535,673.0)
(42.03333333333202,672.0)
(42.03499999999868,673.0)
(42.03666666666535,672.0)
(42.03833333333202,673.0)
(42.039999999998685,673.0)
(42.04166666666535,673.0)
(42.043333333332015,673.0)
(42.04499999999868,672.0)
(42.04666666666535,673.0)
(42.04833333333202,673.0)
(42.04999999999868,673.0)
(42.04999999999868,673.0)
(42.051190476189156,673.0)
(42.052380952379636,672.0)
(42.05357142857011,674.0)
(42.05476190476059,674.0)
(42.05595238095106,673.0)
(42.05714285714154,674.0)
(42.058333333332016,674.0)
(42.05952380952249,674.0)
(42.06071428571297,673.0)
(42.06190476190344,674.0)
(42.06309523809392,674.0)
(42.064285714284395,674.0)
(42.065476190474875,673.0)
(42.06666666666535,674.0)
(42.06785714285582,674.0)
(42.0690476190463,674.0)
(42.070238095236775,674.0)
(42.071428571427255,676.0)
(42.07261904761773,674.0)
(42.07380952380821,674.0)
(42.07499999999868,673.0)
(42.07499999999868,675.0)
(42.076666666665346,674.0)
(42.07833333333201,675.0)
(42.079999999998684,676.0)
(42.08166666666535,675.0)
(42.083333333332014,675.0)
(42.08499999999868,675.0)
(42.086666666665344,674.0)
(42.08833333333202,676.0)
(42.08999999999868,674.0)
(42.09166666666535,675.0)
(42.09333333333201,675.0)
(42.09499999999868,674.0)
(42.09666666666535,676.0)
(42.098333333332015,675.0)
(42.09999999999868,675.0)
(42.09999999999868,675.0)
(42.10156249999868,676.0)
(42.10312499999868,675.0)
(42.10468749999868,675.0)
(42.10624999999868,676.0)
(42.10781249999868,675.0)
(42.10937499999868,675.0)
(42.11093749999868,675.0)
(42.112499999998676,676.0)
(42.11406249999868,676.0)
(42.11562499999868,674.0)
(42.11718749999868,675.0)
(42.11874999999868,675.0)
(42.120312499998676,676.0)
(42.12187499999868,675.0)
(42.12343749999868,675.0)
(42.12499999999868,675.0)
(42.12499999999868,676.0)
(42.14999999999868,676.0)
(42.14999999999868,676.0)
(42.15833333333201,677.0)
(42.16666666666534,677.0)
(42.174999999998676,676.0)
(42.174999999998676,674.0)
(42.17619047618915,676.0)
(42.17738095237963,670.0)
(42.1785714285701,674.0)
(42.17976190476058,675.0)
(42.180952380951055,673.0)
(42.182142857141535,674.0)
(42.18333333333201,674.0)
(42.18452380952248,673.0)
(42.18571428571296,673.0)
(42.186904761903435,674.0)
(42.188095238093915,674.0)
(42.18928571428439,674.0)
(42.19047619047487,674.0)
(42.19166666666534,674.0)
(42.192857142855814,675.0)
(42.194047619046295,674.0)
(42.19523809523677,674.0)
(42.19642857142725,673.0)
(42.19761904761772,674.0)
(42.1988095238082,673.0)
(42.199999999998674,674.0)
(42.199999999998674,674.0)
(42.20156249999867,674.0)
(42.20312499999867,674.0)
(42.20468749999868,674.0)
(42.206249999998676,674.0)
(42.207812499998674,675.0)
(42.20937499999867,674.0)
(42.21093749999867,674.0)
(42.21249999999867,674.0)
(42.214062499998676,674.0)
(42.215624999998674,674.0)
(42.21718749999867,673.0)
(42.21874999999867,674.0)
(42.22031249999867,674.0)
(42.221874999998676,674.0)
(42.223437499998674,674.0)
(42.22499999999867,674.0)
(42.22499999999867,674.0)
(42.22624999999867,673.0)
(42.22749999999867,674.0)
(42.22874999999867,674.0)
(42.229999999998675,672.0)
(42.231249999998674,674.0)
(42.23249999999867,673.0)
(42.23374999999867,675.0)
(42.23499999999867,673.0)
(42.23624999999867,674.0)
(42.237499999998676,674.0)
(42.238749999998674,675.0)
(42.23999999999867,674.0)
(42.24124999999867,675.0)
(42.24249999999867,674.0)
(42.24374999999867,675.0)
(42.24499999999867,675.0)
(42.246249999998675,675.0)
(42.247499999998674,674.0)
(42.24874999999867,674.0)
(42.24999999999867,675.0)
(42.24999999999867,675.0)
(42.251666666665336,675.0)
(42.253333333332,674.0)
(42.254999999998674,674.0)
(42.25666666666534,674.0)
(42.258333333332004,671.0)
(42.25999999999867,673.0)
(42.261666666665334,675.0)
(42.26333333333201,673.0)
(42.26499999999867,671.0)
(42.26666666666534,671.0)
(42.268333333332,671.0)
(42.26999999999867,672.0)
(42.27166666666534,672.0)
(42.273333333332005,672.0)
(42.27499999999867,671.0)
(42.27499999999867,671.0)
(42.276666666665335,671.0)
(42.278333333332,672.0)
(42.27999999999867,672.0)
(42.28166666666534,673.0)
(42.283333333332,672.0)
(42.28499999999867,672.0)
(42.28666666666533,672.0)
(42.288333333332005,672.0)
(42.28999999999867,672.0)
(42.291666666665336,672.0)
(42.293333333332,672.0)
(42.294999999998666,672.0)
(42.29666666666534,673.0)
(42.298333333332,672.0)
(42.29999999999867,673.0)
(42.29999999999867,672.0)
(42.30119047618914,673.0)
(42.30238095237962,673.0)
(42.303571428570095,672.0)
(42.304761904760575,672.0)
(42.30595238095105,673.0)
(42.30714285714153,672.0)
(42.308333333332,673.0)
(42.309523809522474,673.0)
(42.310714285712955,674.0)
(42.31190476190343,673.0)
(42.31309523809391,673.0)
(42.31428571428438,673.0)
(42.31547619047486,673.0)
(42.316666666665334,673.0)
(42.31785714285581,673.0)
(42.31904761904629,673.0)
(42.32023809523676,674.0)
(42.32142857142724,673.0)
(42.322619047617714,673.0)
(42.323809523808194,674.0)
(42.32499999999867,672.0)
(42.32499999999867,673.0)
(42.32647058823396,670.0)
(42.32794117646925,667.0)
(42.32941176470455,667.0)
(42.330882352939845,668.0)
(42.33235294117514,671.0)
(42.33382352941043,671.0)
(42.335294117645724,672.0)
(42.336764705881016,670.0)
(42.338235294116316,672.0)
(42.33970588235161,668.0)
(42.3411764705869,668.0)
(42.342647058822195,671.0)
(42.34411764705749,668.0)
(42.34558823529278,670.0)
(42.34705882352808,671.0)
(42.34852941176337,668.0)
(42.349999999998666,670.0)
(42.349999999998666,666.0)
(42.35119047618914,668.0)
(42.35238095237962,669.0)
(42.35357142857009,668.0)
(42.35476190476057,670.0)
(42.355952380951045,670.0)
(42.357142857141525,669.0)
(42.358333333332,669.0)
(42.35952380952247,669.0)
(42.36071428571295,668.0)
(42.361904761903425,669.0)
(42.363095238093905,669.0)
(42.36428571428438,669.0)
(42.36547619047486,670.0)
(42.36666666666533,669.0)
(42.367857142855804,669.0)
(42.369047619046285,668.0)
(42.37023809523676,669.0)
(42.37142857142724,669.0)
(42.37261904761771,670.0)
(42.37380952380819,669.0)
(42.374999999998664,669.0)
(42.374999999998664,670.0)
(42.37656249999866,669.0)
(42.37812499999866,669.0)
(42.37968749999867,669.0)
(42.381249999998666,669.0)
(42.382812499998664,670.0)
(42.38437499999866,669.0)
(42.38593749999866,669.0)
(42.38749999999867,669.0)
(42.389062499998666,669.0)
(42.390624999998664,669.0)
(42.39218749999866,669.0)
(42.39374999999866,669.0)
(42.39531249999866,669.0)
(42.396874999998666,669.0)
(42.398437499998664,669.0)
(42.39999999999866,669.0)
(42.39999999999866,668.0)
(42.404999999998665,670.0)
(42.40999999999866,670.0)
(42.41499999999866,669.0)
(42.41999999999866,670.0)
(42.42499999999866,669.0)
(42.42499999999866,669.0)
(42.42692307692174,670.0)
(42.428846153844816,670.0)
(42.43076923076789,671.0)
(42.43269230769097,670.0)
(42.43461538461405,671.0)
(42.436538461537125,670.0)
(42.438461538460196,671.0)
(42.44038461538327,671.0)
(42.44230769230635,671.0)
(42.44423076922943,671.0)
(42.446153846152505,671.0)
(42.44807692307558,671.0)
(42.44999999999866,671.0)
(42.44999999999866,672.0)
(42.451041666665326,671.0)
(42.45208333333199,671.0)
(42.45312499999866,672.0)
(42.45416666666533,672.0)
(42.455208333331996,672.0)
(42.45624999999866,672.0)
(42.45729166666533,671.0)
(42.45833333333199,670.0)
(42.45937499999866,668.0)
(42.460416666665324,666.0)
(42.46145833333199,667.0)
(42.462499999998656,668.0)
(42.46354166666533,670.0)
(42.464583333331994,670.0)
(42.46562499999866,670.0)
(42.466666666665326,668.0)
(42.46770833333199,668.0)
(42.46874999999866,667.0)
(42.46979166666532,667.0)
(42.470833333331996,669.0)
(42.47187499999866,670.0)
(42.47291666666533,670.0)
(42.47395833333199,669.0)
(42.47499999999866,667.0)
(42.47499999999866,668.0)
(42.47656249999866,668.0)
(42.478124999998656,667.0)
(42.47968749999866,669.0)
(42.48124999999866,669.0)
(42.48281249999866,671.0)
(42.48437499999866,669.0)
(42.485937499998656,669.0)
(42.48749999999866,668.0)
(42.48906249999866,668.0)
(42.49062499999866,670.0)
(42.49218749999866,669.0)
(42.493749999998656,669.0)
(42.495312499998654,668.0)
(42.49687499999866,669.0)
(42.49843749999866,669.0)
(42.49999999999866,669.0)
(42.49999999999866,668.0)
(42.50147058823395,668.0)
(42.50294117646924,668.0)
(42.50441176470454,669.0)
(42.505882352939835,669.0)
(42.50735294117513,669.0)
(42.50882352941042,669.0)
(42.510294117645714,669.0)
(42.511764705881006,668.0)
(42.513235294116306,669.0)
(42.5147058823516,669.0)
(42.51617647058689,669.0)
(42.517647058822185,669.0)
(42.51911764705748,669.0)
(42.52058823529277,668.0)
(42.52205882352807,668.0)
(42.52352941176336,669.0)
(42.524999999998656,668.0)
(42.524999999998656,669.0)
(42.526562499998654,669.0)
(42.52812499999865,669.0)
(42.52968749999866,669.0)
(42.53124999999866,669.0)
(42.532812499998656,669.0)
(42.534374999998654,669.0)
(42.53593749999865,669.0)
(42.53749999999866,669.0)
(42.53906249999866,669.0)
(42.540624999998656,669.0)
(42.542187499998654,668.0)
(42.54374999999865,668.0)
(42.54531249999865,669.0)
(42.54687499999866,668.0)
(42.548437499998656,669.0)
(42.549999999998654,669.0)
(42.549999999998654,669.0)
(42.57499999999865,668.0)
(42.57499999999865,669.0)
(42.57596153846019,669.0)
(42.57692307692173,669.0)
(42.57788461538327,668.0)
(42.57884615384481,669.0)
(42.579807692306346,669.0)
(42.580769230767885,669.0)
(42.581730769229424,669.0)
(42.58269230769096,668.0)
(42.5836538461525,668.0)
(42.58461538461404,668.0)
(42.58557692307558,668.0)
(42.58653846153712,669.0)
(42.587499999998656,669.0)
(42.58846153846019,668.0)
(42.589423076921726,669.0)
(42.590384615383265,668.0)
(42.5913461538448,667.0)
(42.59230769230634,668.0)
(42.59326923076788,669.0)
(42.59423076922942,669.0)
(42.59519230769096,668.0)
(42.5961538461525,668.0)
(42.597115384614035,668.0)
(42.598076923075574,669.0)
(42.59903846153711,669.0)
(42.59999999999865,668.0)
(42.59999999999865,669.0)
(42.60156249999865,669.0)
(42.60312499999865,668.0)
(42.604687499998654,668.0)
(42.60624999999865,668.0)
(42.60781249999865,669.0)
(42.60937499999865,669.0)
(42.61093749999865,669.0)
(42.61249999999865,668.0)
(42.61406249999865,668.0)
(42.61562499999865,668.0)
(42.61718749999865,668.0)
(42.61874999999865,669.0)
(42.62031249999865,669.0)
(42.62187499999865,668.0)
(42.62343749999865,669.0)
(42.62499999999865,668.0)
(42.62499999999865,669.0)
(42.626666666665315,668.0)
(42.62833333333198,668.0)
(42.62999999999865,669.0)
(42.63166666666532,668.0)
(42.63333333333198,669.0)
(42.63499999999865,668.0)
(42.63666666666531,669.0)
(42.638333333331985,669.0)
(42.63999999999865,669.0)
(42.641666666665316,667.0)
(42.64333333333198,669.0)
(42.644999999998646,669.0)
(42.64666666666532,669.0)
(42.64833333333198,668.0)
(42.64999999999865,669.0)
(42.64999999999865,668.0)
(42.651666666665314,669.0)
(42.65333333333198,669.0)
(42.65499999999865,668.0)
(42.656666666665316,669.0)
(42.65833333333198,669.0)
(42.65999999999865,668.0)
(42.66166666666531,669.0)
(42.663333333331984,669.0)
(42.66499999999865,669.0)
(42.666666666665314,668.0)
(42.66833333333198,668.0)
(42.669999999998645,668.0)
(42.67166666666532,669.0)
(42.67333333333198,668.0)
(42.67499999999865,668.0)
(42.67499999999865,669.0)
(42.676562499998646,670.0)
(42.678124999998644,668.0)
(42.67968749999865,667.0)
(42.68124999999865,669.0)
(42.68281249999865,669.0)
(42.684374999998646,668.0)
(42.685937499998644,668.0)
(42.68749999999865,668.0)
(42.68906249999865,669.0)
(42.69062499999865,669.0)
(42.692187499998646,668.0)
(42.693749999998644,668.0)
(42.69531249999864,668.0)
(42.69687499999865,668.0)
(42.69843749999865,669.0)
(42.699999999998646,669.0)
(42.699999999998646,668.0)
(42.701388888887536,669.0)
(42.702777777776426,669.0)
(42.704166666665316,668.0)
(42.7055555555542,668.0)
(42.70694444444309,668.0)
(42.70833333333198,668.0)
(42.70972222222087,668.0)
(42.71111111110976,668.0)
(42.71249999999864,668.0)
(42.71388888888753,669.0)
(42.71527777777642,668.0)
(42.71666666666531,668.0)
(42.7180555555542,668.0)
(42.71944444444309,668.0)
(42.72083333333198,669.0)
(42.722222222220864,668.0)
(42.723611111109754,669.0)
(42.724999999998644,669.0)
(42.724999999998644,668.0)
(42.72666666666531,669.0)
(42.728333333331975,668.0)
(42.72999999999865,668.0)
(42.73166666666531,669.0)
(42.73333333333198,668.0)
(42.73499999999864,668.0)
(42.73666666666531,668.0)
(42.73833333333198,668.0)
(42.739999999998645,669.0)
(42.74166666666531,668.0)
(42.743333333331975,668.0)
(42.74499999999864,667.0)
(42.74666666666531,669.0)
(42.74833333333198,669.0)
(42.74999999999864,668.0)
(42.74999999999864,669.0)
(42.75124999999864,669.0)
(42.75249999999864,668.0)
(42.75374999999864,669.0)
(42.754999999998645,668.0)
(42.756249999998644,668.0)
(42.75749999999864,669.0)
(42.75874999999864,667.0)
(42.75999999999864,668.0)
(42.76124999999864,668.0)
(42.76249999999864,668.0)
(42.763749999998645,669.0)
(42.76499999999864,669.0)
(42.76624999999864,668.0)
(42.76749999999864,668.0)
(42.76874999999864,668.0)
(42.76999999999864,668.0)
(42.771249999998645,669.0)
(42.772499999998644,668.0)
(42.77374999999864,668.0)
(42.77499999999864,667.0)
(42.77499999999864,668.0)
(42.77656249999864,669.0)
(42.77812499999864,669.0)
(42.779687499998644,668.0)
(42.78124999999864,668.0)
(42.78281249999864,668.0)
(42.78437499999864,669.0)
(42.78593749999864,669.0)
(42.787499999998644,668.0)
(42.78906249999864,668.0)
(42.79062499999864,668.0)
(42.79218749999864,668.0)
(42.79374999999864,668.0)
(42.79531249999864,669.0)
(42.79687499999864,668.0)
(42.79843749999864,668.0)
(42.79999999999864,669.0)
(42.79999999999864,668.0)
(42.80147058823393,668.0)
(42.802941176469226,668.0)
(42.804411764704525,668.0)
(42.80588235293982,668.0)
(42.80735294117511,667.0)
(42.808823529410404,668.0)
(42.8102941176457,668.0)
(42.81176470588099,669.0)
(42.81323529411629,668.0)
(42.81470588235158,668.0)
(42.816176470586875,669.0)
(42.81764705882217,668.0)
(42.81911764705746,668.0)
(42.82058823529275,669.0)
(42.82205882352805,668.0)
(42.823529411763346,668.0)
(42.82499999999864,668.0)
(42.82499999999864,669.0)
(42.8291666666653,668.0)
(42.83333333333197,668.0)
(42.83749999999864,669.0)
(42.841666666665304,668.0)
(42.84583333333197,669.0)
(42.84999999999864,668.0)
(42.84999999999864,668.0)
(42.852499999998635,669.0)
(42.85499999999864,669.0)
(42.85749999999864,669.0)
(42.859999999998635,668.0)
(42.86249999999863,669.0)
(42.86499999999864,668.0)
(42.867499999998635,668.0)
(42.86999999999863,668.0)
(42.87249999999864,669.0)
(42.874999999998636,668.0)
(42.874999999998636,668.0)
(42.876086956520375,668.0)
(42.877173913042114,668.0)
(42.87826086956385,669.0)
(42.87934782608559,668.0)
(42.88043478260733,669.0)
(42.88152173912907,669.0)
(42.88260869565081,668.0)
(42.88369565217255,668.0)
(42.88478260869429,668.0)
(42.885869565216026,668.0)
(42.886956521737766,668.0)
(42.888043478259505,668.0)
(42.889130434781244,668.0)
(42.89021739130298,668.0)
(42.89130434782472,668.0)
(42.89239130434646,669.0)
(42.8934782608682,668.0)
(42.89456521738994,668.0)
(42.89565217391168,668.0)
(42.89673913043342,669.0)
(42.897826086955156,669.0)
(42.898913043476895,668.0)
(42.899999999998634,668.0)
(42.899999999998634,669.0)
(42.90156249999863,668.0)
(42.90312499999863,668.0)
(42.90468749999864,668.0)
(42.906249999998636,668.0)
(42.907812499998634,667.0)
(42.90937499999863,669.0)
(42.91093749999863,668.0)
(42.91249999999863,668.0)
(42.914062499998636,668.0)
(42.915624999998634,668.0)
(42.91718749999863,668.0)
(42.91874999999863,668.0)
(42.92031249999863,668.0)
(42.921874999998636,668.0)
(42.923437499998634,668.0)
(42.92499999999863,668.0)
(42.92499999999863,668.0)
(42.92638888888752,668.0)
(42.92777777777641,669.0)
(42.929166666665296,668.0)
(42.930555555554186,668.0)
(42.931944444443076,668.0)
(42.933333333331966,669.0)
(42.934722222220856,668.0)
(42.936111111109746,668.0)
(42.937499999998636,669.0)
(42.93888888888752,668.0)
(42.94027777777641,668.0)
(42.9416666666653,669.0)
(42.94305555555419,668.0)
(42.94444444444308,668.0)
(42.94583333333196,668.0)
(42.94722222222085,668.0)
(42.94861111110974,668.0)
(42.94999999999863,669.0)
(42.94999999999863,668.0)
(42.95156249999863,668.0)
(42.95312499999863,668.0)
(42.954687499998634,668.0)
(42.95624999999863,669.0)
(42.95781249999863,668.0)
(42.95937499999863,668.0)
(42.96093749999863,668.0)
(42.96249999999863,668.0)
(42.96406249999863,668.0)
(42.96562499999863,668.0)
(42.96718749999863,668.0)
(42.96874999999863,667.0)
(42.97031249999863,668.0)
(42.97187499999863,669.0)
(42.97343749999863,669.0)
(42.97499999999863,668.0)
(42.97499999999863,669.0)
(42.97647058823392,668.0)
(42.977941176469216,668.0)
(42.979411764704516,668.0)
(42.98088235293981,669.0)
(42.9823529411751,669.0)
(42.983823529410394,668.0)
(42.98529411764569,668.0)
(42.98676470588098,669.0)
(42.98823529411628,668.0)
(42.98970588235157,669.0)
(42.991176470586865,668.0)
(42.99264705882216,668.0)
(42.99411764705745,668.0)
(42.99558823529274,668.0)
(42.99705882352804,668.0)
(42.998529411763336,668.0)
(42.99999999999863,668.0)
(42.99999999999863,669.0)
(43.00083333333196,668.0)
(43.001666666665294,668.0)
(43.002499999998626,670.0)
(43.00333333333196,668.0)
(43.0041666666653,669.0)
(43.00499999999863,669.0)
(43.005833333331964,668.0)
(43.006666666665296,669.0)
(43.00749999999863,668.0)
(43.00833333333196,668.0)
(43.009166666665294,668.0)
(43.00999999999863,669.0)
(43.01083333333196,668.0)
(43.01166666666529,668.0)
(43.012499999998624,667.0)
(43.013333333331964,668.0)
(43.0141666666653,667.0)
(43.01499999999863,668.0)
(43.01583333333196,668.0)
(43.016666666665294,668.0)
(43.01749999999863,668.0)
(43.01833333333196,669.0)
(43.01916666666529,668.0)
(43.019999999998625,668.0)
(43.020833333331964,668.0)
(43.0216666666653,668.0)
(43.02249999999863,668.0)
(43.02333333333196,668.0)
(43.024166666665295,669.0)
(43.02499999999863,668.0)
(43.02499999999863,668.0)
(43.026315789472314,667.0)
(43.02763157894599,668.0)
(43.02894736841968,668.0)
(43.030263157893366,668.0)
(43.031578947367045,668.0)
(43.03289473684073,669.0)
(43.03421052631442,668.0)
(43.0355263157881,667.0)
(43.03684210526178,668.0)
(43.03815789473547,668.0)
(43.039473684209156,668.0)
(43.040789473682835,668.0)
(43.04210526315652,668.0)
(43.04342105263021,668.0)
(43.04473684210389,668.0)
(43.046052631577574,668.0)
(43.04736842105126,668.0)
(43.04868421052494,668.0)
(43.049999999998626,668.0)
(43.049999999998626,668.0)
(43.074999999998624,667.0)
(43.074999999998624,669.0)
(43.07656249999862,668.0)
(43.07812499999862,668.0)
(43.07968749999863,668.0)
(43.081249999998626,669.0)
(43.082812499998624,669.0)
(43.08437499999862,669.0)
(43.08593749999862,669.0)
(43.08749999999863,668.0)
(43.089062499998626,668.0)
(43.090624999998624,667.0)
(43.09218749999862,668.0)
(43.09374999999862,668.0)
(43.09531249999862,669.0)
(43.096874999998626,668.0)
(43.098437499998624,668.0)
(43.09999999999862,668.0)
(43.09999999999862,668.0)
(43.101136363634986,668.0)
(43.10227272727135,668.0)
(43.10340909090771,668.0)
(43.10454545454408,669.0)
(43.10568181818044,668.0)
(43.106818181816806,669.0)
(43.10795454545317,668.0)
(43.10909090908953,669.0)
(43.11022727272589,668.0)
(43.111363636362256,668.0)
(43.11249999999862,669.0)
(43.11363636363499,667.0)
(43.11477272727135,668.0)
(43.115909090907714,669.0)
(43.117045454544076,668.0)
(43.11818181818044,669.0)
(43.1193181818168,668.0)
(43.120454545453164,668.0)
(43.121590909089534,668.0)
(43.122727272725896,669.0)
(43.12386363636226,669.0)
(43.12499999999862,667.0)
(43.12499999999862,668.0)
(43.126470588233914,668.0)
(43.12794117646921,668.0)
(43.12941176470451,668.0)
(43.1308823529398,668.0)
(43.13235294117509,670.0)
(43.133823529410385,668.0)
(43.13529411764568,668.0)
(43.13676470588097,668.0)
(43.13823529411627,667.0)
(43.139705882351564,669.0)
(43.141176470586856,668.0)
(43.14264705882215,669.0)
(43.14411764705744,669.0)
(43.145588235292735,668.0)
(43.147058823528035,668.0)
(43.14852941176333,668.0)
(43.14999999999862,668.0)
(43.14999999999862,669.0)
(43.15156249999862,670.0)
(43.15312499999862,669.0)
(43.15468749999862,669.0)
(43.15624999999862,668.0)
(43.15781249999862,668.0)
(43.15937499999862,669.0)
(43.16093749999862,669.0)
(43.162499999998616,668.0)
(43.16406249999862,669.0)
(43.16562499999862,668.0)
(43.16718749999862,668.0)
(43.16874999999862,669.0)
(43.170312499998616,668.0)
(43.17187499999862,669.0)
(43.17343749999862,669.0)
(43.17499999999862,668.0)
(43.17499999999862,668.0)
(43.17647058823391,669.0)
(43.177941176469204,668.0)
(43.179411764704504,669.0)
(43.1808823529398,668.0)
(43.18235294117509,668.0)
(43.18382352941038,668.0)
(43.185294117645675,669.0)
(43.18676470588097,669.0)
(43.18823529411627,669.0)
(43.18970588235156,668.0)
(43.19117647058685,669.0)
(43.192647058822146,667.0)
(43.19411764705744,669.0)
(43.19558823529273,668.0)
(43.19705882352803,668.0)
(43.198529411763325,668.0)
(43.19999999999862,669.0)
(43.19999999999862,669.0)
(43.20147058823391,669.0)
(43.2029411764692,668.0)
(43.2044117647045,668.0)
(43.205882352939796,667.0)
(43.20735294117509,668.0)
(43.20882352941038,669.0)
(43.210294117645674,668.0)
(43.21176470588097,669.0)
(43.21323529411627,669.0)
(43.21470588235156,668.0)
(43.21617647058685,669.0)
(43.217647058822145,669.0)
(43.21911764705744,668.0)
(43.22058823529273,668.0)
(43.22205882352803,668.0)
(43.22352941176332,669.0)
(43.224999999998616,668.0)
(43.224999999998616,667.0)
(43.2263157894723,668.0)
(43.22763157894598,668.0)
(43.22894736841967,669.0)
(43.230263157893354,668.0)
(43.23157894736703,669.0)
(43.23289473684072,668.0)
(43.234210526314406,668.0)
(43.235526315788086,669.0)
(43.23684210526177,668.0)
(43.23815789473546,669.0)
(43.239473684209145,668.0)
(43.240789473682824,669.0)
(43.24210526315651,668.0)
(43.2434210526302,668.0)
(43.244736842103876,668.0)
(43.24605263157756,669.0)
(43.24736842105125,668.0)
(43.24868421052493,668.0)
(43.249999999998614,668.0)
(43.249999999998614,669.0)
(43.25166666666528,668.0)
(43.253333333331945,668.0)
(43.25499999999862,668.0)
(43.25666666666528,668.0)
(43.25833333333195,668.0)
(43.25999999999861,668.0)
(43.26166666666528,668.0)
(43.26333333333195,667.0)
(43.264999999998615,668.0)
(43.26666666666528,668.0)
(43.268333333331945,668.0)
(43.26999999999861,668.0)
(43.27166666666528,669.0)
(43.27333333333195,669.0)
(43.27499999999861,669.0)
(43.27499999999861,668.0)
(43.27666666666528,667.0)
(43.27833333333194,669.0)
(43.279999999998616,669.0)
(43.28166666666528,668.0)
(43.283333333331946,668.0)
(43.28499999999861,668.0)
(43.286666666665276,668.0)
(43.28833333333195,668.0)
(43.289999999998614,668.0)
(43.29166666666528,668.0)
(43.293333333331944,668.0)
(43.29499999999861,668.0)
(43.29666666666528,668.0)
(43.29833333333195,669.0)
(43.29999999999861,668.0)
(43.29999999999861,668.0)
(43.3013888888875,668.0)
(43.30277777777639,668.0)
(43.30416666666528,669.0)
(43.305555555554164,669.0)
(43.306944444443054,668.0)
(43.308333333331944,668.0)
(43.309722222220834,668.0)
(43.311111111109724,668.0)
(43.31249999999861,668.0)
(43.3138888888875,668.0)
(43.31527777777639,668.0)
(43.31666666666528,668.0)
(43.31805555555417,668.0)
(43.31944444444306,668.0)
(43.32083333333195,668.0)
(43.32222222222083,668.0)
(43.32361111110972,668.0)
(43.32499999999861,668.0)
(43.32499999999861,668.0)
(43.3264705882339,668.0)
(43.327941176469196,668.0)
(43.329411764704496,668.0)
(43.33088235293979,667.0)
(43.33235294117508,668.0)
(43.333823529410374,669.0)
(43.33529411764567,668.0)
(43.33676470588096,668.0)
(43.33823529411626,667.0)
(43.33970588235155,668.0)
(43.341176470586845,668.0)
(43.34264705882214,668.0)
(43.34411764705743,668.0)
(43.34558823529272,668.0)
(43.34705882352802,668.0)
(43.348529411763316,668.0)
(43.34999999999861,668.0)
(43.34999999999861,669.0)
(43.351666666665274,668.0)
(43.35333333333194,668.0)
(43.35499999999861,668.0)
(43.35666666666528,668.0)
(43.35833333333194,668.0)
(43.35999999999861,667.0)
(43.36166666666527,669.0)
(43.363333333331944,668.0)
(43.36499999999861,668.0)
(43.366666666665274,668.0)
(43.36833333333194,668.0)
(43.369999999998605,669.0)
(43.37166666666528,669.0)
(43.37333333333194,668.0)
(43.37499999999861,669.0)
(43.37499999999861,668.0)
(43.3764705882339,669.0)
(43.37794117646919,669.0)
(43.37941176470449,669.0)
(43.380882352939786,668.0)
(43.38235294117508,668.0)
(43.38382352941037,668.0)
(43.385294117645664,667.0)
(43.38676470588096,668.0)
(43.38823529411626,668.0)
(43.38970588235155,668.0)
(43.39117647058684,668.0)
(43.392647058822135,668.0)
(43.39411764705743,668.0)
(43.39558823529272,668.0)
(43.39705882352802,668.0)
(43.39852941176331,668.0)
(43.399999999998606,668.0)
(43.399999999998606,668.0)
(43.40833333333194,668.0)
(43.41666666666527,668.0)
(43.424999999998604,669.0)
(43.424999999998604,668.0)
(43.42619047618908,668.0)
(43.42738095237956,668.0)
(43.42857142857003,669.0)
(43.42976190476051,669.0)
(43.430952380950984,667.0)
(43.432142857141464,669.0)
(43.43333333333194,668.0)
(43.43452380952241,667.0)
(43.43571428571289,668.0)
(43.436904761903364,668.0)
(43.438095238093844,668.0)
(43.43928571428432,668.0)
(43.4404761904748,669.0)
(43.44166666666527,668.0)
(43.44285714285574,668.0)
(43.44404761904622,669.0)
(43.4452380952367,668.0)
(43.44642857142718,668.0)
(43.44761904761765,668.0)
(43.44880952380813,668.0)
(43.4499999999986,668.0)
(43.4499999999986,667.0)
(43.45138888888749,668.0)
(43.45277777777638,668.0)
(43.45416666666527,668.0)
(43.455555555554156,669.0)
(43.456944444443046,668.0)
(43.458333333331936,668.0)
(43.459722222220826,668.0)
(43.461111111109716,669.0)
(43.4624999999986,668.0)
(43.46388888888749,668.0)
(43.46527777777638,668.0)
(43.46666666666527,669.0)
(43.46805555555416,667.0)
(43.46944444444305,668.0)
(43.47083333333194,669.0)
(43.47222222222082,668.0)
(43.47361111110971,669.0)
(43.4749999999986,668.0)
(43.4749999999986,668.0)
(43.47666666666527,668.0)
(43.47833333333193,668.0)
(43.479999999998604,669.0)
(43.48166666666527,668.0)
(43.483333333331935,669.0)
(43.4849999999986,668.0)
(43.486666666665265,668.0)
(43.48833333333194,668.0)
(43.4899999999986,668.0)
(43.49166666666527,668.0)
(43.49333333333193,668.0)
(43.4949999999986,669.0)
(43.49666666666527,669.0)
(43.498333333331935,668.0)
(43.4999999999986,668.0)
(43.4999999999986,668.0)
(43.50147058823389,669.0)
(43.502941176469186,669.0)
(43.504411764704486,668.0)
(43.50588235293978,668.0)
(43.50735294117507,668.0)
(43.508823529410364,668.0)
(43.51029411764566,668.0)
(43.51176470588095,668.0)
(43.51323529411625,669.0)
(43.51470588235154,669.0)
(43.516176470586835,668.0)
(43.51764705882213,668.0)
(43.51911764705742,668.0)
(43.52058823529271,668.0)
(43.52205882352801,668.0)
(43.523529411763306,669.0)
(43.5249999999986,669.0)
(43.5249999999986,668.0)
(43.52647058823389,669.0)
(43.527941176469184,669.0)
(43.529411764704484,668.0)
(43.53088235293978,668.0)
(43.53235294117507,668.0)
(43.53382352941036,667.0)
(43.535294117645655,668.0)
(43.53676470588095,668.0)
(43.53823529411625,668.0)
(43.53970588235154,669.0)
(43.541176470586834,669.0)
(43.542647058822126,668.0)
(43.54411764705742,669.0)
(43.54558823529271,669.0)
(43.54705882352801,668.0)
(43.548529411763305,669.0)
(43.5499999999986,668.0)
(43.5499999999986,668.0)
(43.55166666666526,668.0)
(43.55333333333193,669.0)
(43.5549999999986,668.0)
(43.556666666665265,668.0)
(43.55833333333193,668.0)
(43.559999999998595,669.0)
(43.56166666666526,668.0)
(43.56333333333193,668.0)
(43.5649999999986,668.0)
(43.56666666666526,668.0)
(43.56833333333193,668.0)
(43.56999999999859,668.0)
(43.571666666665266,668.0)
(43.57333333333193,668.0)
(43.574999999998596,668.0)
(43.574999999998596,668.0)
(43.57666666666526,669.0)
(43.578333333331926,668.0)
(43.5799999999986,668.0)
(43.581666666665264,668.0)
(43.58333333333193,669.0)
(43.584999999998594,668.0)
(43.58666666666526,668.0)
(43.58833333333193,668.0)
(43.5899999999986,668.0)
(43.59166666666526,667.0)
(43.59333333333193,668.0)
(43.59499999999859,669.0)
(43.596666666665264,667.0)
(43.59833333333193,668.0)
(43.599999999998595,668.0)
(43.599999999998595,668.0)
(43.60178571428431,668.0)
(43.60357142857002,669.0)
(43.60535714285574,668.0)
(43.607142857141454,668.0)
(43.608928571427164,668.0)
(43.61071428571288,668.0)
(43.61249999999859,668.0)
(43.61428571428431,668.0)
(43.616071428570024,669.0)
(43.61785714285573,668.0)
(43.61964285714145,669.0)
(43.62142857142717,668.0)
(43.623214285712876,668.0)
(43.62499999999859,668.0)
(43.62499999999859,668.0)
(43.626470588233886,668.0)
(43.62794117646918,668.0)
(43.62941176470448,668.0)
(43.63088235293977,668.0)
(43.632352941175064,668.0)
(43.63382352941036,668.0)
(43.63529411764565,670.0)
(43.63676470588094,669.0)
(43.63823529411624,668.0)
(43.639705882351535,668.0)
(43.64117647058683,668.0)
(43.64264705882212,668.0)
(43.64411764705741,668.0)
(43.645588235292706,668.0)
(43.647058823528006,668.0)
(43.6485294117633,667.0)
(43.64999999999859,669.0)
(43.64999999999859,667.0)
(43.65138888888748,669.0)
(43.65277777777637,668.0)
(43.65416666666526,668.0)
(43.655555555554145,668.0)
(43.656944444443035,668.0)
(43.658333333331925,669.0)
(43.659722222220815,669.0)
(43.661111111109705,668.0)
(43.66249999999859,668.0)
(43.66388888888748,668.0)
(43.66527777777637,668.0)
(43.66666666666526,668.0)
(43.66805555555415,669.0)
(43.66944444444304,668.0)
(43.67083333333193,668.0)
(43.67222222222081,669.0)
(43.6736111111097,668.0)
(43.67499999999859,668.0)
(43.67499999999859,668.0)
(43.67656249999859,668.0)
(43.67812499999859,668.0)
(43.67968749999859,668.0)
(43.68124999999859,669.0)
(43.68281249999859,668.0)
(43.68437499999859,668.0)
(43.68593749999859,668.0)
(43.68749999999859,668.0)
(43.68906249999859,668.0)
(43.69062499999859,668.0)
(43.69218749999859,668.0)
(43.69374999999859,668.0)
(43.695312499998586,668.0)
(43.69687499999859,668.0)
(43.69843749999859,669.0)
(43.69999999999859,668.0)
(43.69999999999859,669.0)
(43.701315789472275,668.0)
(43.702631578945955,667.0)
(43.70394736841964,669.0)
(43.70526315789333,667.0)
(43.70657894736701,668.0)
(43.70789473684069,667.0)
(43.70921052631438,668.0)
(43.71052631578806,668.0)
(43.711842105261745,668.0)
(43.71315789473543,668.0)
(43.71447368420912,668.0)
(43.7157894736828,669.0)
(43.71710526315648,668.0)
(43.71842105263017,668.0)
(43.71973684210385,669.0)
(43.721052631577535,669.0)
(43.72236842105122,668.0)
(43.7236842105249,668.0)
(43.72499999999859,669.0)
(43.72499999999859,669.0)
(43.726562499998586,667.0)
(43.728124999998585,668.0)
(43.72968749999859,668.0)
(43.73124999999859,668.0)
(43.73281249999859,669.0)
(43.734374999998586,667.0)
(43.735937499998585,668.0)
(43.73749999999859,668.0)
(43.73906249999859,668.0)
(43.74062499999859,669.0)
(43.742187499998586,669.0)
(43.743749999998585,668.0)
(43.74531249999858,669.0)
(43.74687499999859,667.0)
(43.74843749999859,668.0)
(43.749999999998586,668.0)
(43.749999999998586,668.0)
(43.751562499998585,669.0)
(43.75312499999858,668.0)
(43.75468749999859,668.0)
(43.75624999999859,668.0)
(43.757812499998586,668.0)
(43.759374999998585,667.0)
(43.76093749999858,668.0)
(43.76249999999858,668.0)
(43.76406249999859,668.0)
(43.765624999998586,668.0)
(43.767187499998585,669.0)
(43.76874999999858,668.0)
(43.77031249999858,669.0)
(43.77187499999859,668.0)
(43.773437499998586,669.0)
(43.774999999998585,668.0)
(43.774999999998585,668.0)
(43.77624999999858,669.0)
(43.77749999999858,669.0)
(43.77874999999858,668.0)
(43.77999999999859,668.0)
(43.781249999998586,668.0)
(43.782499999998585,669.0)
(43.783749999998584,668.0)
(43.78499999999858,668.0)
(43.78624999999858,668.0)
(43.78749999999859,667.0)
(43.788749999998586,668.0)
(43.789999999998585,668.0)
(43.791249999998584,667.0)
(43.79249999999858,668.0)
(43.79374999999858,668.0)
(43.79499999999858,668.0)
(43.79624999999859,667.0)
(43.797499999998585,668.0)
(43.798749999998584,669.0)
(43.79999999999858,668.0)
(43.79999999999858,668.0)
(43.80131578947227,669.0)
(43.80263157894595,667.0)
(43.803947368419635,668.0)
(43.80526315789332,668.0)
(43.806578947367,668.0)
(43.80789473684069,669.0)
(43.809210526314374,669.0)
(43.81052631578805,669.0)
(43.81184210526174,668.0)
(43.813157894735426,668.0)
(43.81447368420911,668.0)
(43.81578947368279,668.0)
(43.81710526315648,668.0)
(43.818421052630164,668.0)
(43.81973684210384,668.0)
(43.82105263157753,668.0)
(43.822368421051216,669.0)
(43.823684210524895,668.0)
(43.82499999999858,668.0)
(43.82499999999858,669.0)
(43.82638888888747,668.0)
(43.82777777777636,668.0)
(43.829166666665245,668.0)
(43.830555555554135,668.0)
(43.831944444443025,668.0)
(43.833333333331915,668.0)
(43.834722222220805,668.0)
(43.836111111109695,668.0)
(43.837499999998585,668.0)
(43.83888888888747,669.0)
(43.84027777777636,669.0)
(43.84166666666525,669.0)
(43.84305555555414,668.0)
(43.84444444444303,669.0)
(43.84583333333191,667.0)
(43.8472222222208,669.0)
(43.84861111110969,669.0)
(43.84999999999858,668.0)
(43.84999999999858,669.0)
(43.85156249999858,668.0)
(43.85312499999858,669.0)
(43.85468749999858,668.0)
(43.85624999999858,668.0)
(43.85781249999858,668.0)
(43.85937499999858,667.0)
(43.86093749999858,668.0)
(43.862499999998576,669.0)
(43.86406249999858,668.0)
(43.86562499999858,668.0)
(43.86718749999858,668.0)
(43.86874999999858,669.0)
(43.870312499998576,668.0)
(43.87187499999858,668.0)
(43.87343749999858,668.0)
(43.87499999999858,668.0)
(43.87499999999858,668.0)
(43.876666666665244,668.0)
(43.87833333333191,668.0)
(43.87999999999858,668.0)
(43.88166666666525,669.0)
(43.88333333333191,667.0)
(43.88499999999858,668.0)
(43.88666666666524,668.0)
(43.888333333331914,668.0)
(43.88999999999858,668.0)
(43.891666666665245,669.0)
(43.89333333333191,668.0)
(43.894999999998575,668.0)
(43.89666666666525,668.0)
(43.89833333333191,668.0)
(43.89999999999858,668.0)
(43.89999999999858,668.0)
(43.90166666666524,668.0)
(43.90333333333191,668.0)
(43.90499999999858,668.0)
(43.906666666665245,668.0)
(43.90833333333191,668.0)
(43.909999999998576,669.0)
(43.91166666666524,668.0)
(43.91333333333191,669.0)
(43.91499999999858,668.0)
(43.91666666666524,668.0)
(43.91833333333191,668.0)
(43.91999999999857,668.0)
(43.921666666665246,668.0)
(43.92333333333191,668.0)
(43.924999999998576,668.0)
(43.924999999998576,669.0)
(43.92647058823387,668.0)
(43.92794117646916,668.0)
(43.92941176470446,668.0)
(43.930882352939754,669.0)
(43.93235294117505,668.0)
(43.93382352941034,669.0)
(43.93529411764563,669.0)
(43.936764705880925,668.0)
(43.938235294116225,668.0)
(43.93970588235152,668.0)
(43.94117647058681,669.0)
(43.942647058822104,668.0)
(43.944117647057396,668.0)
(43.94558823529269,668.0)
(43.94705882352799,668.0)
(43.94852941176328,669.0)
(43.949999999998575,668.0)
(43.949999999998575,668.0)
(43.95166666666524,668.0)
(43.953333333331905,668.0)
(43.95499999999858,669.0)
(43.95666666666524,669.0)
(43.95833333333191,669.0)
(43.95999999999857,668.0)
(43.96166666666524,668.0)
(43.96333333333191,668.0)
(43.964999999998575,668.0)
(43.96666666666524,668.0)
(43.968333333331906,669.0)
(43.96999999999857,669.0)
(43.97166666666524,669.0)
(43.97333333333191,669.0)
(43.97499999999857,668.0)
(43.97499999999857,668.0)
(43.99999999999857,668.0)
(43.99999999999857,669.0)
(44.00192307692165,669.0)
(44.00384615384473,668.0)
(44.005769230767804,668.0)
(44.00769230769088,668.0)
(44.00961538461396,668.0)
(44.011538461537036,668.0)
(44.013461538460106,668.0)
(44.015384615383184,668.0)
(44.01730769230626,669.0)
(44.01923076922934,668.0)
(44.021153846152416,668.0)
(44.02307692307549,669.0)
(44.02499999999857,669.0)
(44.02499999999857,668.0)
(44.02999999999857,668.0)
(44.03499999999857,668.0)
(44.03999999999857,669.0)
(44.044999999998566,668.0)
(44.04999999999857,668.0)
(44.04999999999857,668.0)
(44.062499999998565,668.0)
(44.07499999999857,668.0)
(44.07499999999857,668.0)
(44.07727272727129,669.0)
(44.079545454544025,668.0)
(44.08181818181675,669.0)
(44.084090909089475,667.0)
(44.0863636363622,669.0)
(44.08863636363493,668.0)
(44.09090909090766,668.0)
(44.09318181818038,668.0)
(44.09545454545311,669.0)
(44.09772727272584,667.0)
(44.099999999998566,669.0)
(44.099999999998566,667.0)
(44.10147058823386,669.0)
(44.10294117646915,668.0)
(44.10441176470445,670.0)
(44.105882352939744,668.0)
(44.10735294117504,669.0)
(44.10882352941033,669.0)
(44.11029411764562,668.0)
(44.111764705880915,669.0)
(44.113235294116215,669.0)
(44.11470588235151,668.0)
(44.1161764705868,668.0)
(44.117647058822094,668.0)
(44.11911764705739,669.0)
(44.12058823529268,668.0)
(44.12205882352798,668.0)
(44.12352941176327,668.0)
(44.124999999998565,668.0)
(44.124999999998565,667.0)
(44.12857142856999,668.0)
(44.132142857141424,668.0)
(44.13571428571285,668.0)
(44.13928571428428,668.0)
(44.1428571428557,669.0)
(44.14642857142714,668.0)
(44.14999999999856,667.0)
(44.14999999999856,668.0)
(44.15124999999856,668.0)
(44.15249999999856,668.0)
(44.15374999999856,668.0)
(44.154999999998566,669.0)
(44.156249999998565,668.0)
(44.157499999998564,668.0)
(44.15874999999856,668.0)
(44.15999999999856,668.0)
(44.16124999999856,668.0)
(44.16249999999856,669.0)
(44.163749999998565,669.0)
(44.164999999998564,668.0)
(44.16624999999856,667.0)
(44.16749999999856,668.0)
(44.16874999999856,668.0)
(44.16999999999856,668.0)
(44.171249999998565,668.0)
(44.172499999998564,669.0)
(44.17374999999856,668.0)
(44.17499999999856,668.0)
(44.17499999999856,668.0)
(44.17631578947225,669.0)
(44.17763157894593,669.0)
(44.178947368419614,668.0)
(44.1802631578933,668.0)
(44.18157894736698,669.0)
(44.182894736840666,669.0)
(44.18421052631435,669.0)
(44.18552631578803,669.0)
(44.18684210526172,669.0)
(44.188157894735404,668.0)
(44.18947368420909,669.0)
(44.19078947368277,668.0)
(44.192105263156456,668.0)
(44.19342105263014,669.0)
(44.19473684210382,668.0)
(44.19605263157751,668.0)
(44.197368421051195,668.0)
(44.198684210524874,668.0)
(44.19999999999856,667.0)
(44.19999999999856,669.0)
(44.20131578947225,668.0)
(44.202631578945926,668.0)
(44.20394736841961,668.0)
(44.2052631578933,668.0)
(44.20657894736698,669.0)
(44.207894736840665,668.0)
(44.20921052631435,668.0)
(44.21052631578803,669.0)
(44.21184210526172,668.0)
(44.2131578947354,669.0)
(44.21447368420909,669.0)
(44.21578947368277,668.0)
(44.217105263156455,668.0)
(44.21842105263014,668.0)
(44.21973684210382,668.0)
(44.22105263157751,668.0)
(44.22236842105119,667.0)
(44.22368421052487,668.0)
(44.22499999999856,669.0)
(44.22499999999856,669.0)
(44.22499999999856,668.0)
(44.22638888888745,668.0)
(44.22777777777634,668.0)
(44.22916666666522,669.0)
(44.23055555555411,669.0)
(44.231944444443,668.0)
(44.23333333333189,669.0)
(44.23472222222078,669.0)
(44.23611111110967,668.0)
(44.23749999999856,668.0)
(44.238888888887445,668.0)
(44.240277777776335,668.0)
(44.241666666665225,668.0)
(44.243055555554115,668.0)
(44.244444444443005,668.0)
(44.24583333333189,669.0)
(44.24722222222078,668.0)
(44.24861111110967,667.0)
(44.24999999999856,668.0)
(44.24999999999856,668.0)
(44.25124999999856,668.0)
(44.252499999998555,668.0)
(44.253749999998554,668.0)
(44.25499999999856,669.0)
(44.25624999999856,668.0)
(44.25749999999856,668.0)
(44.25874999999856,668.0)
(44.259999999998556,668.0)
(44.261249999998554,668.0)
(44.26249999999855,668.0)
(44.26374999999856,668.0)
(44.26499999999856,669.0)
(44.26624999999856,668.0)
(44.267499999998556,669.0)
(44.268749999998555,669.0)
(44.269999999998554,668.0)
(44.27124999999856,669.0)
(44.27249999999856,668.0)
(44.27374999999856,668.0)
(44.274999999998556,668.0)
(44.274999999998556,669.0)
(44.276562499998555,668.0)
(44.27812499999855,668.0)
(44.27968749999856,668.0)
(44.28124999999856,668.0)
(44.282812499998556,669.0)
(44.284374999998555,667.0)
(44.28593749999855,668.0)
(44.28749999999856,668.0)
(44.28906249999856,667.0)
(44.290624999998556,668.0)
(44.292187499998555,668.0)
(44.29374999999855,668.0)
(44.29531249999855,669.0)
(44.29687499999856,668.0)
(44.298437499998556,668.0)
(44.299999999998555,668.0)
(44.299999999998555,668.0)
(44.31249999999855,668.0)
(44.32499999999855,669.0)
(44.32499999999855,669.0)
(44.326136363634916,669.0)
(44.32727272727128,668.0)
(44.32840909090764,668.0)
(44.32954545454401,668.0)
(44.33068181818037,669.0)
(44.331818181816736,668.0)
(44.3329545454531,668.0)
(44.33409090908946,669.0)
(44.335227272725824,668.0)
(44.33636363636219,668.0)
(44.337499999998556,668.0)
(44.33863636363492,668.0)
(44.33977272727128,668.0)
(44.340909090907644,668.0)
(44.34204545454401,668.0)
(44.34318181818037,668.0)
(44.34431818181673,668.0)
(44.345454545453094,668.0)
(44.346590909089464,669.0)
(44.34772727272583,669.0)
(44.34886363636219,668.0)
(44.34999999999855,668.0)
(44.34999999999855,669.0)
(44.351470588233845,669.0)
(44.35294117646914,668.0)
(44.35441176470444,668.0)
(44.35588235293973,668.0)
(44.35735294117502,668.0)
(44.358823529410316,668.0)
(44.36029411764561,668.0)
(44.3617647058809,669.0)
(44.3632352941162,668.0)
(44.364705882351494,668.0)
(44.36617647058679,668.0)
(44.36764705882208,669.0)
(44.36911764705737,668.0)
(44.370588235292665,669.0)
(44.372058823527965,668.0)
(44.37352941176326,668.0)
(44.37499999999855,668.0)
(44.37499999999855,669.0)
(44.37499999999855,669.0)
(44.38333333333188,668.0)
(44.391666666665216,668.0)
(44.39999999999855,668.0)
(44.39999999999855,669.0)
(44.402272727271274,668.0)
(44.40454545454401,668.0)
(44.40681818181673,668.0)
(44.40909090908946,668.0)
(44.41136363636218,669.0)
(44.413636363634915,669.0)
(44.41590909090764,669.0)
(44.418181818180365,668.0)
(44.42045454545309,669.0)
(44.42272727272582,668.0)
(44.42499999999855,668.0)
(44.42499999999855,668.0)
(44.42647058823384,669.0)
(44.42794117646913,668.0)
(44.42941176470443,668.0)
(44.430882352939726,667.0)
(44.43235294117502,668.0)
(44.43382352941031,668.0)
(44.435294117645604,669.0)
(44.4367647058809,668.0)
(44.4382352941162,668.0)
(44.43970588235149,668.0)
(44.44117647058678,668.0)
(44.442647058822075,669.0)
(44.44411764705737,668.0)
(44.44558823529266,668.0)
(44.44705882352796,669.0)
(44.44852941176325,668.0)
(44.449999999998546,668.0)
(44.449999999998546,668.0)
(44.454166666665216,668.0)
(44.45833333333188,668.0)
(44.46249999999854,668.0)
(44.46666666666521,668.0)
(44.47083333333188,668.0)
(44.474999999998545,668.0)
(44.474999999998545,668.0)
(44.47727272727127,669.0)
(44.479545454544,669.0)
(44.48181818181673,668.0)
(44.48409090908945,668.0)
(44.48636363636218,668.0)
(44.48863636363491,669.0)
(44.490909090907635,668.0)
(44.49318181818036,668.0)
(44.495454545453086,668.0)
(44.49772727272582,668.0)
(44.49999999999854,668.0)
(44.49999999999854,669.0)
(44.50131578947223,668.0)
(44.50263157894591,668.0)
(44.503947368419595,668.0)
(44.50526315789328,668.0)
(44.50657894736696,669.0)
(44.50789473684065,668.0)
(44.509210526314334,669.0)
(44.51052631578801,668.0)
(44.5118421052617,668.0)
(44.513157894735386,668.0)
(44.51447368420907,668.0)
(44.51578947368275,669.0)
(44.51710526315644,669.0)
(44.518421052630124,668.0)
(44.519736842103804,668.0)
(44.52105263157749,668.0)
(44.522368421051176,669.0)
(44.523684210524856,668.0)
(44.52499999999854,668.0)
(44.52499999999854,668.0)
(44.537499999998545,668.0)
(44.54999999999854,668.0)
(44.54999999999854,669.0)
(44.57499999999854,669.0)
(44.57499999999854,668.0)
(44.577272727271264,668.0)
(44.579545454544,669.0)
(44.58181818181672,668.0)
(44.58409090908945,668.0)
(44.58636363636217,669.0)
(44.588636363634905,668.0)
(44.59090909090763,669.0)
(44.593181818180355,668.0)
(44.59545454545308,669.0)
(44.59772727272581,668.0)
(44.59999999999854,668.0)
(44.59999999999854,669.0)
(44.601315789472224,667.0)
(44.6026315789459,668.0)
(44.60394736841959,668.0)
(44.605263157893276,668.0)
(44.606578947366955,668.0)
(44.60789473684064,668.0)
(44.60921052631433,668.0)
(44.61052631578801,668.0)
(44.611842105261694,668.0)
(44.61315789473538,668.0)
(44.61447368420907,669.0)
(44.615789473682746,669.0)
(44.61710526315643,668.0)
(44.61842105263012,669.0)
(44.6197368421038,669.0)
(44.621052631577484,668.0)
(44.62236842105117,668.0)
(44.62368421052485,668.0)
(44.624999999998536,668.0)
(44.624999999998536,669.0)
(44.6266666666652,668.0)
(44.62833333333187,668.0)
(44.62999999999854,668.0)
(44.631666666665204,669.0)
(44.63333333333187,669.0)
(44.634999999998534,668.0)
(44.6366666666652,668.0)
(44.63833333333187,668.0)
(44.63999999999854,668.0)
(44.6416666666652,668.0)
(44.64333333333187,668.0)
(44.64499999999853,668.0)
(44.646666666665205,668.0)
(44.64833333333187,668.0)
(44.649999999998535,668.0)
(44.649999999998535,669.0)
(44.652083333331866,668.0)
(44.654166666665205,668.0)
(44.656249999998536,668.0)
(44.65833333333187,668.0)
(44.6604166666652,668.0)
(44.66249999999853,668.0)
(44.66458333333187,668.0)
(44.6666666666652,668.0)
(44.66874999999853,669.0)
(44.67083333333187,668.0)
(44.6729166666652,668.0)
(44.67499999999853,669.0)
(44.67499999999853,669.0)
(44.687499999998536,668.0)
(44.69999999999853,667.0)
(44.69999999999853,667.0)
(44.701190476189005,669.0)
(44.702380952379485,668.0)
(44.70357142856996,668.0)
(44.70476190476044,669.0)
(44.70595238095091,669.0)
(44.70714285714139,668.0)
(44.708333333331865,669.0)
(44.70952380952234,669.0)
(44.71071428571282,669.0)
(44.71190476190329,668.0)
(44.71309523809377,668.0)
(44.714285714284244,668.0)
(44.715476190474725,668.0)
(44.7166666666652,668.0)
(44.71785714285567,668.0)
(44.71904761904615,669.0)
(44.720238095236624,668.0)
(44.721428571427104,668.0)
(44.72261904761758,669.0)
(44.72380952380806,668.0)
(44.72499999999853,668.0)
(44.72499999999853,668.0)
(44.72638888888742,668.0)
(44.72777777777631,669.0)
(44.72916666666519,668.0)
(44.73055555555408,669.0)
(44.73194444444297,668.0)
(44.73333333333186,669.0)
(44.73472222222075,669.0)
(44.73611111110964,668.0)
(44.73749999999853,668.0)
(44.738888888887416,669.0)
(44.740277777776306,669.0)
(44.741666666665196,669.0)
(44.743055555554086,669.0)
(44.744444444442976,668.0)
(44.74583333333186,668.0)
(44.74722222222075,669.0)
(44.74861111110964,668.0)
(44.74999999999853,669.0)
(44.74999999999853,669.0)
(44.75138888888742,668.0)
(44.75277777777631,668.0)
(44.7541666666652,669.0)
(44.75555555555408,669.0)
(44.75694444444297,668.0)
(44.75833333333186,668.0)
(44.75972222222075,668.0)
(44.76111111110964,668.0)
(44.762499999998525,668.0)
(44.763888888887415,668.0)
(44.765277777776305,668.0)
(44.766666666665195,669.0)
(44.768055555554085,668.0)
(44.769444444442975,668.0)
(44.770833333331865,668.0)
(44.77222222222075,668.0)
(44.77361111110964,668.0)
(44.77499999999853,669.0)
(44.77499999999853,668.0)
(44.77647058823382,668.0)
(44.77794117646911,668.0)
(44.77941176470441,668.0)
(44.780882352939706,667.0)
(44.782352941175,669.0)
(44.78382352941029,668.0)
(44.785294117645584,669.0)
(44.78676470588088,669.0)
(44.78823529411618,668.0)
(44.78970588235147,668.0)
(44.79117647058676,668.0)
(44.792647058822055,669.0)
(44.79411764705735,668.0)
(44.79558823529264,668.0)
(44.79705882352794,668.0)
(44.798529411763234,669.0)
(44.799999999998526,669.0)
(44.799999999998526,669.0)
(44.80833333333186,668.0)
(44.81666666666519,668.0)
(44.824999999998525,668.0)
(44.824999999998525,669.0)
(44.8269230769216,668.0)
(44.82884615384468,668.0)
(44.83076923076776,668.0)
(44.832692307690834,669.0)
(44.83461538461391,668.0)
(44.83653846153699,668.0)
(44.83846153846006,668.0)
(44.84038461538314,668.0)
(44.842307692306214,669.0)
(44.84423076922929,669.0)
(44.84615384615237,668.0)
(44.848076923075446,668.0)
(44.84999999999852,669.0)
(44.84999999999852,669.0)
(44.85178571428424,668.0)
(44.85357142856995,668.0)
(44.85535714285567,669.0)
(44.85714285714138,669.0)
(44.85892857142709,668.0)
(44.86071428571281,667.0)
(44.86249999999852,668.0)
(44.864285714284236,668.0)
(44.86607142856995,669.0)
(44.86785714285566,668.0)
(44.86964285714138,669.0)
(44.871428571427096,668.0)
(44.873214285712805,668.0)
(44.87499999999852,668.0)
(44.87499999999852,669.0)
(44.87638888888741,668.0)
(44.8777777777763,669.0)
(44.879166666665185,668.0)
(44.880555555554075,668.0)
(44.881944444442965,668.0)
(44.883333333331855,669.0)
(44.884722222220745,668.0)
(44.886111111109635,669.0)
(44.887499999998525,668.0)
(44.88888888888741,668.0)
(44.8902777777763,668.0)
(44.89166666666519,667.0)
(44.89305555555408,668.0)
(44.89444444444297,667.0)
(44.89583333333185,669.0)
(44.89722222222074,668.0)
(44.89861111110963,667.0)
(44.89999999999852,669.0)
(44.89999999999852,668.0)
(44.90131578947221,668.0)
(44.902631578945886,667.0)
(44.90394736841957,667.0)
(44.90526315789326,669.0)
(44.90657894736694,668.0)
(44.907894736840625,669.0)
(44.90921052631431,669.0)
(44.91052631578799,668.0)
(44.91184210526168,668.0)
(44.91315789473536,668.0)
(44.91447368420905,668.0)
(44.91578947368273,668.0)
(44.917105263156415,668.0)
(44.9184210526301,668.0)
(44.91973684210378,667.0)
(44.92105263157747,668.0)
(44.922368421051154,668.0)
(44.92368421052483,668.0)
(44.92499999999852,668.0)
(44.92499999999852,668.0)
(44.92638888888741,669.0)
(44.9277777777763,669.0)
(44.92916666666518,668.0)
(44.93055555555407,668.0)
(44.93194444444296,668.0)
(44.93333333333185,668.0)
(44.93472222222074,668.0)
(44.93611111110963,669.0)
(44.93749999999852,668.0)
(44.938888888887405,668.0)
(44.940277777776295,668.0)
(44.941666666665185,668.0)
(44.943055555554075,668.0)
(44.944444444442965,668.0)
(44.94583333333185,668.0)
(44.94722222222074,668.0)
(44.94861111110963,668.0)
(44.94999999999852,668.0)
(44.94999999999852,668.0)
(44.95138888888741,668.0)
(44.9527777777763,669.0)
(44.95416666666519,668.0)
(44.95555555555407,668.0)
(44.95694444444296,669.0)
(44.95833333333185,668.0)
(44.95972222222074,668.0)
(44.96111111110963,669.0)
(44.96249999999851,669.0)
(44.9638888888874,668.0)
(44.96527777777629,668.0)
(44.96666666666518,669.0)
(44.96805555555407,668.0)
(44.96944444444296,668.0)
(44.97083333333185,669.0)
(44.972222222220736,668.0)
(44.973611111109626,668.0)
(44.974999999998516,668.0)
(44.974999999998516,668.0)
(44.98749999999852,668.0)
(44.999999999998515,667.0)
(44.999999999998515,668.0)
(45.002083333331846,668.0)
(45.004166666665185,669.0)
(45.006249999998516,668.0)
(45.00833333333185,668.0)
(45.01041666666518,668.0)
(45.01249999999851,669.0)
(45.01458333333185,668.0)
(45.01666666666518,668.0)
(45.01874999999851,668.0)
(45.02083333333185,668.0)
(45.02291666666518,669.0)
(45.02499999999851,669.0)
(45.02499999999851,669.0)
(45.04999999999851,668.0)
(45.04999999999851,669.0)
(45.07499999999851,668.0)
(45.07499999999851,668.0)
(45.07708333333184,669.0)
(45.079166666665174,668.0)
(45.08124999999851,668.0)
(45.083333333331844,668.0)
(45.085416666665175,668.0)
(45.08749999999851,668.0)
(45.089583333331845,668.0)
(45.091666666665176,669.0)
(45.09374999999851,669.0)
(45.09583333333184,668.0)
(45.09791666666518,669.0)
(45.09999999999851,668.0)
(45.09999999999851,668.0)
(45.103124999998506,668.0)
(45.10624999999851,669.0)
(45.10937499999851,669.0)
(45.112499999998505,668.0)
(45.11562499999851,667.0)
(45.118749999998506,668.0)
(45.12187499999851,668.0)
(45.12499999999851,668.0)
(45.12499999999851,667.0)
(45.128124999998505,668.0)
(45.13124999999851,669.0)
(45.134374999998506,668.0)
(45.13749999999851,668.0)
(45.14062499999851,667.0)
(45.143749999998505,668.0)
(45.14687499999851,668.0)
(45.149999999998506,668.0)
