(25.049999999999645,682.2)
(25.049999999999645,681.853333)
(25.054999999999644,682.206667)
(25.059999999999643,682.253333)
(25.064999999999646,682.106667)
(25.069999999999645,682.293333)
(25.074999999999644,682.006667)
(25.074999999999644,682.413333)
(25.07916666666631,682.56)
(25.083333333332977,682.16)
(25.087499999999643,682.486667)
(25.09166666666631,682.586667)
(25.095833333332976,682.733333)
(25.099999999999643,682.373333)
(25.099999999999643,682.493333)
(25.10416666666631,682.24)
(25.108333333332975,682.44)
(25.112499999999642,682.193333)
(25.11666666666631,682.26)
(25.120833333332975,682.086667)
(25.12499999999964,682.133333)
(25.12499999999964,682.093333)
(25.12999999999964,681.986667)
(25.13499999999964,681.706667)
(25.13999999999964,682.04)
(25.14499999999964,681.886667)
(25.14999999999964,681.826667)
(25.14999999999964,681.92)
(25.154166666666306,682.046667)
(25.158333333332973,682.1)
(25.16249999999964,682.153333)
(25.166666666666305,682.133333)
(25.170833333332972,682.26)
(25.17499999999964,682.093333)
(25.17499999999964,682.046667)
(25.179999999999637,682.266667)
(25.184999999999636,682.14)
(25.18999999999964,682.4)
(25.194999999999638,682.213333)
(25.199999999999637,681.9)
(25.199999999999637,682.486667)
(25.204999999999636,682.026667)
(25.209999999999635,681.873333)
(25.214999999999637,682.186667)
(25.219999999999636,682.053333)
(25.224999999999635,682.18)
(25.224999999999635,681.846667)
(25.229166666666302,681.933333)
(25.23333333333297,682.22)
(25.237499999999635,681.873333)
(25.2416666666663,681.913333)
(25.245833333332968,682.18)
(25.249999999999634,681.993333)
(25.249999999999634,681.96)
(25.2541666666663,681.953333)
(25.258333333332967,682.306667)
(25.262499999999633,682.306667)
(25.2666666666663,682.12)
(25.270833333332966,682.02)
(25.274999999999633,681.793333)
(25.274999999999633,682.146667)
(25.27999999999963,682.186667)
(25.28499999999963,681.58)
(25.289999999999633,681.933333)
(25.294999999999632,682.16)
(25.29999999999963,681.993333)
(25.29999999999963,682.26)
(25.304166666666298,682.266667)
(25.308333333332964,682.133333)
(25.31249999999963,682.526667)
(25.316666666666297,682.393333)
(25.320833333332963,682.093333)
(25.32499999999963,682.3)
(25.32499999999963,682.26)
(25.32999999999963,681.906667)
(25.334999999999628,682.013333)
(25.33999999999963,681.833333)
(25.34499999999963,681.846667)
(25.34999999999963,682.12)
(25.34999999999963,682.433333)
(25.354166666666295,682.273333)
(25.35833333333296,682.026667)
(25.362499999999628,682.14)
(25.366666666666294,681.92)
(25.37083333333296,682.386667)
(25.374999999999627,681.226667)
(25.374999999999627,680.993333)
(25.379999999999626,680.493333)
(25.384999999999625,680.7)
(25.389999999999628,680.313333)
(25.394999999999627,680.193333)
(25.399999999999626,680.133333)
(25.399999999999626,680.126667)
(25.404166666666292,680.1)
(25.40833333333296,680.22)
(25.412499999999625,680.146667)
(25.41666666666629,680.086667)
(25.420833333332958,680.186667)
(25.424999999999624,680.166667)
(25.424999999999624,680.093333)
(25.428571428571054,680.286667)
(25.43214285714248,680.606667)
(25.43571428571391,680.246667)
(25.439285714285337,680.333333)
(25.442857142856766,680.726667)
(25.446428571428193,681.08)
(25.449999999999623,680.9)
(25.449999999999623,681.193333)
(25.45499999999962,681.46)
(25.45999999999962,681.466667)
(25.464999999999623,681.333333)
(25.469999999999622,681.146667)
(25.47499999999962,681.246667)
(25.47499999999962,681.113333)
(25.47857142857105,681.186667)
(25.482142857142478,681.38)
(25.485714285713907,681.473333)
(25.489285714285334,681.533333)
(25.492857142856764,681.653333)
(25.49642857142819,681.56)
(25.49999999999962,681.833333)
(25.49999999999962,681.52)
(25.504166666666286,681.886667)
(25.508333333332953,681.633333)
(25.51249999999962,681.706667)
(25.516666666666286,681.64)
(25.520833333332952,681.333333)
(25.52499999999962,681.613333)
(25.52499999999962,681.593333)
(25.529166666666285,681.68)
(25.53333333333295,681.56)
(25.537499999999618,681.833333)
(25.541666666666284,681.753333)
(25.54583333333295,681.846667)
(25.549999999999617,681.413333)
(25.549999999999617,681.613333)
(25.554999999999616,681.42)
(25.559999999999615,681.78)
(25.564999999999618,681.833333)
(25.569999999999617,681.82)
(25.574999999999616,681.553333)
(25.574999999999616,681.413333)
(25.579166666666282,681.706667)
(25.58333333333295,681.593333)
(25.587499999999615,681.82)
(25.59166666666628,681.873333)
(25.595833333332948,681.56)
(25.599999999999614,681.666667)
(25.599999999999614,681.633333)
(25.606249999999612,681.733333)
(25.612499999999613,681.813333)
(25.618749999999615,681.706667)
(25.624999999999613,681.793333)
(25.624999999999613,681.926667)
(25.624999999999613,682.033333)
(25.63124999999961,681.78)
(25.637499999999612,681.68)
(25.643749999999613,681.913333)
(25.64999999999961,682.006667)
(25.64999999999961,681.826667)
(25.64999999999961,681.866667)
(25.64999999999961,681.74)
(25.65357142857104,681.793333)
(25.657142857142468,681.986667)
(25.660714285713897,681.906667)
(25.664285714285324,681.946667)
(25.667857142856754,681.76)
(25.67142857142818,681.646667)
(25.67499999999961,681.8)
(25.67499999999961,681.786667)
(25.67999999999961,681.766667)
(25.684999999999608,681.96)
(25.68999999999961,681.726667)
(25.69499999999961,682.093333)
(25.69999999999961,682.08)
(25.69999999999961,681.786667)
(25.704166666666275,682.126667)
(25.70833333333294,681.96)
(25.712499999999608,681.64)
(25.716666666666274,681.906667)
(25.72083333333294,681.94)
(25.724999999999607,682.193333)
(25.724999999999607,681.873333)
(25.729999999999606,681.793333)
(25.734999999999605,681.733333)
(25.739999999999608,681.973333)
(25.744999999999607,681.746667)
(25.749999999999606,682.16)
(25.749999999999606,681.946667)
(25.754166666666272,681.746667)
(25.75833333333294,682.086667)
(25.762499999999605,681.86)
(25.76666666666627,682.06)
(25.770833333332938,681.873333)
(25.774999999999604,682.26)
(25.774999999999604,682.2)
(25.779999999999603,682.133333)
(25.784999999999602,681.94)
(25.789999999999605,681.453333)
(25.794999999999604,681.633333)
(25.799999999999603,681.26)
(25.799999999999603,681.206667)
(25.804999999999602,680.853333)
(25.8099999999996,680.853333)
(25.814999999999603,680.493333)
(25.819999999999602,680.393333)
(25.8249999999996,680.466667)
(25.8249999999996,680.253333)
(25.829166666666268,680.313333)
(25.833333333332934,680.18)
(25.8374999999996,680.2)
(25.841666666666267,680.26)
(25.845833333332934,680.253333)
(25.8499999999996,680.353333)
(25.8499999999996,680.293333)
(25.856249999999598,680.226667)
(25.8624999999996,680.226667)
(25.8687499999996,680.28)
(25.8749999999996,680.433333)
(25.8749999999996,680.366667)
(25.8749999999996,680.266667)
(25.87857142857103,680.286667)
(25.882142857142455,680.393333)
(25.885714285713885,680.346667)
(25.88928571428531,680.52)
(25.89285714285674,680.56)
(25.896428571428167,680.54)
(25.899999999999597,680.48)
(25.899999999999597,680.426667)
(25.904999999999596,680.4)
(25.909999999999595,680.28)
(25.914999999999598,680.48)
(25.919999999999597,680.54)
(25.924999999999596,680.413333)
(25.924999999999596,680.406667)
(25.929166666666262,680.393333)
(25.93333333333293,680.513333)
(25.937499999999595,680.406667)
(25.94166666666626,680.44)
(25.945833333332928,680.346667)
(25.949999999999594,680.54)
(25.949999999999594,680.533333)
(25.95416666666626,680.62)
(25.958333333332927,680.413333)
(25.962499999999594,680.553333)
(25.96666666666626,680.513333)
(25.970833333332926,680.646667)
(25.974999999999593,680.486667)
(25.974999999999593,680.54)
(25.974999999999593,680.546667)
(25.974999999999593,680.56)
(25.983333333332926,680.446667)
(25.99166666666626,680.646667)
(25.99999999999959,680.426667)
(25.99999999999959,680.413333)
(26.003124999999592,680.526667)
(26.00624999999959,680.76)
(26.00937499999959,680.56)
(26.01249999999959,680.546667)
(26.01562499999959,680.473333)
(26.018749999999592,680.54)
(26.02187499999959,680.66)
(26.02499999999959,680.553333)
(26.02499999999959,680.66)
(26.04999999999959,680.566667)
(26.04999999999959,680.506667)
(26.04999999999959,680.646667)
(26.062499999999588,680.553333)
(26.074999999999587,680.653333)
(26.074999999999587,680.493333)
(26.079166666666254,680.56)
(26.08333333333292,680.446667)
(26.087499999999586,680.513333)
(26.091666666666253,680.446667)
(26.09583333333292,680.26)
(26.099999999999586,680.346667)
(26.099999999999586,680.606667)
(26.104999999999585,680.546667)
(26.109999999999584,680.626667)
(26.114999999999586,680.686667)
(26.119999999999585,680.613333)
(26.124999999999584,680.593333)
(26.124999999999584,680.466667)
(26.12916666666625,680.66)
(26.133333333332917,680.48)
(26.137499999999584,680.553333)
(26.14166666666625,680.566667)
(26.145833333332916,680.373333)
(26.149999999999583,680.56)
(26.149999999999583,680.293333)
(26.15416666666625,680.773333)
(26.158333333332916,680.513333)
(26.162499999999582,680.54)
(26.16666666666625,680.246667)
(26.170833333332915,680.426667)
(26.17499999999958,680.426667)
(26.17499999999958,680.46)
(26.179166666666248,680.626667)
(26.183333333332914,680.34)
(26.18749999999958,680.413333)
(26.191666666666247,680.44)
(26.195833333332914,680.52)
(26.19999999999958,680.506667)
(26.19999999999958,680.326667)
(26.20357142857101,680.54)
(26.207142857142436,680.693333)
(26.210714285713866,680.6)
(26.214285714285293,680.38)
(26.217857142856722,680.34)
(26.22142857142815,680.293333)
(26.22499999999958,680.32)
(26.22499999999958,680.04)
(26.229999999999578,680.133333)
(26.234999999999577,680.04)
(26.23999999999958,680.093333)
(26.244999999999578,679.98)
(26.249999999999577,680.046667)
(26.249999999999577,679.993333)
(26.254166666666244,680.02)
(26.25833333333291,680.026667)
(26.262499999999577,679.973333)
(26.266666666666243,679.893333)
(26.27083333333291,679.913333)
(26.274999999999576,679.886667)
(26.274999999999576,679.913333)
(26.279999999999575,679.946667)
(26.284999999999574,679.786667)
(26.289999999999576,679.826667)
(26.294999999999575,679.76)
(26.299999999999574,679.7)
(26.299999999999574,679.68)
(26.30416666666624,679.58)
(26.308333333332907,679.553333)
(26.312499999999574,679.52)
(26.31666666666624,679.526667)
(26.320833333332907,679.466667)
(26.324999999999573,679.34)
(26.324999999999573,679.246667)
(26.329999999999572,679.173333)
(26.33499999999957,679.02)
(26.339999999999574,679.133333)
(26.344999999999573,678.973333)
(26.34999999999957,679.066667)
(26.34999999999957,678.953333)
(26.354166666666238,679.08)
(26.358333333332904,679.1)
(26.36249999999957,679.0)
(26.366666666666237,678.533333)
(26.370833333332904,678.546667)
(26.37499999999957,678.92)
(26.37499999999957,678.813333)
(26.37999999999957,678.84)
(26.384999999999568,678.86)
(26.38999999999957,678.946667)
(26.39499999999957,678.953333)
(26.39999999999957,678.98)
(26.39999999999957,678.653333)
(26.404166666666235,678.86)
(26.4083333333329,678.853333)
(26.412499999999568,678.773333)
(26.416666666666234,678.82)
(26.4208333333329,678.833333)
(26.424999999999567,678.58)
(26.424999999999567,678.56)
(26.429999999999566,678.766667)
(26.434999999999565,678.933333)
(26.439999999999568,678.806667)
(26.444999999999567,678.8)
(26.449999999999566,678.746667)
(26.449999999999566,678.92)
(26.454999999999565,678.76)
(26.459999999999564,678.826667)
(26.464999999999566,678.62)
(26.469999999999565,678.713333)
(26.474999999999564,678.966667)
(26.474999999999564,678.84)
(26.47916666666623,679.02)
(26.483333333332897,678.96)
(26.487499999999564,678.793333)
(26.49166666666623,678.846667)
(26.495833333332897,679.04)
(26.499999999999563,678.846667)
(26.499999999999563,678.793333)
(26.504999999999562,678.686667)
(26.50999999999956,678.826667)
(26.514999999999564,678.78)
(26.519999999999563,679.093333)
(26.52499999999956,678.926667)
(26.52499999999956,678.886667)
(26.52499999999956,678.413333)
(26.529166666666228,678.913333)
(26.533333333332894,679.06)
(26.53749999999956,678.686667)
(26.541666666666227,678.74)
(26.545833333332894,678.546667)
(26.54999999999956,678.933333)
(26.54999999999956,678.933333)
(26.55499999999956,678.786667)
(26.559999999999558,679.033333)
(26.56499999999956,678.9)
(26.56999999999956,678.66)
(26.57499999999956,679.14)
(26.57499999999956,679.08)
(26.579166666666225,678.966667)
(26.58333333333289,678.693333)
(26.587499999999558,678.8)
(26.591666666666224,678.853333)
(26.59583333333289,678.966667)
(26.599999999999557,679.006667)
(26.599999999999557,678.88)
(26.604999999999556,678.706667)
(26.609999999999555,678.64)
(26.614999999999558,678.973333)
(26.619999999999557,678.866667)
(26.624999999999556,679.033333)
(26.624999999999556,678.866667)
(26.629166666666222,678.786667)
(26.63333333333289,679.046667)
(26.637499999999555,679.006667)
(26.64166666666622,678.926667)
(26.645833333332888,678.92)
(26.649999999999554,678.953333)
(26.649999999999554,678.82)
(26.654999999999553,679.046667)
(26.659999999999553,678.62)
(26.664999999999555,678.306667)
(26.669999999999554,678.373333)
(26.674999999999553,678.88)
(26.674999999999553,678.32)
(26.67916666666622,677.853333)
(26.683333333332886,677.586667)
(26.687499999999552,677.28)
(26.69166666666622,677.18)
(26.695833333332885,677.133333)
(26.69999999999955,677.02)
(26.69999999999955,676.513333)
(26.70499999999955,676.346667)
(26.70999999999955,676.54)
(26.714999999999552,676.3)
(26.71999999999955,675.8)
(26.72499999999955,675.626667)
(26.72499999999955,674.813333)
(26.729166666666217,675.026667)
(26.733333333332883,674.293333)
(26.73749999999955,674.493333)
(26.741666666666216,674.4)
(26.745833333332882,674.086667)
(26.74999999999955,674.166667)
(26.74999999999955,674.146667)
(26.754166666666215,674.366667)
(26.75833333333288,674.1)
(26.762499999999548,674.073333)
(26.766666666666215,673.92)
(26.77083333333288,674.033333)
(26.774999999999547,674.16)
(26.774999999999547,674.06)
(26.781249999999545,673.853333)
(26.787499999999547,673.56)
(26.793749999999548,673.646667)
(26.799999999999546,673.826667)
(26.799999999999546,673.546667)
(26.799999999999546,673.4)
(26.804999999999545,673.333333)
(26.809999999999544,673.32)
(26.814999999999547,673.36)
(26.819999999999546,673.32)
(26.824999999999545,673.273333)
(26.824999999999545,673.346667)
(26.82916666666621,673.46)
(26.833333333332877,673.806667)
(26.837499999999544,673.453333)
(26.84166666666621,673.153333)
(26.845833333332877,673.28)
(26.849999999999543,673.22)
(26.849999999999543,673.506667)
(26.85416666666621,673.446667)
(26.858333333332876,673.366667)
(26.862499999999542,673.493333)
(26.86666666666621,673.746667)
(26.870833333332875,673.653333)
(26.87499999999954,673.493333)
(26.87499999999954,673.473333)
(26.879166666666208,673.52)
(26.883333333332875,673.313333)
(26.88749999999954,673.9)
(26.891666666666207,673.54)
(26.895833333332874,673.426667)
(26.89999999999954,673.473333)
(26.89999999999954,673.48)
(26.904166666666207,673.513333)
(26.908333333332873,673.413333)
(26.91249999999954,673.24)
(26.916666666666206,673.513333)
(26.920833333332872,673.386667)
(26.92499999999954,673.406667)
(26.92499999999954,673.566667)
(26.929999999999538,673.633333)
(26.934999999999537,673.446667)
(26.93999999999954,673.586667)
(26.94499999999954,673.573333)
(26.949999999999537,673.686667)
(26.949999999999537,673.526667)
(26.954166666666204,673.366667)
(26.95833333333287,673.32)
(26.962499999999537,673.493333)
(26.966666666666203,673.626667)
(26.97083333333287,673.166667)
(26.974999999999536,673.306667)
(26.974999999999536,673.52)
(26.979166666666202,673.526667)
(26.98333333333287,673.553333)
(26.987499999999535,673.44)
(26.9916666666662,673.36)
(26.995833333332868,673.433333)
(26.999999999999535,673.44)
(26.999999999999535,673.7)
(27.004999999999534,673.726667)
(27.009999999999533,673.466667)
(27.014999999999535,673.52)
(27.019999999999534,673.686667)
(27.024999999999533,673.7)
(27.024999999999533,673.54)
(27.0291666666662,673.626667)
(27.033333333332866,673.626667)
(27.037499999999532,673.553333)
(27.0416666666662,673.76)
(27.045833333332865,673.626667)
(27.04999999999953,673.786667)
(27.04999999999953,673.633333)
(27.054166666666198,673.64)
(27.058333333332865,673.893333)
(27.06249999999953,673.753333)
(27.066666666666197,673.373333)
(27.070833333332864,673.246667)
(27.07499999999953,673.52)
(27.07499999999953,673.22)
(27.07999999999953,673.08)
(27.08499999999953,673.466667)
(27.08999999999953,673.306667)
(27.09499999999953,673.62)
(27.09999999999953,673.4)
(27.09999999999953,673.466667)
(27.104166666666195,673.306667)
(27.10833333333286,673.546667)
(27.112499999999528,673.58)
(27.116666666666195,673.506667)
(27.12083333333286,673.526667)
(27.124999999999527,673.293333)
(27.124999999999527,673.22)
(27.129999999999526,673.133333)
(27.134999999999525,673.653333)
(27.139999999999528,673.506667)
(27.144999999999527,673.446667)
(27.149999999999526,673.393333)
(27.149999999999526,673.46)
(27.154166666666192,673.5)
(27.15833333333286,673.453333)
(27.162499999999525,673.3)
(27.166666666666192,673.366667)
(27.170833333332858,673.68)
(27.174999999999525,673.713333)
(27.174999999999525,673.7)
(27.178571428570955,673.72)
(27.18214285714238,673.666667)
(27.18571428571381,673.546667)
(27.189285714285237,673.686667)
(27.192857142856667,673.586667)
(27.196428571428093,673.953333)
(27.199999999999523,673.926667)
(27.199999999999523,674.3)
(27.204999999999522,674.04)
(27.20999999999952,674.24)
(27.214999999999524,674.433333)
(27.219999999999523,674.573333)
(27.224999999999522,674.986667)
(27.224999999999522,675.44)
(27.22916666666619,675.74)
(27.233333333332855,675.993333)
(27.23749999999952,675.973333)
(27.241666666666188,675.966667)
(27.245833333332854,676.533333)
(27.24999999999952,676.426667)
(27.24999999999952,676.44)
(27.254166666666187,676.28)
(27.258333333332853,676.566667)
(27.26249999999952,676.833333)
(27.266666666666186,676.946667)
(27.270833333332853,676.786667)
(27.27499999999952,677.28)
(27.27499999999952,677.393333)
(27.279166666666185,677.646667)
(27.283333333332852,677.9)
(27.28749999999952,677.966667)
(27.291666666666185,677.986667)
(27.29583333333285,678.04)
(27.299999999999518,678.4)
(27.299999999999518,678.44)
(27.304999999999517,678.626667)
(27.309999999999516,678.273333)
(27.314999999999518,678.46)
(27.319999999999517,678.24)
(27.324999999999516,678.693333)
(27.324999999999516,678.446667)
(27.329166666666183,678.266667)
(27.33333333333285,678.26)
(27.337499999999515,678.333333)
(27.341666666666182,678.44)
(27.34583333333285,678.486667)
(27.349999999999515,678.486667)
(27.349999999999515,678.333333)
(27.35416666666618,678.046667)
(27.358333333332848,678.193333)
(27.362499999999514,678.206667)
(27.36666666666618,678.28)
(27.370833333332847,677.966667)
(27.374999999999513,678.566667)
(27.374999999999513,678.386667)
(27.379999999999512,678.16)
(27.38499999999951,678.24)
(27.389999999999514,678.433333)
(27.394999999999513,678.453333)
(27.399999999999512,678.433333)
(27.399999999999512,678.613333)
(27.40416666666618,678.466667)
(27.408333333332845,678.493333)
(27.41249999999951,678.4)
(27.416666666666178,678.406667)
(27.420833333332844,678.7)
(27.42499999999951,678.406667)
(27.42499999999951,678.306667)
(27.42999999999951,678.373333)
(27.43499999999951,678.213333)
(27.43999999999951,678.493333)
(27.44499999999951,678.66)
(27.44999999999951,678.533333)
(27.44999999999951,678.54)
(27.454166666666175,678.34)
(27.458333333332842,678.753333)
(27.46249999999951,678.526667)
(27.466666666666175,678.466667)
(27.47083333333284,678.56)
(27.474999999999508,678.273333)
(27.474999999999508,678.42)
(27.479999999999507,678.666667)
(27.484999999999506,678.366667)
(27.489999999999508,678.213333)
(27.494999999999507,678.22)
(27.499999999999506,678.486667)
(27.499999999999506,678.566667)
(27.504166666666173,678.686667)
(27.50833333333284,678.38)
(27.512499999999505,678.453333)
(27.516666666666172,678.053333)
(27.52083333333284,678.54)
(27.524999999999505,678.466667)
(27.524999999999505,678.433333)
(27.528571428570935,678.44)
(27.53214285714236,678.22)
(27.53571428571379,678.52)
(27.539285714285217,678.713333)
(27.542857142856647,678.56)
(27.546428571428073,678.606667)
(27.549999999999503,678.14)
(27.549999999999503,678.446667)
(27.55416666666617,678.653333)
(27.558333333332836,678.84)
(27.562499999999503,678.56)
(27.56666666666617,678.446667)
(27.570833333332835,678.306667)
(27.574999999999502,678.56)
(27.574999999999502,678.606667)
(27.57916666666617,678.54)
(27.583333333332835,678.453333)
(27.5874999999995,678.12)
(27.591666666666168,678.7)
(27.595833333332834,678.486667)
(27.5999999999995,678.586667)
(27.5999999999995,678.44)
(27.6049999999995,678.493333)
(27.6099999999995,678.766667)
(27.6149999999995,678.826667)
(27.6199999999995,678.826667)
(27.6249999999995,678.8)
(27.6249999999995,678.78)
(27.629166666666165,678.753333)
(27.633333333332832,679.18)
(27.6374999999995,679.133333)
(27.641666666666165,679.04)
(27.64583333333283,679.06)
(27.649999999999498,679.113333)
(27.649999999999498,679.44)
(27.654999999999497,679.52)
(27.659999999999496,679.486667)
(27.664999999999498,679.64)
(27.669999999999497,679.66)
(27.674999999999496,679.64)
(27.674999999999496,679.646667)
(27.679166666666163,679.773333)
(27.68333333333283,679.78)
(27.687499999999496,679.74)
(27.691666666666162,679.813333)
(27.69583333333283,679.826667)
(27.699999999999495,679.773333)
(27.699999999999495,679.886667)
(27.704999999999494,680.006667)
(27.709999999999493,679.886667)
(27.714999999999495,679.98)
(27.719999999999494,680.073333)
(27.724999999999493,680.106667)
(27.724999999999493,680.173333)
(27.72916666666616,680.16)
(27.733333333332826,680.186667)
(27.737499999999493,680.286667)
(27.74166666666616,680.14)
(27.745833333332826,680.24)
(27.749999999999492,680.233333)
(27.749999999999492,680.226667)
(27.77499999999949,680.22)
(27.77499999999949,680.48)
(27.79999999999949,680.526667)
(27.79999999999949,680.353333)
(27.824999999999488,680.4)
(27.824999999999488,680.46)
(27.829166666666154,680.46)
(27.83333333333282,680.433333)
(27.837499999999487,680.446667)
(27.841666666666153,680.526667)
(27.84583333333282,680.586667)
(27.849999999999486,680.48)
(27.849999999999486,680.52)
(27.854166666666153,680.593333)
(27.85833333333282,680.606667)
(27.862499999999486,680.486667)
(27.866666666666152,680.426667)
(27.87083333333282,680.586667)
(27.874999999999485,680.446667)
(27.874999999999485,680.506667)
(27.879999999999484,680.66)
(27.884999999999483,680.446667)
(27.889999999999485,680.34)
(27.894999999999484,680.526667)
(27.899999999999483,680.446667)
(27.899999999999483,680.413333)
(27.904999999999482,680.186667)
(27.90999999999948,680.513333)
(27.914999999999484,680.313333)
(27.919999999999483,680.333333)
(27.924999999999482,680.493333)
(27.924999999999482,680.473333)
(27.92916666666615,680.48)
(27.933333333332815,680.46)
(27.93749999999948,680.4)
(27.941666666666148,680.386667)
(27.945833333332814,680.313333)
(27.94999999999948,680.446667)
(27.94999999999948,680.486667)
(27.95499999999948,680.393333)
(27.95999999999948,680.5)
(27.96499999999948,680.566667)
(27.96999999999948,680.4)
(27.97499999999948,680.426667)
(27.97499999999948,680.506667)
(27.979166666666146,680.406667)
(27.983333333332812,680.486667)
(27.98749999999948,680.306667)
(27.991666666666145,680.46)
(27.99583333333281,680.44)
(27.999999999999478,680.326667)
(27.999999999999478,680.38)
(28.004999999999477,680.453333)
(28.009999999999476,680.466667)
(28.01499999999948,680.533333)
(28.019999999999477,680.326667)
(28.024999999999476,680.513333)
(28.024999999999476,680.54)
(28.03333333333281,680.42)
(28.041666666666142,680.406667)
(28.049999999999475,680.466667)
(28.049999999999475,680.613333)
(28.062499999999474,680.5)
(28.074999999999473,680.56)
(28.074999999999473,680.506667)
(28.07916666666614,680.64)
(28.083333333332806,680.486667)
(28.087499999999473,680.773333)
(28.09166666666614,680.886667)
(28.095833333332806,680.993333)
(28.099999999999472,681.266667)
(28.099999999999472,681.166667)
(28.10499999999947,681.266667)
(28.10999999999947,681.5)
(28.114999999999473,682.04)
(28.11999999999947,682.42)
(28.12499999999947,682.673333)
(28.12499999999947,682.76)
(28.129166666666137,683.206667)
(28.133333333332804,682.92)
(28.13749999999947,683.673333)
(28.141666666666136,683.82)
(28.145833333332803,683.566667)
(28.14999999999947,683.126667)
(28.14999999999947,682.473333)
(28.15499999999947,682.02)
(28.159999999999467,682.233333)
(28.16499999999947,682.22)
(28.16999999999947,682.386667)
(28.174999999999468,682.086667)
(28.174999999999468,682.266667)
(28.181249999999466,682.273333)
(28.187499999999467,682.12)
(28.19374999999947,682.186667)
(28.199999999999466,682.62)
(28.199999999999466,682.513333)
(28.199999999999466,682.92)
(28.204999999999465,682.286667)
(28.209999999999464,682.5)
(28.214999999999467,682.546667)
(28.219999999999466,682.253333)
(28.224999999999465,682.26)
(28.224999999999465,681.653333)
(28.224999999999465,682.046667)
(28.229999999999464,681.866667)
(28.234999999999463,681.546667)
(28.239999999999466,681.64)
(28.244999999999465,681.533333)
(28.249999999999464,681.113333)
(28.249999999999464,681.206667)
(28.25416666666613,681.173333)
(28.258333333332796,680.913333)
(28.262499999999463,680.933333)
(28.26666666666613,680.78)
(28.270833333332796,680.74)
(28.274999999999462,681.006667)
(28.274999999999462,680.833333)
(28.27916666666613,680.786667)
(28.283333333332795,680.866667)
(28.28749999999946,680.846667)
(28.291666666666128,680.94)
(28.295833333332794,680.9)
(28.29999999999946,680.8)
(28.29999999999946,680.693333)
(28.304166666666127,680.713333)
(28.308333333332794,680.86)
(28.31249999999946,680.8)
(28.316666666666126,680.86)
(28.320833333332793,680.766667)
(28.32499999999946,680.546667)
(28.32499999999946,680.666667)
(28.32999999999946,680.54)
(28.334999999999457,680.68)
(28.33999999999946,680.76)
(28.34499999999946,680.76)
(28.349999999999458,680.873333)
(28.349999999999458,680.646667)
(28.354999999999457,680.746667)
(28.359999999999456,680.653333)
(28.36499999999946,680.686667)
(28.369999999999457,680.686667)
(28.374999999999456,680.66)
(28.374999999999456,680.486667)
(28.379166666666123,680.566667)
(28.38333333333279,680.58)
(28.387499999999456,680.573333)
(28.391666666666122,680.486667)
(28.39583333333279,680.666667)
(28.399999999999455,680.74)
(28.399999999999455,680.72)
(28.404999999999454,680.626667)
(28.409999999999453,680.633333)
(28.414999999999456,680.633333)
(28.419999999999455,680.726667)
(28.424999999999454,680.613333)
(28.424999999999454,680.806667)
(28.42916666666612,680.706667)
(28.433333333332786,680.566667)
(28.437499999999453,680.526667)
(28.44166666666612,680.693333)
(28.445833333332786,680.706667)
(28.449999999999452,680.686667)
(28.449999999999452,680.713333)
(28.45499999999945,680.6)
(28.45999999999945,680.7)
(28.464999999999453,680.566667)
(28.46999999999945,680.753333)
(28.47499999999945,680.6)
(28.47499999999945,680.666667)
(28.479166666666117,680.506667)
(28.483333333332784,680.46)
(28.48749999999945,680.573333)
(28.491666666666116,680.446667)
(28.495833333332783,680.52)
(28.49999999999945,680.706667)
(28.49999999999945,680.466667)
(28.50499999999945,680.633333)
(28.509999999999447,680.68)
(28.51499999999945,680.54)
(28.51999999999945,680.773333)
(28.524999999999448,680.48)
(28.524999999999448,680.166667)
(28.529999999999447,680.32)
(28.534999999999446,680.006667)
(28.53999999999945,680.113333)
(28.544999999999447,680.026667)
(28.549999999999446,680.12)
(28.549999999999446,680.146667)
(28.554166666666113,680.106667)
(28.55833333333278,680.113333)
(28.562499999999446,680.133333)
(28.566666666666112,680.133333)
(28.57083333333278,680.2)
(28.574999999999445,680.226667)
(28.574999999999445,680.293333)
(28.579999999999444,680.32)
(28.584999999999443,680.346667)
(28.589999999999446,680.426667)
(28.594999999999445,680.76)
(28.599999999999444,680.613333)
(28.599999999999444,680.92)
(28.60416666666611,681.206667)
(28.608333333332777,681.84)
(28.612499999999443,681.9)
(28.61666666666611,681.806667)
(28.620833333332776,681.62)
(28.624999999999442,681.966667)
(28.624999999999442,681.706667)
(28.62999999999944,681.92)
(28.63499999999944,682.18)
(28.639999999999443,682.393333)
(28.644999999999442,682.36)
(28.64999999999944,682.126667)
(28.64999999999944,682.113333)
(28.65499999999944,682.266667)
(28.65999999999944,682.206667)
(28.66499999999944,682.186667)
(28.66999999999944,682.326667)
(28.67499999999944,682.24)
(28.67499999999944,682.266667)
(28.679166666666106,682.233333)
(28.683333333332772,682.386667)
(28.68749999999944,682.08)
(28.691666666666105,682.373333)
(28.69583333333277,682.186667)
(28.699999999999438,682.333333)
(28.699999999999438,681.993333)
(28.704166666666104,681.946667)
(28.70833333333277,681.84)
(28.712499999999437,681.993333)
(28.716666666666104,682.253333)
(28.72083333333277,682.026667)
(28.724999999999437,681.973333)
(28.724999999999437,682.0)
(28.729166666666103,681.72)
(28.73333333333277,681.886667)
(28.737499999999436,681.74)
(28.741666666666102,681.96)
(28.74583333333277,681.94)
(28.749999999999435,681.733333)
(28.749999999999435,682.02)
(28.754999999999434,682.02)
(28.759999999999433,682.013333)
(28.764999999999436,682.08)
(28.769999999999435,681.88)
(28.774999999999434,681.84)
(28.774999999999434,681.906667)
(28.799999999999432,681.973333)
(28.799999999999432,681.786667)
(28.80624999999943,681.78)
(28.81249999999943,681.893333)
(28.818749999999433,681.993333)
(28.82499999999943,682.113333)
(28.82499999999943,681.973333)
(28.82999999999943,682.08)
(28.83499999999943,681.793333)
(28.83999999999943,681.786667)
(28.84499999999943,681.966667)
(28.84999999999943,682.04)
(28.84999999999943,682.406667)
(28.854166666666096,682.053333)
(28.858333333332762,682.053333)
(28.86249999999943,682.086667)
(28.866666666666095,681.98)
(28.87083333333276,682.053333)
(28.874999999999428,682.013333)
(28.874999999999428,682.126667)
(28.879999999999427,682.026667)
(28.884999999999426,681.9)
(28.88999999999943,681.713333)
(28.894999999999428,682.06)
(28.899999999999427,682.3)
(28.899999999999427,681.906667)
(28.904166666666093,681.833333)
(28.90833333333276,681.813333)
(28.912499999999426,681.96)
(28.916666666666092,682.02)
(28.92083333333276,681.94)
(28.924999999999425,681.96)
(28.924999999999425,682.106667)
(28.929999999999424,682.173333)
(28.934999999999423,681.926667)
(28.939999999999426,682.186667)
(28.944999999999425,681.846667)
(28.949999999999424,682.4)
(28.949999999999424,681.806667)
(28.949999999999424,682.046667)
(28.95624999999942,681.7)
(28.962499999999423,682.093333)
(28.968749999999424,682.02)
(28.974999999999422,681.993333)
(28.974999999999422,681.966667)
(28.978571428570852,682.18)
(28.98214285714228,682.053333)
(28.98571428571371,682.12)
(28.989285714285135,682.0)
(28.992857142856565,682.273333)
(28.99642857142799,681.8)
(28.99999999999942,681.78)
(28.99999999999942,681.966667)
(29.00499999999942,682.0)
(29.00999999999942,681.793333)
(29.01499999999942,682.06)
(29.01999999999942,682.266667)
(29.02499999999942,682.073333)
(29.02499999999942,681.913333)
(29.029166666666086,682.02)
(29.033333333332752,682.233333)
(29.03749999999942,681.92)
(29.041666666666085,682.16)
(29.04583333333275,682.22)
(29.049999999999418,681.913333)
(29.049999999999418,682.133333)
(29.054166666666084,681.813333)
(29.05833333333275,681.646667)
(29.062499999999417,681.693333)
(29.066666666666084,681.946667)
(29.07083333333275,681.76)
(29.074999999999417,681.78)
(29.074999999999417,682.18)
(29.079166666666083,682.06)
(29.08333333333275,682.1)
(29.087499999999416,682.12)
(29.091666666666082,682.093333)
(29.09583333333275,682.026667)
(29.099999999999415,681.973333)
(29.099999999999415,682.206667)
(29.104999999999414,682.32)
(29.109999999999413,681.933333)
(29.114999999999416,682.166667)
(29.119999999999415,682.04)
(29.124999999999414,682.14)
(29.124999999999414,681.9)
(29.12916666666608,682.026667)
(29.133333333332747,681.853333)
(29.137499999999413,681.92)
(29.14166666666608,681.906667)
(29.145833333332746,682.106667)
(29.149999999999412,681.86)
(29.149999999999412,681.946667)
(29.15416666666608,682.066667)
(29.158333333332745,682.213333)
(29.16249999999941,682.073333)
(29.166666666666078,681.76)
(29.170833333332745,682.06)
(29.17499999999941,682.213333)
(29.17499999999941,682.06)
(29.17999999999941,682.12)
(29.18499999999941,681.933333)
(29.18999999999941,681.973333)
(29.19499999999941,682.1)
(29.19999999999941,682.153333)
(29.19999999999941,682.313333)
(29.204166666666076,682.186667)
(29.208333333332742,682.106667)
(29.21249999999941,681.826667)
(29.216666666666075,681.893333)
(29.22083333333274,681.8)
(29.224999999999408,681.933333)
(29.224999999999408,681.993333)
(29.229999999999407,681.713333)
(29.234999999999406,681.76)
(29.23999999999941,681.646667)
(29.244999999999408,681.66)
(29.249999999999407,681.686667)
(29.249999999999407,681.92)
(29.254166666666073,681.813333)
(29.25833333333274,681.606667)
(29.262499999999406,681.773333)
(29.266666666666072,681.94)
(29.27083333333274,681.866667)
(29.274999999999405,681.9)
(29.274999999999405,681.973333)
(29.27916666666607,681.553333)
(29.283333333332738,681.66)
(29.287499999999405,681.673333)
(29.29166666666607,681.686667)
(29.295833333332737,681.773333)
(29.299999999999404,681.68)
(29.299999999999404,681.826667)
(29.304999999999403,681.8)
(29.309999999999402,681.773333)
(29.314999999999404,681.72)
(29.319999999999403,681.42)
(29.324999999999402,681.813333)
(29.324999999999402,682.0)
(29.32916666666607,681.813333)
(29.333333333332735,681.76)
(29.3374999999994,681.926667)
(29.341666666666068,681.92)
(29.345833333332735,681.78)
(29.3499999999994,681.68)
(29.3499999999994,681.553333)
(29.3549999999994,681.693333)
(29.3599999999994,681.86)
(29.3649999999994,681.693333)
(29.3699999999994,681.66)
(29.3749999999994,681.84)
(29.3749999999994,681.833333)
(29.379166666666066,682.146667)
(29.383333333332732,681.913333)
(29.3874999999994,682.366667)
(29.391666666666065,682.24)
(29.39583333333273,682.44)
(29.399999999999398,682.353333)
(29.399999999999398,682.066667)
(29.404999999999397,681.853333)
(29.409999999999396,681.773333)
(29.4149999999994,682.193333)
(29.419999999999398,681.966667)
(29.424999999999397,681.906667)
(29.424999999999397,682.266667)
(29.429999999999396,682.32)
(29.434999999999395,682.22)
(29.439999999999397,681.893333)
(29.444999999999396,681.986667)
(29.449999999999395,682.086667)
(29.449999999999395,682.32)
(29.45416666666606,681.78)
(29.458333333332728,681.853333)
(29.462499999999395,681.946667)
(29.46666666666606,681.806667)
(29.470833333332727,681.913333)
(29.474999999999394,681.906667)
(29.474999999999394,681.793333)
(29.479999999999393,681.68)
(29.484999999999392,681.766667)
(29.489999999999394,682.053333)
(29.494999999999393,681.753333)
(29.499999999999392,681.78)
(29.499999999999392,681.5)
(29.50499999999939,681.94)
(29.50999999999939,681.933333)
(29.514999999999393,681.686667)
(29.519999999999392,681.793333)
(29.52499999999939,681.806667)
(29.52499999999939,681.873333)
(29.529166666666057,681.726667)
(29.533333333332724,681.886667)
(29.53749999999939,681.646667)
(29.541666666666057,681.946667)
(29.545833333332723,681.84)
(29.54999999999939,681.88)
(29.54999999999939,681.853333)
(29.55499999999939,682.173333)
(29.559999999999388,681.786667)
(29.56499999999939,682.033333)
(29.56999999999939,681.853333)
(29.574999999999388,681.806667)
(29.574999999999388,682.033333)
(29.579166666666055,681.82)
(29.58333333333272,681.826667)
(29.587499999999388,681.753333)
(29.591666666666054,681.74)
(29.59583333333272,681.833333)
(29.599999999999387,681.726667)
(29.599999999999387,681.846667)
(29.604999999999386,681.866667)
(29.609999999999385,681.96)
(29.614999999999387,682.266667)
(29.619999999999386,681.96)
(29.624999999999385,681.96)
(29.624999999999385,681.8)
(29.629166666666052,681.926667)
(29.63333333333272,681.94)
(29.637499999999385,682.106667)
(29.64166666666605,682.146667)
(29.645833333332718,682.04)
(29.649999999999384,681.766667)
(29.649999999999384,682.0)
(29.65416666666605,681.793333)
(29.658333333332717,682.006667)
(29.662499999999383,681.68)
(29.66666666666605,682.033333)
(29.670833333332716,682.0)
(29.674999999999383,682.02)
(29.674999999999383,682.193333)
(29.683333333332715,682.226667)
(29.69166666666605,682.326667)
(29.69999999999938,682.34)
(29.69999999999938,682.146667)
(29.72499999999938,682.28)
(29.72499999999938,682.28)
(29.729166666666046,682.12)
(29.733333333332713,682.133333)
(29.73749999999938,681.94)
(29.741666666666045,681.866667)
(29.745833333332712,682.0)
(29.74999999999938,682.266667)
(29.74999999999938,682.12)
(29.754999999999377,681.566667)
(29.759999999999376,681.886667)
(29.76499999999938,682.06)
(29.769999999999378,681.9)
(29.774999999999377,682.06)
(29.774999999999377,682.1)
(29.779166666666043,681.906667)
(29.78333333333271,682.18)
(29.787499999999376,681.913333)
(29.791666666666043,681.813333)
(29.79583333333271,682.286667)
(29.799999999999375,681.973333)
(29.799999999999375,682.066667)
(29.804999999999374,682.153333)
(29.809999999999373,681.96)
(29.814999999999376,682.173333)
(29.819999999999375,682.033333)
(29.824999999999374,682.08)
(29.824999999999374,682.12)
(29.82916666666604,681.906667)
(29.833333333332707,682.213333)
(29.837499999999373,682.093333)
(29.84166666666604,681.84)
(29.845833333332706,681.62)
(29.849999999999373,681.74)
(29.849999999999373,681.926667)
(29.85499999999937,682.066667)
(29.85999999999937,682.026667)
(29.864999999999373,681.886667)
(29.869999999999372,681.933333)
(29.87499999999937,681.753333)
(29.87499999999937,682.22)
(29.879166666666038,682.08)
(29.883333333332704,681.78)
(29.88749999999937,681.966667)
(29.891666666666037,681.9)
(29.895833333332703,682.013333)
(29.89999999999937,682.1)
(29.89999999999937,682.013333)
(29.90499999999937,681.766667)
(29.909999999999368,682.386667)
(29.91499999999937,681.96)
(29.91999999999937,682.246667)
(29.92499999999937,682.073333)
(29.92499999999937,682.006667)
(29.929166666666035,682.3)
(29.9333333333327,682.193333)
(29.937499999999368,682.22)
(29.941666666666034,682.086667)
(29.9458333333327,682.086667)
(29.949999999999367,681.953333)
(29.949999999999367,682.066667)
(29.954999999999366,681.953333)
(29.959999999999365,682.2)
(29.964999999999367,681.873333)
(29.969999999999366,682.046667)
(29.974999999999365,682.066667)
(29.974999999999365,682.14)
(29.974999999999365,682.12)
(29.979999999999364,681.953333)
(29.984999999999363,681.886667)
(29.989999999999366,682.08)
(29.994999999999365,682.08)
(29.999999999999364,682.2)
(29.999999999999364,682.066667)
(30.004999999999363,681.72)
(30.009999999999362,682.113333)
(30.014999999999365,682.026667)
(30.019999999999364,681.8)
(30.024999999999363,682.153333)
(30.024999999999363,681.94)
(30.03124999999936,681.92)
(30.037499999999362,682.273333)
(30.043749999999363,682.113333)
(30.04999999999936,682.233333)
(30.04999999999936,681.84)
(30.07499999999936,682.026667)
