(5.0000000000000036,686.686667)
(5.0000000000000036,686.966667)
(5.0050000000000034,686.733333)
(5.010000000000003,686.693333)
(5.015000000000004,686.8)
(5.020000000000004,686.66)
(5.025000000000004,686.82)
(5.025000000000004,686.52)
(5.028125000000004,686.506667)
(5.0312500000000036,686.76)
(5.034375000000004,686.7)
(5.037500000000004,686.866667)
(5.040625000000004,686.846667)
(5.043750000000005,686.82)
(5.046875000000004,686.893333)
(5.050000000000004,686.773333)
(5.050000000000004,687.073333)
(5.054166666666671,686.733333)
(5.058333333333338,686.846667)
(5.062500000000004,686.866667)
(5.066666666666671,686.98)
(5.070833333333338,686.693333)
(5.075000000000005,686.84)
(5.075000000000005,686.753333)
(5.0800000000000045,686.706667)
(5.085000000000004,686.76)
(5.090000000000005,686.88)
(5.095000000000005,686.686667)
(5.100000000000005,686.72)
(5.100000000000005,686.586667)
(5.104166666666671,686.82)
(5.108333333333339,686.486667)
(5.112500000000005,686.526667)
(5.116666666666672,686.88)
(5.120833333333339,686.46)
(5.125000000000005,686.64)
(5.125000000000005,686.746667)
(5.129166666666672,686.773333)
(5.133333333333339,686.64)
(5.1375000000000055,686.8)
(5.141666666666672,686.56)
(5.145833333333339,686.56)
(5.150000000000006,686.666667)
(5.150000000000006,686.673333)
(5.153571428571435,686.713333)
(5.157142857142863,686.82)
(5.160714285714292,686.586667)
(5.16428571428572,686.8)
(5.167857142857149,686.746667)
(5.171428571428577,687.04)
(5.175000000000006,686.88)
(5.175000000000006,686.72)
(5.180000000000006,686.973333)
(5.185000000000006,687.06)
(5.190000000000007,686.846667)
(5.1950000000000065,686.7)
(5.200000000000006,686.733333)
(5.200000000000006,686.886667)
(5.204166666666673,686.626667)
(5.20833333333334,686.686667)
(5.212500000000007,686.673333)
(5.216666666666673,686.853333)
(5.22083333333334,686.653333)
(5.225000000000007,686.806667)
(5.225000000000007,686.993333)
(5.229166666666673,686.733333)
(5.2333333333333405,687.066667)
(5.237500000000007,687.08)
(5.241666666666673,686.993333)
(5.245833333333341,687.246667)
(5.250000000000007,688.213333)
(5.250000000000007,688.993333)
(5.2541666666666735,689.573333)
(5.258333333333341,690.22)
(5.262500000000007,690.013333)
(5.266666666666674,690.326667)
(5.270833333333341,690.12)
(5.2750000000000075,690.253333)
(5.2750000000000075,690.466667)
(5.280000000000007,690.713333)
(5.285000000000007,691.206667)
(5.290000000000008,691.293333)
(5.295000000000008,691.633333)
(5.300000000000008,691.986667)
(5.300000000000008,692.206667)
(5.303571428571437,692.226667)
(5.307142857142865,692.76)
(5.310714285714294,693.126667)
(5.314285714285722,694.06)
(5.317857142857151,693.453333)
(5.321428571428579,694.373333)
(5.325000000000008,694.48)
(5.325000000000008,694.346667)
(5.329166666666675,694.913333)
(5.333333333333342,695.693333)
(5.337500000000008,695.453333)
(5.341666666666675,695.606667)
(5.345833333333342,695.933333)
(5.3500000000000085,696.36)
(5.3500000000000085,696.3)
(5.353125000000008,696.42)
(5.356250000000008,696.78)
(5.359375000000009,696.46)
(5.362500000000009,696.466667)
(5.3656250000000085,696.553333)
(5.368750000000009,696.326667)
(5.371875000000009,696.393333)
(5.375000000000009,696.66)
(5.375000000000009,696.566667)
(5.383333333333343,696.466667)
(5.3916666666666755,696.406667)
(5.400000000000009,696.22)
(5.400000000000009,696.146667)
(5.42500000000001,696.393333)
(5.42500000000001,696.366667)
(5.428571428571439,696.413333)
(5.432142857142867,696.113333)
(5.435714285714296,696.366667)
(5.439285714285724,696.34)
(5.442857142857153,696.253333)
(5.446428571428581,696.313333)
(5.45000000000001,696.266667)
(5.45000000000001,696.253333)
(5.453571428571439,696.226667)
(5.457142857142867,695.946667)
(5.460714285714296,696.246667)
(5.464285714285724,696.053333)
(5.467857142857153,696.3)
(5.471428571428581,695.92)
(5.47500000000001,695.92)
(5.47500000000001,696.006667)
(5.479166666666677,696.0)
(5.483333333333344,696.253333)
(5.4875000000000105,695.98)
(5.491666666666677,696.093333)
(5.495833333333344,696.1)
(5.500000000000011,696.233333)
(5.500000000000011,696.046667)
(5.504166666666677,696.066667)
(5.508333333333344,695.826667)
(5.512500000000011,696.053333)
(5.516666666666677,695.673333)
(5.520833333333345,695.78)
(5.525000000000011,695.913333)
(5.525000000000011,696.113333)
(5.530000000000011,695.973333)
(5.535000000000011,695.966667)
(5.540000000000012,695.833333)
(5.5450000000000115,696.046667)
(5.550000000000011,695.88)
(5.550000000000011,695.886667)
(5.555000000000011,695.953333)
(5.560000000000011,695.706667)
(5.565000000000012,696.166667)
(5.570000000000012,695.866667)
(5.575000000000012,696.013333)
(5.575000000000012,696.213333)
(5.579166666666678,696.06)
(5.5833333333333455,696.26)
(5.587500000000012,696.173333)
(5.591666666666678,696.093333)
(5.595833333333346,696.013333)
(5.600000000000012,696.06)
(5.600000000000012,695.88)
(5.6041666666666785,695.98)
(5.608333333333346,695.913333)
(5.612500000000012,695.973333)
(5.616666666666679,695.84)
(5.620833333333346,695.866667)
(5.625000000000012,695.986667)
(5.625000000000012,695.893333)
(5.630000000000012,696.046667)
(5.635000000000012,696.026667)
(5.640000000000013,695.833333)
(5.645000000000013,695.92)
(5.650000000000013,695.7)
(5.650000000000013,695.533333)
(5.653571428571442,695.84)
(5.65714285714287,695.653333)
(5.660714285714299,695.766667)
(5.664285714285727,695.653333)
(5.667857142857156,695.786667)
(5.671428571428584,695.68)
(5.675000000000013,695.926667)
(5.675000000000013,695.92)
(5.680000000000013,695.946667)
(5.685000000000013,695.88)
(5.690000000000014,695.82)
(5.695000000000014,695.933333)
(5.7000000000000135,696.06)
(5.7000000000000135,696.033333)
(5.70416666666668,695.746667)
(5.708333333333347,697.4)
(5.712500000000014,698.98)
(5.71666666666668,699.453333)
(5.720833333333347,700.506667)
(5.725000000000014,701.68)
(5.725000000000014,701.846667)
(5.72916666666668,702.253333)
(5.733333333333348,702.52)
(5.737500000000014,702.686667)
(5.7416666666666805,702.846667)
(5.745833333333348,702.82)
(5.750000000000014,703.04)
(5.750000000000014,703.066667)
(5.755000000000014,703.306667)
(5.760000000000014,703.873333)
(5.765000000000015,704.173333)
(5.770000000000015,704.38)
(5.775000000000015,704.813333)
(5.775000000000015,704.693333)
(5.779166666666681,704.913333)
(5.783333333333348,705.24)
(5.787500000000015,705.14)
(5.791666666666681,705.24)
(5.7958333333333485,705.506667)
(5.800000000000015,705.366667)
(5.800000000000015,705.5)
(5.804166666666681,705.766667)
(5.808333333333349,705.946667)
(5.812500000000015,705.8)
(5.8166666666666815,706.033333)
(5.820833333333349,706.153333)
(5.825000000000015,705.713333)
(5.825000000000015,705.88)
(5.830000000000015,705.733333)
(5.835000000000015,705.84)
(5.840000000000016,705.873333)
(5.845000000000016,705.8)
(5.850000000000016,705.78)
(5.850000000000016,705.92)
(5.854166666666682,706.066667)
(5.858333333333349,705.906667)
(5.862500000000016,705.686667)
(5.866666666666682,706.0)
(5.87083333333335,705.773333)
(5.875000000000016,705.866667)
(5.875000000000016,706.113333)
(5.880000000000016,706.093333)
(5.885000000000016,706.173333)
(5.8900000000000166,706.006667)
(5.8950000000000164,705.926667)
(5.900000000000016,705.646667)
(5.900000000000016,706.08)
(5.904166666666683,706.126667)
(5.90833333333335,706.04)
(5.9125000000000165,706.18)
(5.916666666666683,706.02)
(5.92083333333335,705.793333)
(5.925000000000017,706.073333)
(5.925000000000017,706.546667)
(5.929166666666683,706.04)
(5.9333333333333504,706.12)
(5.937500000000017,706.313333)
(5.941666666666683,706.013333)
(5.945833333333351,705.906667)
(5.950000000000017,706.06)
(5.950000000000017,705.873333)
(5.955000000000017,706.026667)
(5.960000000000017,705.593333)
(5.965000000000018,705.68)
(5.9700000000000175,705.733333)
(5.975000000000017,705.746667)
(5.975000000000017,706.006667)
(5.979166666666684,705.88)
(5.983333333333351,706.033333)
(5.987500000000018,705.78)
(5.991666666666684,706.266667)
(5.995833333333351,706.186667)
(6.000000000000018,706.246667)
(6.000000000000018,705.973333)
(6.005000000000018,706.066667)
(6.0100000000000176,706.02)
(6.015000000000018,705.766667)
(6.020000000000018,705.86)
(6.025000000000018,705.82)
(6.025000000000018,705.666667)
(6.0291666666666845,705.88)
(6.033333333333352,705.933333)
(6.037500000000018,706.113333)
(6.041666666666685,705.713333)
(6.045833333333352,706.033333)
(6.0500000000000185,705.8)
(6.0500000000000185,706.113333)
(6.055000000000018,706.32)
(6.060000000000018,705.953333)
(6.065000000000019,705.793333)
(6.070000000000019,706.2)
(6.075000000000019,705.753333)
(6.075000000000019,705.613333)
(6.079166666666685,706.14)
(6.083333333333353,705.8)
(6.087500000000019,705.613333)
(6.091666666666685,705.853333)
(6.095833333333353,705.82)
(6.100000000000019,705.393333)
(6.100000000000019,705.926667)
(6.104166666666686,705.893333)
(6.108333333333353,705.786667)
(6.112500000000019,705.86)
(6.116666666666686,706.213333)
(6.120833333333353,705.733333)
(6.1250000000000195,705.893333)
(6.1250000000000195,706.106667)
(6.15000000000002,705.58)
(6.15000000000002,705.84)
(6.17500000000002,705.846667)
(6.17500000000002,705.76)
(6.200000000000021,705.666667)
(6.200000000000021,705.92)
(6.204166666666687,705.753333)
(6.208333333333354,705.913333)
(6.212500000000021,705.84)
(6.216666666666687,705.673333)
(6.2208333333333545,705.933333)
(6.225000000000021,705.66)
(6.225000000000021,705.713333)
(6.229166666666687,706.806667)
(6.233333333333355,706.166667)
(6.237500000000021,706.566667)
(6.241666666666688,706.693333)
(6.245833333333355,706.886667)
(6.250000000000021,707.073333)
(6.250000000000021,706.46)
(6.255000000000021,706.773333)
(6.260000000000021,706.886667)
(6.265000000000022,706.84)
(6.270000000000022,707.026667)
(6.275000000000022,707.14)
(6.275000000000022,706.74)
(6.279166666666688,706.9)
(6.283333333333355,706.9)
(6.287500000000022,707.18)
(6.291666666666688,706.926667)
(6.295833333333356,707.22)
(6.300000000000022,707.206667)
(6.300000000000022,707.0)
(6.305000000000022,707.113333)
(6.310000000000022,707.113333)
(6.315000000000023,707.313333)
(6.3200000000000225,707.486667)
(6.325000000000022,707.393333)
(6.325000000000022,707.346667)
(6.329166666666689,707.82)
(6.333333333333356,708.2)
(6.337500000000023,707.733333)
(6.341666666666689,708.126667)
(6.345833333333356,707.953333)
(6.350000000000023,707.7)
(6.350000000000023,707.853333)
(6.355000000000023,707.773333)
(6.3600000000000225,707.673333)
(6.365000000000023,707.82)
(6.370000000000023,708.006667)
(6.375000000000023,708.066667)
(6.375000000000023,707.9)
(6.378571428571452,707.913333)
(6.38214285714288,708.04)
(6.385714285714309,707.973333)
(6.389285714285737,708.36)
(6.392857142857166,708.233333)
(6.3964285714285944,708.026667)
(6.4000000000000234,708.0)
(6.4000000000000234,708.32)
(6.405000000000023,708.226667)
(6.410000000000023,707.953333)
(6.415000000000024,708.466667)
(6.420000000000024,708.12)
(6.425000000000024,708.0)
(6.425000000000024,708.213333)
(6.430000000000024,708.2)
(6.435000000000024,708.046667)
(6.440000000000024,708.486667)
(6.445000000000024,708.393333)
(6.450000000000024,707.933333)
(6.450000000000024,708.446667)
(6.454166666666691,708.36)
(6.458333333333358,708.28)
(6.462500000000024,708.433333)
(6.466666666666691,708.473333)
(6.470833333333358,708.053333)
(6.4750000000000245,708.38)
(6.4750000000000245,708.226667)
(6.479166666666691,708.266667)
(6.483333333333358,708.033333)
(6.487500000000025,708.326667)
(6.491666666666691,708.3)
(6.495833333333358,708.913333)
(6.500000000000025,708.466667)
(6.500000000000025,708.326667)
(6.505000000000025,708.6)
(6.510000000000025,708.586667)
(6.515000000000025,708.333333)
(6.520000000000025,708.346667)
(6.525000000000025,708.54)
(6.525000000000025,708.56)
(6.529166666666692,708.66)
(6.533333333333359,708.586667)
(6.537500000000025,708.486667)
(6.541666666666692,708.573333)
(6.545833333333359,708.253333)
(6.550000000000026,708.426667)
(6.550000000000026,708.413333)
(6.5550000000000255,708.313333)
(6.560000000000025,708.846667)
(6.565000000000026,708.333333)
(6.570000000000026,708.08)
(6.575000000000026,708.453333)
(6.575000000000026,708.506667)
(6.579166666666692,708.52)
(6.58333333333336,708.74)
(6.587500000000026,708.446667)
(6.5916666666666925,708.64)
(6.59583333333336,708.366667)
(6.600000000000026,708.233333)
(6.600000000000026,708.62)
(6.605000000000026,708.726667)
(6.610000000000026,708.233333)
(6.615000000000027,708.686667)
(6.620000000000027,708.386667)
(6.625000000000027,708.4)
(6.625000000000027,708.286667)
(6.6300000000000265,708.506667)
(6.635000000000026,708.453333)
(6.640000000000027,708.353333)
(6.645000000000027,708.433333)
(6.650000000000027,708.38)
(6.650000000000027,708.28)
(6.655000000000027,708.413333)
(6.660000000000027,708.4)
(6.665000000000028,708.333333)
(6.6700000000000275,708.473333)
(6.675000000000027,708.506667)
(6.675000000000027,708.36)
(6.6875000000000275,708.546667)
(6.700000000000028,708.826667)
(6.700000000000028,709.026667)
(6.700000000000028,708.426667)
(6.712500000000028,708.733333)
(6.725000000000028,708.64)
(6.725000000000028,708.8)
(6.7291666666666945,708.64)
(6.733333333333362,708.68)
(6.737500000000028,708.693333)
(6.741666666666695,709.04)
(6.745833333333362,708.906667)
(6.750000000000028,708.893333)
(6.750000000000028,709.013333)
(6.755000000000028,709.113333)
(6.760000000000028,708.993333)
(6.765000000000029,708.533333)
(6.770000000000029,708.853333)
(6.775000000000029,708.973333)
(6.775000000000029,709.186667)
(6.780000000000029,709.153333)
(6.785000000000029,709.193333)
(6.790000000000029,709.053333)
(6.795000000000029,709.173333)
(6.800000000000029,708.846667)
(6.800000000000029,708.84)
(6.804166666666696,709.3)
(6.808333333333363,709.42)
(6.812500000000029,709.12)
(6.816666666666696,708.893333)
(6.820833333333363,709.393333)
(6.8250000000000295,709.433333)
(6.8250000000000295,709.366667)
(6.830000000000029,709.36)
(6.835000000000029,709.24)
(6.84000000000003,709.313333)
(6.84500000000003,709.24)
(6.85000000000003,709.42)
(6.85000000000003,709.12)
(6.854166666666696,709.473333)
(6.858333333333364,709.426667)
(6.86250000000003,709.3)
(6.8666666666666965,709.246667)
(6.870833333333364,709.406667)
(6.87500000000003,708.973333)
(6.87500000000003,709.28)
(6.878571428571459,709.446667)
(6.882142857142887,709.58)
(6.885714285714316,709.193333)
(6.889285714285744,709.72)
(6.892857142857173,709.533333)
(6.8964285714286016,709.666667)
(6.9000000000000306,709.613333)
(6.9000000000000306,709.566667)
(6.904166666666697,709.56)
(6.908333333333364,709.68)
(6.912500000000031,709.54)
(6.916666666666697,709.433333)
(6.9208333333333645,709.866667)
(6.925000000000031,709.9)
(6.925000000000031,709.68)
(6.930000000000031,709.346667)
(6.935000000000031,709.586667)
(6.9400000000000315,709.293333)
(6.945000000000031,709.34)
(6.950000000000031,709.58)
(6.950000000000031,709.586667)
(6.954166666666698,709.366667)
(6.958333333333365,709.56)
(6.962500000000031,709.526667)
(6.966666666666698,709.58)
(6.970833333333365,709.493333)
(6.975000000000032,709.353333)
(6.975000000000032,709.58)
(6.979166666666698,709.586667)
(6.983333333333365,709.74)
(6.987500000000032,709.62)
(6.991666666666698,709.826667)
(6.9958333333333655,709.64)
(7.000000000000032,709.8)
(7.000000000000032,709.413333)
(7.005000000000032,709.353333)
(7.010000000000032,709.373333)
(7.0150000000000325,709.306667)
(7.020000000000032,709.773333)
(7.025000000000032,709.706667)
(7.025000000000032,709.52)
(7.033333333333366,709.466667)
(7.041666666666699,709.513333)
(7.050000000000033,709.613333)
(7.050000000000033,709.593333)
(7.062500000000033,709.7)
(7.075000000000033,709.533333)
(7.075000000000033,709.526667)
(7.081250000000033,709.853333)
(7.087500000000033,709.506667)
(7.093750000000034,709.693333)
(7.100000000000033,709.766667)
(7.100000000000033,709.7)
(7.125000000000034,709.56)
(7.125000000000034,709.686667)
(7.128571428571463,709.826667)
(7.132142857142891,709.78)
(7.13571428571432,709.98)
(7.139285714285748,710.066667)
(7.142857142857177,709.766667)
(7.146428571428605,709.533333)
(7.150000000000034,709.813333)
(7.150000000000034,709.413333)
(7.1541666666667005,709.44)
(7.158333333333368,709.92)
(7.162500000000034,709.593333)
(7.166666666666701,709.02)
(7.170833333333368,709.553333)
(7.1750000000000345,709.6)
(7.1750000000000345,709.38)
(7.180000000000034,709.693333)
(7.185000000000034,709.813333)
(7.190000000000035,709.546667)
(7.195000000000035,709.673333)
(7.200000000000035,709.62)
(7.200000000000035,709.473333)
(7.205000000000035,709.78)
(7.210000000000035,709.453333)
(7.215000000000035,709.673333)
(7.220000000000035,709.533333)
(7.225000000000035,709.666667)
(7.225000000000035,709.626667)
(7.228571428571464,709.573333)
(7.232142857142892,709.826667)
(7.235714285714321,709.346667)
(7.239285714285749,709.246667)
(7.242857142857178,709.766667)
(7.2464285714286065,709.72)
(7.2500000000000355,709.893333)
(7.2500000000000355,709.76)
(7.254166666666702,709.56)
(7.258333333333369,709.54)
(7.262500000000036,709.82)
(7.266666666666702,709.68)
(7.2708333333333695,709.486667)
(7.275000000000036,709.593333)
(7.275000000000036,709.726667)
(7.279166666666702,709.773333)
(7.28333333333337,709.733333)
(7.287500000000036,709.82)
(7.2916666666667025,709.666667)
(7.29583333333337,709.833333)
(7.300000000000036,710.086667)
(7.300000000000036,709.546667)
(7.305000000000036,709.493333)
(7.310000000000036,709.64)
(7.315000000000037,709.48)
(7.320000000000037,709.646667)
(7.325000000000037,709.793333)
(7.325000000000037,709.54)
(7.328571428571466,709.66)
(7.332142857142894,709.8)
(7.335714285714323,709.76)
(7.339285714285751,709.506667)
(7.34285714285718,709.52)
(7.346428571428608,709.773333)
(7.350000000000037,709.386667)
(7.350000000000037,709.633333)
(7.355000000000037,709.466667)
(7.360000000000037,709.713333)
(7.3650000000000375,709.84)
(7.370000000000037,709.913333)
(7.375000000000037,709.493333)
(7.375000000000037,709.193333)
(7.380000000000037,709.606667)
(7.385000000000037,709.466667)
(7.390000000000038,709.433333)
(7.395000000000038,709.9)
(7.400000000000038,710.033333)
(7.400000000000038,709.446667)
(7.404166666666704,709.68)
(7.408333333333371,709.573333)
(7.412500000000038,709.68)
(7.416666666666704,709.46)
(7.420833333333372,709.86)
(7.425000000000038,709.206667)
(7.425000000000038,709.38)
(7.428571428571467,709.393333)
(7.432142857142895,709.566667)
(7.435714285714324,709.666667)
(7.439285714285752,709.76)
(7.442857142857181,709.42)
(7.446428571428609,709.266667)
(7.450000000000038,709.753333)
(7.450000000000038,709.726667)
(7.455000000000038,709.426667)
(7.460000000000038,709.606667)
(7.465000000000039,709.686667)
(7.470000000000039,709.546667)
(7.475000000000039,709.386667)
(7.475000000000039,709.773333)
(7.480000000000039,709.533333)
(7.4850000000000385,709.653333)
(7.490000000000039,709.606667)
(7.495000000000039,709.793333)
(7.500000000000039,709.373333)
(7.500000000000039,709.713333)
(7.5041666666667055,709.553333)
(7.508333333333373,709.586667)
(7.512500000000039,709.713333)
(7.516666666666706,709.5)
(7.520833333333373,709.38)
(7.525000000000039,709.833333)
(7.525000000000039,709.72)
(7.530000000000039,709.66)
(7.535000000000039,709.72)
(7.54000000000004,709.766667)
(7.54500000000004,709.78)
(7.55000000000004,709.526667)
(7.55000000000004,709.613333)
(7.554166666666706,709.593333)
(7.5583333333333735,709.56)
(7.56250000000004,709.673333)
(7.566666666666706,709.366667)
(7.570833333333374,709.646667)
(7.57500000000004,709.566667)
(7.57500000000004,709.68)
(7.58000000000004,709.733333)
(7.58500000000004,709.78)
(7.590000000000041,709.753333)
(7.595000000000041,709.52)
(7.6000000000000405,709.586667)
(7.6000000000000405,709.88)
(7.604166666666707,709.58)
(7.608333333333374,709.686667)
(7.612500000000041,709.873333)
(7.616666666666707,709.7)
(7.620833333333374,709.433333)
(7.625000000000041,709.44)
(7.625000000000041,709.72)
(7.629166666666707,709.846667)
(7.633333333333375,710.006667)
(7.637500000000041,710.006667)
(7.6416666666667075,709.553333)
(7.645833333333375,709.526667)
(7.650000000000041,709.446667)
(7.650000000000041,709.72)
(7.655000000000041,709.633333)
(7.660000000000041,709.773333)
(7.665000000000042,709.6)
(7.670000000000042,709.4)
(7.675000000000042,709.853333)
(7.675000000000042,709.666667)
(7.678571428571471,710.04)
(7.682142857142899,710.0)
(7.685714285714328,709.793333)
(7.689285714285756,709.606667)
(7.692857142857185,709.933333)
(7.696428571428613,709.793333)
(7.700000000000042,709.72)
(7.700000000000042,709.933333)
(7.705000000000042,709.753333)
(7.710000000000042,709.446667)
(7.7150000000000425,709.453333)
(7.720000000000042,709.5)
(7.725000000000042,709.633333)
(7.725000000000042,709.646667)
(7.729166666666709,709.466667)
(7.733333333333376,709.913333)
(7.7375000000000425,709.533333)
(7.741666666666709,709.806667)
(7.745833333333376,709.766667)
(7.750000000000043,709.906667)
(7.750000000000043,710.106667)
(7.754166666666709,709.733333)
(7.758333333333376,709.84)
(7.762500000000043,709.54)
(7.766666666666709,709.713333)
(7.770833333333377,709.953333)
(7.775000000000043,709.773333)
(7.775000000000043,709.746667)
(7.780000000000043,710.013333)
(7.785000000000043,709.873333)
(7.790000000000044,709.96)
(7.7950000000000434,709.6)
(7.800000000000043,709.82)
(7.800000000000043,709.96)
(7.80416666666671,710.206667)
(7.808333333333377,709.9)
(7.8125000000000435,709.786667)
(7.81666666666671,709.673333)
(7.820833333333377,709.766667)
(7.825000000000044,709.8)
(7.825000000000044,709.906667)
(7.837500000000044,709.64)
(7.850000000000044,709.78)
(7.850000000000044,709.906667)
(7.862500000000044,709.86)
(7.875000000000044,710.12)
(7.875000000000044,709.973333)
(7.880000000000044,709.966667)
(7.885000000000044,709.74)
(7.890000000000045,709.8)
(7.895000000000045,709.92)
(7.900000000000045,709.813333)
(7.900000000000045,710.006667)
(7.900000000000045,709.566667)
(7.904166666666711,709.813333)
(7.9083333333333785,709.7)
(7.912500000000045,709.906667)
(7.916666666666711,709.586667)
(7.920833333333379,710.026667)
(7.925000000000045,709.946667)
(7.925000000000045,709.986667)
(7.9291666666667115,709.893333)
(7.933333333333379,709.926667)
(7.937500000000045,709.933333)
(7.941666666666712,709.766667)
(7.945833333333379,710.226667)
(7.9500000000000455,709.92)
(7.9500000000000455,709.706667)
(7.954166666666712,709.853333)
(7.958333333333379,709.713333)
(7.962500000000046,709.62)
(7.966666666666712,709.813333)
(7.970833333333379,710.093333)
(7.975000000000046,709.613333)
(7.975000000000046,709.793333)
(7.980000000000046,709.7)
(7.985000000000046,709.586667)
(7.990000000000046,709.946667)
(7.995000000000046,709.373333)
(8.000000000000046,709.68)
(8.000000000000046,709.433333)
(8.004166666666713,709.833333)
(8.008333333333379,709.826667)
(8.012500000000045,709.833333)
(8.016666666666714,709.906667)
(8.02083333333338,709.806667)
(8.025000000000047,709.726667)
(8.025000000000047,709.72)
(8.029166666666713,709.893333)
(8.03333333333338,709.893333)
(8.037500000000048,710.033333)
(8.041666666666714,710.22)
(8.04583333333338,709.853333)
(8.050000000000047,709.953333)
(8.050000000000047,709.906667)
(8.055000000000048,710.06)
(8.060000000000047,709.933333)
(8.065000000000047,709.933333)
(8.070000000000046,710.013333)
(8.075000000000047,709.42)
(8.075000000000047,709.966667)
(8.079166666666714,709.573333)
(8.08333333333338,709.833333)
(8.087500000000048,709.413333)
(8.091666666666715,709.893333)
(8.095833333333381,709.406667)
(8.100000000000048,709.48)
(8.100000000000048,709.873333)
(8.104166666666714,709.693333)
(8.10833333333338,709.573333)
(8.112500000000047,709.493333)
(8.116666666666715,709.386667)
(8.120833333333382,709.42)
(8.125000000000048,709.56)
(8.125000000000048,709.526667)
(8.130000000000049,709.54)
(8.135000000000048,709.333333)
(8.140000000000049,709.386667)
(8.145000000000048,709.453333)
(8.150000000000048,709.353333)
(8.150000000000048,709.613333)
(8.154166666666715,709.473333)
(8.158333333333381,709.92)
(8.162500000000048,709.6)
(8.166666666666716,709.253333)
(8.170833333333382,709.326667)
(8.175000000000049,709.46)
(8.175000000000049,709.513333)
(8.18000000000005,709.566667)
(8.185000000000048,709.586667)
(8.19000000000005,709.466667)
(8.195000000000048,709.066667)
(8.200000000000049,709.426667)
(8.200000000000049,709.533333)
(8.204166666666715,709.42)
(8.208333333333382,709.673333)
(8.212500000000048,709.706667)
(8.216666666666717,709.48)
(8.220833333333383,709.506667)
(8.22500000000005,709.82)
(8.22500000000005,709.706667)
(8.23000000000005,709.52)
(8.23500000000005,709.606667)
(8.24000000000005,709.32)
(8.245000000000049,709.453333)
(8.25000000000005,709.506667)
(8.25000000000005,709.62)
(8.254166666666716,709.546667)
(8.258333333333383,709.72)
(8.262500000000049,709.8)
(8.266666666666717,709.366667)
(8.270833333333384,709.333333)
(8.27500000000005,709.286667)
(8.27500000000005,709.46)
(8.279166666666717,709.593333)
(8.283333333333383,709.686667)
(8.287500000000051,709.426667)
(8.291666666666718,709.3)
(8.295833333333384,709.6)
(8.30000000000005,709.373333)
(8.30000000000005,709.48)
(8.305000000000051,709.533333)
(8.31000000000005,709.44)
(8.315000000000051,709.353333)
(8.32000000000005,709.553333)
(8.32500000000005,709.633333)
(8.32500000000005,709.4)
(8.330000000000052,709.42)
(8.33500000000005,709.453333)
(8.340000000000051,709.26)
(8.34500000000005,709.193333)
(8.350000000000051,709.533333)
(8.350000000000051,709.3)
(8.35357142857148,709.68)
(8.35714285714291,709.62)
(8.360714285714337,709.58)
(8.364285714285765,709.313333)
(8.367857142857194,709.346667)
(8.371428571428623,709.466667)
(8.375000000000052,709.666667)
(8.375000000000052,709.526667)
(8.380000000000052,709.846667)
(8.385000000000051,709.126667)
(8.390000000000052,707.266667)
(8.395000000000051,709.213333)
(8.400000000000052,707.826667)
(8.400000000000052,707.466667)
(8.425000000000052,707.386667)
(8.425000000000052,707.0)
(8.431250000000052,706.933333)
(8.437500000000053,706.966667)
(8.443750000000053,706.906667)
(8.450000000000053,706.78)
(8.450000000000053,706.913333)
(8.454166666666719,706.56)
(8.458333333333385,706.073333)
(8.462500000000052,705.493333)
(8.46666666666672,703.866667)
(8.470833333333387,704.44)
(8.475000000000053,703.7)
(8.475000000000053,703.473333)
(8.500000000000053,701.773333)
(8.500000000000053,700.013333)
(8.500000000000053,700.386667)
(8.508333333333386,699.62)
(8.51666666666672,699.006667)
(8.525000000000054,697.62)
(8.525000000000054,696.24)
(8.525000000000054,695.373333)
(8.530000000000054,694.893333)
(8.535000000000053,694.266667)
(8.540000000000054,693.993333)
(8.545000000000053,694.046667)
(8.550000000000054,693.866667)
(8.550000000000054,693.746667)
(8.55416666666672,693.74)
(8.558333333333387,693.906667)
(8.562500000000053,693.6)
(8.566666666666721,693.866667)
(8.570833333333388,693.613333)
(8.575000000000054,693.6)
(8.575000000000054,693.886667)
(8.580000000000055,693.62)
(8.585000000000054,693.68)
(8.590000000000055,693.686667)
(8.595000000000054,693.38)
(8.600000000000055,693.566667)
(8.600000000000055,693.706667)
(8.604166666666721,693.786667)
(8.608333333333388,693.58)
(8.612500000000054,693.8)
(8.616666666666722,693.6)
(8.620833333333389,693.826667)
(8.625000000000055,693.733333)
(8.625000000000055,693.62)
(8.629166666666721,693.713333)
(8.633333333333388,693.753333)
(8.637500000000056,693.813333)
(8.641666666666723,693.673333)
(8.645833333333389,693.86)
(8.650000000000055,693.74)
(8.650000000000055,693.846667)
(8.654166666666722,693.76)
(8.658333333333388,693.606667)
(8.662500000000055,693.993333)
(8.666666666666723,693.666667)
(8.67083333333339,693.98)
(8.675000000000056,693.8)
(8.675000000000056,693.726667)
(8.680000000000057,693.906667)
(8.685000000000056,693.866667)
(8.690000000000056,693.813333)
(8.695000000000055,693.626667)
(8.700000000000056,693.613333)
(8.700000000000056,693.733333)
(8.703571428571484,693.446667)
(8.707142857142914,693.7)
(8.710714285714342,693.893333)
(8.71428571428577,693.413333)
(8.717857142857198,693.793333)
(8.721428571428628,693.966667)
(8.725000000000056,694.0)
(8.725000000000056,693.82)
(8.730000000000057,693.893333)
(8.735000000000056,693.913333)
(8.740000000000057,693.9)
(8.745000000000056,693.913333)
(8.750000000000057,693.966667)
(8.750000000000057,694.026667)
(8.754166666666723,693.686667)
(8.75833333333339,693.753333)
(8.762500000000056,693.766667)
(8.766666666666724,693.68)
(8.77083333333339,693.973333)
(8.775000000000057,693.766667)
(8.775000000000057,693.866667)
(8.779166666666724,693.9)
(8.78333333333339,693.88)
(8.787500000000058,693.766667)
(8.791666666666725,693.813333)
(8.795833333333391,693.706667)
(8.800000000000058,694.053333)
(8.800000000000058,693.64)
(8.805000000000058,693.68)
(8.810000000000057,693.54)
(8.815000000000058,693.666667)
(8.820000000000057,693.846667)
(8.825000000000058,693.72)
(8.825000000000058,693.846667)
(8.829166666666724,692.953333)
(8.83333333333339,690.806667)
(8.837500000000059,691.586667)
(8.841666666666725,690.433333)
(8.845833333333392,690.053333)
(8.850000000000058,689.973333)
(8.850000000000058,689.76)
(8.854166666666725,689.426667)
(8.858333333333391,689.52)
(8.862500000000058,689.34)
(8.866666666666726,689.293333)
(8.870833333333392,689.113333)
(8.875000000000059,688.993333)
(8.875000000000059,688.78)
(8.879166666666725,688.333333)
(8.883333333333391,688.213333)
(8.88750000000006,688.66)
(8.891666666666726,688.213333)
(8.895833333333393,687.9)
(8.900000000000059,687.993333)
(8.900000000000059,688.106667)
(8.904166666666725,687.78)
(8.908333333333392,687.726667)
(8.912500000000058,687.82)
(8.916666666666726,687.773333)
(8.920833333333393,687.893333)
(8.92500000000006,687.853333)
(8.92500000000006,687.74)
(8.929166666666726,687.766667)
(8.933333333333392,687.64)
(8.93750000000006,687.853333)
(8.941666666666727,687.573333)
(8.945833333333393,687.74)
(8.95000000000006,687.626667)
(8.95000000000006,687.726667)
(8.95500000000006,687.72)
(8.96000000000006,687.713333)
(8.96500000000006,687.533333)
(8.97000000000006,687.693333)
(8.97500000000006,687.56)
(8.97500000000006,687.74)
(8.979166666666726,687.273333)
(8.983333333333393,687.34)
(8.987500000000061,687.646667)
(8.991666666666728,687.546667)
(8.995833333333394,687.8)
(9.00000000000006,687.786667)
(9.00000000000006,687.926667)
(9.004166666666727,687.686667)
(9.008333333333393,687.666667)
(9.01250000000006,687.466667)
(9.016666666666728,687.766667)
(9.020833333333394,687.793333)
(9.02500000000006,687.913333)
(9.02500000000006,687.6)
(9.029166666666727,687.573333)
(9.033333333333394,687.466667)
(9.037500000000062,687.613333)
(9.041666666666728,687.74)
(9.045833333333395,687.56)
(9.050000000000061,687.64)
(9.050000000000061,687.466667)
(9.054166666666728,687.56)
(9.058333333333394,687.593333)
(9.06250000000006,687.586667)
(9.066666666666729,687.66)
(9.070833333333395,687.793333)
(9.075000000000061,687.566667)
(9.075000000000061,687.706667)
(9.080000000000062,687.606667)
(9.085000000000061,687.48)
(9.090000000000062,687.673333)
(9.095000000000061,687.74)
(9.100000000000062,687.72)
(9.100000000000062,687.633333)
(9.105000000000063,687.573333)
(9.110000000000062,687.62)
(9.115000000000062,687.693333)
(9.120000000000061,687.726667)
(9.125000000000062,687.633333)
(9.125000000000062,687.8)
(9.12857142857149,687.68)
(9.13214285714292,687.406667)
(9.135714285714348,687.846667)
(9.139285714285776,687.626667)
(9.142857142857205,687.806667)
(9.146428571428634,687.766667)
(9.150000000000063,687.906667)
(9.150000000000063,687.72)
(9.155000000000063,687.6)
(9.160000000000062,687.486667)
(9.165000000000063,687.633333)
(9.170000000000062,687.753333)
(9.175000000000063,687.593333)
(9.175000000000063,687.426667)
(9.183333333333396,687.713333)
(9.19166666666673,687.66)
(9.200000000000063,687.74)
(9.200000000000063,687.733333)
(9.212500000000063,687.54)
(9.225000000000064,687.726667)
(9.225000000000064,687.506667)
(9.228571428571492,687.506667)
(9.232142857142922,687.646667)
(9.23571428571435,687.546667)
(9.239285714285778,687.566667)
(9.242857142857206,687.553333)
(9.246428571428636,687.566667)
(9.250000000000064,687.793333)
(9.250000000000064,687.54)
(9.25416666666673,687.506667)
(9.258333333333397,687.88)
(9.262500000000063,687.62)
(9.266666666666731,687.833333)
(9.270833333333398,687.633333)
(9.275000000000064,687.46)
(9.275000000000064,687.52)
(9.27916666666673,687.58)
(9.283333333333397,687.793333)
(9.287500000000065,687.893333)
(9.291666666666732,687.72)
(9.295833333333398,687.74)
(9.300000000000065,687.546667)
(9.300000000000065,687.606667)
(9.305000000000065,687.653333)
(9.310000000000064,688.02)
(9.315000000000065,687.62)
(9.320000000000064,687.873333)
(9.325000000000065,687.546667)
(9.325000000000065,687.8)
(9.329166666666731,687.586667)
(9.333333333333398,687.54)
(9.337500000000066,687.646667)
(9.341666666666733,687.506667)
(9.345833333333399,687.693333)
(9.350000000000065,687.48)
(9.350000000000065,687.333333)
(9.355000000000066,687.68)
(9.360000000000065,687.626667)
(9.365000000000066,687.573333)
(9.370000000000065,687.713333)
(9.375000000000066,687.88)
(9.375000000000066,687.74)
(9.379166666666732,687.493333)
(9.383333333333399,687.533333)
(9.387500000000067,687.52)
(9.391666666666733,687.76)
(9.3958333333334,687.58)
(9.400000000000066,687.56)
(9.400000000000066,687.653333)
(9.404166666666733,687.52)
(9.408333333333399,687.7)
(9.412500000000065,687.673333)
(9.416666666666734,687.573333)
(9.4208333333334,687.486667)
(9.425000000000066,687.62)
(9.425000000000066,687.593333)
(9.429166666666733,687.433333)
(9.4333333333334,687.553333)
(9.437500000000068,687.406667)
(9.441666666666734,687.72)
(9.4458333333334,687.32)
(9.450000000000067,687.306667)
(9.450000000000067,687.58)
(9.453571428571495,687.473333)
(9.457142857142925,687.513333)
(9.460714285714353,687.64)
(9.464285714285781,687.746667)
(9.46785714285721,687.74)
(9.471428571428639,687.466667)
(9.475000000000067,687.673333)
(9.475000000000067,687.46)
(9.500000000000068,687.213333)
(9.500000000000068,687.4)
(9.5083333333334,687.473333)
(9.516666666666735,687.393333)
(9.525000000000068,687.433333)
(9.525000000000068,687.253333)
(9.528125000000069,687.12)
(9.531250000000068,687.22)
(9.534375000000068,687.426667)
(9.537500000000069,687.32)
(9.540625000000068,687.233333)
(9.543750000000069,687.493333)
(9.546875000000068,687.326667)
(9.550000000000068,687.426667)
(9.550000000000068,687.46)
(9.556250000000068,687.606667)
(9.562500000000068,687.66)
(9.568750000000069,687.546667)
(9.575000000000069,687.34)
(9.575000000000069,687.606667)
(9.575000000000069,687.473333)
(9.581250000000068,687.746667)
(9.58750000000007,687.713333)
(9.59375000000007,687.84)
(9.600000000000069,687.686667)
(9.600000000000069,687.5)
(9.608333333333402,687.493333)
(9.616666666666736,687.613333)
(9.62500000000007,687.48)
(9.62500000000007,687.6)
(9.633333333333402,687.26)
(9.641666666666737,687.66)
(9.65000000000007,687.313333)
(9.65000000000007,687.326667)
(9.67500000000007,687.426667)
(9.67500000000007,687.44)
(9.67812500000007,687.52)
(9.68125000000007,687.573333)
(9.68437500000007,687.393333)
(9.687500000000071,687.306667)
(9.69062500000007,687.346667)
(9.69375000000007,687.5)
(9.69687500000007,687.306667)
(9.70000000000007,687.313333)
(9.70000000000007,687.58)
(9.70000000000007,687.526667)
(9.705000000000071,687.506667)
(9.71000000000007,687.6)
(9.715000000000071,687.46)
(9.72000000000007,687.446667)
(9.72500000000007,687.526667)
(9.72500000000007,687.34)
(9.72500000000007,687.353333)
(9.730000000000071,687.373333)
(9.73500000000007,687.353333)
(9.740000000000071,687.44)
(9.74500000000007,687.38)
(9.750000000000071,687.333333)
(9.750000000000071,687.466667)
(9.754166666666737,687.5)
(9.758333333333404,687.406667)
(9.76250000000007,687.433333)
(9.766666666666739,687.32)
(9.770833333333405,687.573333)
(9.775000000000071,687.6)
(9.775000000000071,687.533333)
(9.779166666666738,687.48)
(9.783333333333404,687.54)
(9.787500000000072,687.433333)
(9.791666666666739,687.606667)
(9.795833333333405,687.513333)
(9.800000000000072,687.5)
(9.800000000000072,687.653333)
(9.804166666666738,687.246667)
(9.808333333333405,687.373333)
(9.812500000000071,687.62)
(9.81666666666674,687.426667)
(9.820833333333406,687.54)
(9.825000000000072,687.393333)
(9.825000000000072,687.426667)
(9.830000000000073,687.533333)
(9.835000000000072,687.586667)
(9.840000000000073,687.913333)
(9.845000000000072,687.726667)
(9.850000000000072,687.333333)
(9.850000000000072,687.52)
(9.854166666666739,687.386667)
(9.858333333333405,687.48)
(9.862500000000072,687.526667)
(9.86666666666674,687.266667)
(9.870833333333406,687.653333)
(9.875000000000073,687.433333)
(9.875000000000073,687.553333)
(9.887500000000074,687.366667)
(9.900000000000073,687.526667)
(9.900000000000073,687.54)
(9.908333333333406,687.646667)
(9.91666666666674,687.626667)
(9.925000000000074,687.38)
(9.925000000000074,687.566667)
(9.928571428571502,687.466667)
(9.932142857142932,687.446667)
(9.93571428571436,687.533333)
(9.939285714285788,687.573333)
(9.942857142857216,687.44)
(9.946428571428646,687.68)
(9.950000000000074,687.593333)
(9.950000000000074,687.48)
(9.955000000000075,687.54)
(9.960000000000074,687.626667)
(9.965000000000074,687.526667)
(9.970000000000073,687.46)
(9.975000000000074,687.513333)
(9.975000000000074,687.686667)
(9.980000000000075,687.413333)
(9.985000000000074,687.506667)
(9.990000000000075,687.6)
(9.995000000000074,687.593333)
(10.000000000000075,687.44)
