(10.000000000000075,689.413333)
(10.000000000000075,689.046667)
(10.005000000000075,689.38)
(10.010000000000074,689.553333)
(10.015000000000075,689.266667)
(10.020000000000074,689.513333)
(10.025000000000075,689.5)
(10.025000000000075,689.593333)
(10.027500000000074,689.74)
(10.030000000000076,689.566667)
(10.032500000000075,689.66)
(10.035000000000075,689.473333)
(10.037500000000076,689.56)
(10.040000000000076,689.36)
(10.042500000000075,689.66)
(10.045000000000075,689.766667)
(10.047500000000076,689.72)
(10.050000000000075,689.666667)
(10.050000000000075,689.646667)
(10.056250000000075,689.666667)
(10.062500000000075,689.853333)
(10.068750000000076,689.54)
(10.075000000000076,689.76)
(10.075000000000076,689.58)
(10.075000000000076,689.586667)
(10.078571428571504,689.706667)
(10.082142857142934,689.52)
(10.085714285714362,689.28)
(10.08928571428579,689.553333)
(10.092857142857218,689.486667)
(10.096428571428648,689.446667)
(10.100000000000076,689.7)
(10.100000000000076,689.593333)
(10.10208333333341,689.726667)
(10.104166666666742,689.666667)
(10.106250000000076,689.58)
(10.108333333333409,689.613333)
(10.110416666666742,689.66)
(10.112500000000075,689.526667)
(10.11458333333341,689.693333)
(10.116666666666744,689.7)
(10.118750000000077,689.626667)
(10.12083333333341,689.573333)
(10.122916666666743,689.513333)
(10.125000000000076,689.593333)
(10.125000000000076,689.653333)
(10.128125000000077,689.573333)
(10.131250000000076,689.493333)
(10.134375000000077,689.32)
(10.137500000000077,689.553333)
(10.140625000000076,689.706667)
(10.143750000000077,689.613333)
(10.146875000000076,689.746667)
(10.150000000000077,689.66)
(10.150000000000077,689.546667)
(10.155000000000078,689.566667)
(10.160000000000077,689.773333)
(10.165000000000077,689.46)
(10.170000000000076,689.713333)
(10.175000000000077,689.8)
(10.175000000000077,689.746667)
(10.181250000000077,689.626667)
(10.187500000000078,689.5)
(10.193750000000078,689.526667)
(10.200000000000077,689.546667)
(10.200000000000077,689.68)
(10.225000000000078,689.58)
(10.225000000000078,689.706667)
(10.230000000000079,689.693333)
(10.235000000000078,689.753333)
(10.240000000000078,689.82)
(10.245000000000077,689.44)
(10.250000000000078,689.666667)
(10.250000000000078,689.56)
(10.254166666666745,689.6)
(10.258333333333411,689.826667)
(10.262500000000077,689.626667)
(10.266666666666746,689.726667)
(10.270833333333412,689.973333)
(10.275000000000079,689.78)
(10.275000000000079,689.8)
(10.28000000000008,689.853333)
(10.285000000000078,689.993333)
(10.290000000000079,689.853333)
(10.295000000000078,689.76)
(10.300000000000079,690.0)
(10.300000000000079,689.9)
(10.302777777777857,690.02)
(10.305555555555635,690.04)
(10.308333333333412,689.9)
(10.31111111111119,689.853333)
(10.313888888888968,689.7)
(10.316666666666746,689.453333)
(10.319444444444523,689.84)
(10.322222222222301,689.72)
(10.32500000000008,689.746667)
(10.32500000000008,689.806667)
(10.329166666666746,689.7)
(10.333333333333412,689.686667)
(10.33750000000008,689.68)
(10.341666666666747,689.773333)
(10.345833333333413,689.78)
(10.35000000000008,689.7)
(10.35000000000008,689.566667)
(10.35312500000008,689.773333)
(10.35625000000008,689.653333)
(10.35937500000008,689.646667)
(10.362500000000079,689.466667)
(10.36562500000008,689.726667)
(10.36875000000008,689.653333)
(10.37187500000008,689.52)
(10.37500000000008,689.5)
(10.37500000000008,689.826667)
(10.379166666666746,689.546667)
(10.383333333333413,689.52)
(10.387500000000081,689.713333)
(10.391666666666747,689.58)
(10.395833333333414,689.693333)
(10.40000000000008,689.44)
(10.40000000000008,689.493333)
(10.40625000000008,689.706667)
(10.41250000000008,689.746667)
(10.418750000000081,689.726667)
(10.42500000000008,689.806667)
(10.42500000000008,689.806667)
(10.42500000000008,689.52)
(10.428571428571509,689.493333)
(10.432142857142939,689.373333)
(10.435714285714367,689.313333)
(10.439285714285795,689.386667)
(10.442857142857223,689.533333)
(10.446428571428653,689.673333)
(10.450000000000081,689.593333)
(10.450000000000081,689.773333)
(10.455000000000082,689.706667)
(10.46000000000008,689.586667)
(10.465000000000082,689.486667)
(10.47000000000008,689.58)
(10.475000000000081,689.74)
(10.475000000000081,689.666667)
(10.479166666666748,689.56)
(10.483333333333414,689.3)
(10.487500000000082,689.793333)
(10.491666666666749,689.793333)
(10.495833333333415,689.58)
(10.500000000000082,689.533333)
(10.500000000000082,689.54)
(10.504166666666748,689.413333)
(10.508333333333415,689.693333)
(10.512500000000081,689.433333)
(10.51666666666675,689.486667)
(10.520833333333416,689.5)
(10.525000000000082,689.686667)
(10.525000000000082,689.766667)
(10.529166666666748,689.646667)
(10.533333333333415,689.513333)
(10.537500000000083,689.76)
(10.54166666666675,689.713333)
(10.545833333333416,689.673333)
(10.550000000000082,689.54)
(10.550000000000082,689.446667)
(10.554166666666749,689.3)
(10.558333333333415,689.493333)
(10.562500000000082,689.473333)
(10.56666666666675,689.346667)
(10.570833333333416,689.58)
(10.575000000000083,689.76)
(10.575000000000083,689.606667)
(10.580000000000084,689.506667)
(10.585000000000083,689.553333)
(10.590000000000083,689.786667)
(10.595000000000082,689.82)
(10.600000000000083,689.713333)
(10.600000000000083,689.653333)
(10.603571428571511,689.56)
(10.607142857142941,689.606667)
(10.61071428571437,689.506667)
(10.614285714285797,689.74)
(10.617857142857225,689.573333)
(10.621428571428655,689.806667)
(10.625000000000083,689.68)
(10.625000000000083,689.68)
(10.630000000000084,689.653333)
(10.635000000000083,689.673333)
(10.640000000000084,689.58)
(10.645000000000083,689.606667)
(10.650000000000084,689.673333)
(10.650000000000084,689.5)
(10.65416666666675,689.706667)
(10.658333333333417,689.5)
(10.662500000000083,689.546667)
(10.666666666666751,689.413333)
(10.670833333333418,689.586667)
(10.675000000000084,689.466667)
(10.675000000000084,689.66)
(10.67916666666675,689.613333)
(10.683333333333417,689.613333)
(10.687500000000085,689.773333)
(10.691666666666752,689.733333)
(10.695833333333418,689.813333)
(10.700000000000085,689.373333)
(10.700000000000085,689.52)
(10.705000000000085,689.533333)
(10.710000000000084,689.72)
(10.715000000000085,689.706667)
(10.720000000000084,689.753333)
(10.725000000000085,689.58)
(10.725000000000085,689.806667)
(10.730000000000086,689.606667)
(10.735000000000085,689.526667)
(10.740000000000085,689.673333)
(10.745000000000084,689.686667)
(10.750000000000085,689.72)
(10.750000000000085,689.713333)
(10.754166666666752,689.626667)
(10.758333333333418,689.846667)
(10.762500000000085,689.893333)
(10.766666666666753,689.6)
(10.77083333333342,689.82)
(10.775000000000086,689.84)
(10.775000000000086,689.833333)
(10.779166666666752,689.813333)
(10.783333333333418,689.806667)
(10.787500000000087,689.52)
(10.791666666666753,689.786667)
(10.79583333333342,689.666667)
(10.800000000000086,689.8)
(10.800000000000086,689.966667)
(10.802777777777864,690.033333)
(10.805555555555642,690.42)
(10.808333333333419,690.353333)
(10.811111111111197,690.926667)
(10.813888888888975,691.526667)
(10.816666666666753,691.88)
(10.81944444444453,692.226667)
(10.822222222222308,692.78)
(10.825000000000086,693.32)
(10.825000000000086,693.646667)
(10.825000000000086,694.366667)
(10.825000000000086,694.853333)
(10.828125000000087,695.106667)
(10.831250000000086,695.486667)
(10.834375000000087,695.68)
(10.837500000000087,695.92)
(10.840625000000086,696.24)
(10.843750000000087,696.56)
(10.846875000000086,696.333333)
(10.850000000000087,697.346667)
(10.850000000000087,698.04)
(10.856250000000086,698.22)
(10.862500000000086,698.366667)
(10.868750000000087,698.406667)
(10.875000000000087,698.613333)
(10.875000000000087,698.3)
(10.875000000000087,698.26)
(10.880000000000088,698.44)
(10.885000000000087,698.486667)
(10.890000000000088,698.48)
(10.895000000000087,698.193333)
(10.900000000000087,698.286667)
(10.900000000000087,698.153333)
(10.904166666666754,698.173333)
(10.90833333333342,698.453333)
(10.912500000000087,698.453333)
(10.916666666666755,698.553333)
(10.920833333333421,698.346667)
(10.925000000000088,698.613333)
(10.925000000000088,698.206667)
(10.930000000000089,698.28)
(10.935000000000088,698.366667)
(10.940000000000088,698.526667)
(10.945000000000087,698.373333)
(10.950000000000088,698.5)
(10.950000000000088,698.52)
(10.950000000000088,698.406667)
(10.958333333333421,698.406667)
(10.966666666666756,698.573333)
(10.975000000000088,698.4)
(10.975000000000088,698.613333)
(10.979166666666755,698.606667)
(10.983333333333421,698.52)
(10.98750000000009,698.633333)
(10.991666666666756,698.48)
(10.995833333333422,698.426667)
(11.000000000000089,698.3)
(11.000000000000089,698.506667)
(11.00500000000009,698.7)
(11.010000000000089,698.313333)
(11.01500000000009,698.326667)
(11.020000000000088,698.46)
(11.02500000000009,698.513333)
(11.02500000000009,698.573333)
(11.03000000000009,698.6)
(11.035000000000089,698.293333)
(11.04000000000009,698.44)
(11.045000000000089,698.306667)
(11.05000000000009,698.646667)
(11.05000000000009,698.646667)
(11.054166666666756,698.18)
(11.058333333333422,698.44)
(11.062500000000089,698.246667)
(11.066666666666757,698.306667)
(11.070833333333423,698.113333)
(11.07500000000009,698.213333)
(11.07500000000009,698.366667)
(11.08000000000009,698.64)
(11.08500000000009,698.466667)
(11.09000000000009,698.36)
(11.09500000000009,698.426667)
(11.10000000000009,698.146667)
(11.10000000000009,698.493333)
(11.105000000000091,698.673333)
(11.11000000000009,698.5)
(11.11500000000009,698.593333)
(11.12000000000009,698.62)
(11.12500000000009,698.82)
(11.12500000000009,699.06)
(11.130000000000091,699.32)
(11.13500000000009,699.633333)
(11.140000000000091,699.48)
(11.14500000000009,699.626667)
(11.150000000000091,699.56)
(11.150000000000091,699.786667)
(11.154166666666757,699.873333)
(11.158333333333424,699.906667)
(11.16250000000009,700.446667)
(11.166666666666758,700.806667)
(11.170833333333425,700.333333)
(11.175000000000091,701.306667)
(11.175000000000091,701.286667)
(11.180000000000092,701.466667)
(11.185000000000091,701.506667)
(11.190000000000092,702.02)
(11.19500000000009,701.673333)
(11.200000000000092,702.22)
(11.200000000000092,702.093333)
(11.204166666666758,702.373333)
(11.208333333333425,702.686667)
(11.212500000000091,702.586667)
(11.21666666666676,703.026667)
(11.220833333333426,703.26)
(11.225000000000092,702.953333)
(11.225000000000092,703.1)
(11.230000000000093,702.993333)
(11.235000000000092,703.433333)
(11.240000000000093,702.986667)
(11.245000000000092,703.333333)
(11.250000000000092,702.966667)
(11.250000000000092,703.266667)
(11.255000000000093,703.293333)
(11.260000000000092,703.22)
(11.265000000000093,703.593333)
(11.270000000000092,703.72)
(11.275000000000093,703.3)
(11.275000000000093,703.566667)
(11.280000000000094,703.326667)
(11.285000000000093,703.153333)
(11.290000000000093,703.326667)
(11.295000000000092,703.58)
(11.300000000000093,703.246667)
(11.300000000000093,703.2)
(11.30416666666676,703.466667)
(11.308333333333426,703.133333)
(11.312500000000092,703.173333)
(11.31666666666676,703.32)
(11.320833333333427,703.093333)
(11.325000000000093,703.18)
(11.325000000000093,703.22)
(11.32916666666676,703.306667)
(11.333333333333426,703.266667)
(11.337500000000095,703.48)
(11.341666666666761,703.453333)
(11.345833333333427,703.28)
(11.350000000000094,703.646667)
(11.350000000000094,703.486667)
(11.355000000000095,703.573333)
(11.360000000000094,703.06)
(11.365000000000094,703.553333)
(11.370000000000093,703.28)
(11.375000000000094,703.506667)
(11.375000000000094,703.3)
(11.37916666666676,703.226667)
(11.383333333333427,703.506667)
(11.387500000000095,703.36)
(11.391666666666762,703.486667)
(11.395833333333428,703.573333)
(11.400000000000095,703.633333)
(11.400000000000095,703.64)
(11.405000000000095,703.386667)
(11.410000000000094,703.66)
(11.415000000000095,703.526667)
(11.420000000000094,703.646667)
(11.425000000000095,703.64)
(11.425000000000095,703.42)
(11.429166666666761,703.566667)
(11.433333333333428,703.62)
(11.437500000000096,703.58)
(11.441666666666762,703.64)
(11.445833333333429,703.473333)
(11.450000000000095,703.506667)
(11.450000000000095,704.113333)
(11.455000000000096,704.473333)
(11.460000000000095,704.413333)
(11.465000000000096,704.953333)
(11.470000000000095,705.1)
(11.475000000000096,704.86)
(11.475000000000096,705.353333)
(11.479166666666762,705.846667)
(11.483333333333428,705.46)
(11.487500000000097,705.653333)
(11.491666666666763,706.28)
(11.49583333333343,705.886667)
(11.500000000000096,706.233333)
(11.500000000000096,706.52)
(11.505000000000097,706.606667)
(11.510000000000096,706.366667)
(11.515000000000096,707.013333)
(11.520000000000095,706.94)
(11.525000000000096,707.173333)
(11.525000000000096,707.366667)
(11.530000000000097,707.013333)
(11.535000000000096,707.086667)
(11.540000000000097,707.76)
(11.545000000000096,707.52)
(11.550000000000097,707.353333)
(11.550000000000097,707.56)
(11.55833333333343,707.7)
(11.566666666666764,707.413333)
(11.575000000000097,707.486667)
(11.575000000000097,707.726667)
(11.600000000000097,707.453333)
(11.600000000000097,707.406667)
(11.600000000000097,707.34)
(11.605000000000098,707.36)
(11.610000000000097,707.38)
(11.615000000000098,707.573333)
(11.620000000000097,707.6)
(11.625000000000098,707.48)
(11.625000000000098,707.946667)
(11.630000000000098,707.64)
(11.635000000000097,707.773333)
(11.640000000000098,707.82)
(11.645000000000097,707.513333)
(11.650000000000098,707.673333)
(11.650000000000098,707.466667)
(11.654166666666764,707.84)
(11.658333333333431,707.886667)
(11.662500000000097,707.653333)
(11.666666666666766,707.74)
(11.670833333333432,707.946667)
(11.675000000000098,707.873333)
(11.675000000000098,707.953333)
(11.6800000000001,707.546667)
(11.685000000000098,707.666667)
(11.690000000000099,707.706667)
(11.695000000000098,707.8)
(11.700000000000099,707.773333)
(11.700000000000099,707.82)
(11.7050000000001,707.526667)
(11.710000000000099,707.54)
(11.7150000000001,707.7)
(11.720000000000098,707.426667)
(11.7250000000001,707.446667)
(11.7250000000001,707.2)
(11.7300000000001,707.733333)
(11.735000000000099,707.44)
(11.7400000000001,707.773333)
(11.745000000000099,707.633333)
(11.7500000000001,707.513333)
(11.7500000000001,707.766667)
(11.7750000000001,707.48)
(11.7750000000001,707.413333)
(11.7812500000001,707.62)
(11.787500000000101,707.8)
(11.7937500000001,707.446667)
(11.8000000000001,707.62)
(11.8000000000001,707.54)
(11.804166666666767,707.493333)
(11.808333333333433,707.693333)
(11.8125000000001,708.106667)
(11.816666666666768,707.62)
(11.820833333333434,707.733333)
(11.8250000000001,707.84)
(11.8250000000001,707.333333)
(11.830000000000101,707.893333)
(11.8350000000001,707.506667)
(11.840000000000101,707.546667)
(11.8450000000001,707.886667)
(11.850000000000101,707.833333)
(11.850000000000101,707.386667)
(11.855000000000102,707.633333)
(11.8600000000001,708.073333)
(11.865000000000101,707.806667)
(11.8700000000001,707.946667)
(11.875000000000101,708.02)
(11.875000000000101,707.906667)
(11.880000000000102,708.613333)
(11.885000000000101,708.213333)
(11.890000000000102,708.693333)
(11.8950000000001,708.92)
(11.900000000000102,709.166667)
(11.900000000000102,709.72)
(11.904166666666768,709.933333)
(11.908333333333434,709.213333)
(11.912500000000101,710.093333)
(11.916666666666769,709.286667)
(11.920833333333436,710.306667)
(11.925000000000102,710.16)
(11.925000000000102,710.066667)
(11.930000000000103,710.146667)
(11.935000000000102,710.053333)
(11.940000000000103,709.906667)
(11.945000000000102,710.366667)
(11.950000000000102,710.073333)
(11.950000000000102,710.053333)
(11.955000000000103,709.88)
(11.960000000000102,710.353333)
(11.965000000000103,710.32)
(11.970000000000102,710.013333)
(11.975000000000103,710.266667)
(11.975000000000103,710.06)
(11.979166666666769,710.233333)
(11.983333333333436,710.24)
(11.987500000000104,710.026667)
(11.99166666666677,709.946667)
(11.995833333333437,710.426667)
(12.000000000000103,710.546667)
(12.000000000000103,710.293333)
(12.005000000000104,710.36)
(12.010000000000103,710.133333)
(12.015000000000104,710.146667)
(12.020000000000103,710.553333)
(12.025000000000103,710.36)
(12.025000000000103,710.326667)
(12.02916666666677,710.22)
(12.033333333333436,710.373333)
(12.037500000000104,710.246667)
(12.04166666666677,710.46)
(12.045833333333437,710.586667)
(12.050000000000104,710.413333)
(12.050000000000104,710.273333)
(12.055000000000105,710.526667)
(12.060000000000104,710.266667)
(12.065000000000104,710.613333)
(12.070000000000103,710.433333)
(12.075000000000104,710.506667)
(12.075000000000104,710.3)
(12.07916666666677,710.513333)
(12.083333333333437,710.526667)
(12.087500000000105,710.473333)
(12.091666666666772,710.573333)
(12.095833333333438,710.426667)
(12.100000000000104,710.386667)
(12.100000000000104,710.566667)
(12.105000000000105,710.506667)
(12.110000000000104,710.426667)
(12.115000000000105,710.18)
(12.120000000000104,710.446667)
(12.125000000000105,710.48)
(12.125000000000105,710.326667)
(12.130000000000106,710.193333)
(12.135000000000105,710.233333)
(12.140000000000105,710.406667)
(12.145000000000104,710.473333)
(12.150000000000105,710.34)
(12.150000000000105,710.46)
(12.153571428571533,710.26)
(12.157142857142963,710.353333)
(12.160714285714391,710.386667)
(12.16428571428582,710.52)
(12.167857142857248,710.52)
(12.171428571428677,710.606667)
(12.175000000000106,710.013333)
(12.175000000000106,710.493333)
(12.180000000000106,710.453333)
(12.185000000000105,710.233333)
(12.190000000000106,710.646667)
(12.195000000000105,710.386667)
(12.200000000000106,710.506667)
(12.200000000000106,710.446667)
(12.204166666666772,710.54)
(12.208333333333439,710.56)
(12.212500000000105,710.74)
(12.216666666666773,710.566667)
(12.22083333333344,710.266667)
(12.225000000000106,710.533333)
(12.225000000000106,710.693333)
(12.229166666666773,710.66)
(12.233333333333439,710.62)
(12.237500000000107,710.506667)
(12.241666666666774,710.413333)
(12.24583333333344,710.133333)
(12.250000000000107,710.446667)
(12.250000000000107,710.373333)
(12.255000000000107,710.146667)
(12.260000000000106,710.266667)
(12.265000000000107,710.426667)
(12.270000000000106,710.226667)
(12.275000000000107,710.233333)
(12.275000000000107,710.293333)
(12.280000000000108,710.546667)
(12.285000000000107,710.313333)
(12.290000000000108,710.273333)
(12.295000000000107,709.946667)
(12.300000000000107,709.946667)
(12.300000000000107,710.173333)
(12.304166666666774,709.993333)
(12.30833333333344,710.38)
(12.312500000000107,710.246667)
(12.316666666666775,710.166667)
(12.320833333333441,710.466667)
(12.325000000000108,710.2)
(12.325000000000108,710.3)
(12.329166666666774,710.106667)
(12.33333333333344,710.013333)
(12.337500000000109,709.92)
(12.341666666666775,709.96)
(12.345833333333442,710.14)
(12.350000000000108,710.166667)
(12.350000000000108,710.026667)
(12.354166666666774,710.053333)
(12.35833333333344,710.08)
(12.362500000000107,709.893333)
(12.366666666666775,710.153333)
(12.370833333333442,709.673333)
(12.375000000000108,710.053333)
(12.375000000000108,710.026667)
(12.38000000000011,710.253333)
(12.385000000000108,710.106667)
(12.390000000000109,710.146667)
(12.395000000000108,709.94)
(12.400000000000109,709.8)
(12.400000000000109,710.0)
(12.40500000000011,709.86)
(12.410000000000108,709.926667)
(12.41500000000011,709.753333)
(12.420000000000108,709.706667)
(12.425000000000109,709.706667)
(12.425000000000109,709.646667)
(12.429166666666775,709.84)
(12.433333333333442,709.833333)
(12.43750000000011,709.74)
(12.441666666666777,709.586667)
(12.445833333333443,709.886667)
(12.45000000000011,709.813333)
(12.45000000000011,709.686667)
(12.456250000000109,709.88)
(12.462500000000109,710.16)
(12.46875000000011,709.953333)
(12.47500000000011,709.74)
(12.47500000000011,709.953333)
(12.47500000000011,710.2)
(12.479166666666776,710.2)
(12.483333333333443,710.2)
(12.48750000000011,709.893333)
(12.491666666666777,710.206667)
(12.495833333333444,710.08)
(12.50000000000011,709.953333)
(12.50000000000011,709.606667)
(12.505000000000111,710.273333)
(12.51000000000011,709.786667)
(12.51500000000011,709.5)
(12.52000000000011,709.993333)
(12.52500000000011,709.64)
(12.52500000000011,709.686667)
(12.529166666666777,709.946667)
(12.533333333333443,709.813333)
(12.537500000000112,709.74)
(12.541666666666778,710.006667)
(12.545833333333444,709.8)
(12.55000000000011,709.94)
(12.55000000000011,710.046667)
(12.555000000000112,710.293333)
(12.56000000000011,709.773333)
(12.565000000000111,709.82)
(12.57000000000011,709.9)
(12.575000000000111,709.993333)
(12.575000000000111,710.146667)
(12.579166666666778,710.093333)
(12.583333333333444,710.18)
(12.587500000000112,709.846667)
(12.591666666666779,709.826667)
(12.595833333333445,710.246667)
(12.600000000000112,709.82)
(12.600000000000112,710.286667)
(12.605000000000112,709.98)
(12.610000000000111,710.1)
(12.615000000000112,709.873333)
(12.620000000000111,710.033333)
(12.625000000000112,709.78)
(12.625000000000112,710.153333)
(12.630000000000113,709.92)
(12.635000000000112,709.86)
(12.640000000000112,709.653333)
(12.645000000000111,709.513333)
(12.650000000000112,709.546667)
(12.650000000000112,709.766667)
(12.654166666666779,709.7)
(12.658333333333445,709.373333)
(12.662500000000112,709.646667)
(12.66666666666678,709.773333)
(12.670833333333446,709.766667)
(12.675000000000113,709.713333)
(12.675000000000113,709.886667)
(12.680000000000113,709.613333)
(12.685000000000112,709.433333)
(12.690000000000113,709.7)
(12.695000000000112,709.806667)
(12.700000000000113,709.533333)
(12.700000000000113,709.533333)
(12.705000000000114,709.793333)
(12.710000000000113,709.446667)
(12.715000000000114,709.04)
(12.720000000000113,709.506667)
(12.725000000000113,709.633333)
(12.725000000000113,709.653333)
(12.730000000000114,709.3)
(12.735000000000113,709.506667)
(12.740000000000114,709.053333)
(12.745000000000113,709.146667)
(12.750000000000114,709.286667)
(12.750000000000114,708.873333)
(12.75416666666678,709.04)
(12.758333333333447,708.653333)
(12.762500000000113,709.186667)
(12.766666666666781,708.8)
(12.770833333333448,708.76)
(12.775000000000114,708.74)
(12.775000000000114,708.88)
(12.77916666666678,708.706667)
(12.783333333333447,708.706667)
(12.787500000000115,708.633333)
(12.791666666666782,709.12)
(12.795833333333448,708.713333)
(12.800000000000114,708.813333)
(12.800000000000114,708.793333)
(12.805000000000115,708.606667)
(12.810000000000114,708.813333)
(12.815000000000115,708.886667)
(12.820000000000114,708.913333)
(12.825000000000115,708.766667)
(12.825000000000115,708.753333)
(12.829166666666781,708.866667)
(12.833333333333448,708.4)
(12.837500000000116,708.58)
(12.841666666666782,708.766667)
(12.845833333333449,708.86)
(12.850000000000115,709.026667)
(12.850000000000115,709.033333)
(12.855000000000116,708.653333)
(12.860000000000115,708.546667)
(12.865000000000116,708.566667)
(12.870000000000115,708.626667)
(12.875000000000115,708.526667)
(12.875000000000115,708.94)
(12.880000000000116,708.733333)
(12.885000000000115,708.293333)
(12.890000000000116,708.42)
(12.895000000000115,708.473333)
(12.900000000000116,708.646667)
(12.900000000000116,708.88)
(12.905000000000117,708.76)
(12.910000000000116,708.68)
(12.915000000000116,708.853333)
(12.920000000000115,708.7)
(12.925000000000116,708.746667)
(12.925000000000116,708.8)
(12.929166666666783,708.72)
(12.933333333333449,708.433333)
(12.937500000000117,708.706667)
(12.941666666666784,708.906667)
(12.94583333333345,708.686667)
(12.950000000000117,708.966667)
(12.950000000000117,708.906667)
(12.955000000000117,708.72)
(12.960000000000116,708.646667)
(12.965000000000117,708.626667)
(12.970000000000116,708.62)
(12.975000000000117,708.733333)
(12.975000000000117,708.793333)
(12.980000000000118,708.713333)
(12.985000000000117,708.326667)
(12.990000000000117,708.666667)
(12.995000000000116,708.486667)
(13.000000000000117,708.393333)
(13.000000000000117,708.24)
(13.004166666666784,708.613333)
(13.00833333333345,708.14)
(13.012500000000117,708.166667)
(13.016666666666785,708.54)
(13.020833333333451,708.666667)
(13.025000000000118,708.706667)
(13.025000000000118,708.293333)
(13.030000000000118,708.546667)
(13.035000000000117,708.393333)
(13.040000000000118,708.58)
(13.045000000000117,707.973333)
(13.050000000000118,708.806667)
(13.050000000000118,707.513333)
(13.055000000000119,707.233333)
(13.060000000000118,707.013333)
(13.065000000000119,707.213333)
(13.070000000000118,706.913333)
(13.075000000000118,706.593333)
(13.075000000000118,706.866667)
(13.079166666666785,706.973333)
(13.083333333333451,706.846667)
(13.08750000000012,706.913333)
(13.091666666666786,706.9)
(13.095833333333452,706.04)
(13.100000000000119,705.613333)
(13.100000000000119,704.593333)
(13.10500000000012,703.033333)
(13.110000000000118,702.346667)
(13.11500000000012,701.94)
(13.120000000000118,701.566667)
(13.125000000000119,701.36)
(13.125000000000119,700.88)
(13.13000000000012,700.3)
(13.135000000000119,699.96)
(13.14000000000012,700.146667)
(13.145000000000119,699.76)
(13.15000000000012,699.62)
(13.15000000000012,699.493333)
(13.15500000000012,699.513333)
(13.16000000000012,699.486667)
(13.16500000000012,699.533333)
(13.170000000000119,699.613333)
(13.17500000000012,699.626667)
(13.17500000000012,699.733333)
(13.179166666666786,699.646667)
(13.183333333333453,699.64)
(13.18750000000012,699.646667)
(13.191666666666787,699.613333)
(13.195833333333454,699.56)
(13.20000000000012,699.613333)
(13.20000000000012,699.686667)
(13.20500000000012,699.813333)
(13.21000000000012,699.666667)
(13.21500000000012,699.706667)
(13.22000000000012,699.733333)
(13.22500000000012,699.653333)
(13.22500000000012,699.633333)
(13.230000000000121,699.64)
(13.23500000000012,699.6)
(13.240000000000121,699.64)
(13.24500000000012,699.6)
(13.25000000000012,699.613333)
(13.25000000000012,699.573333)
(13.253571428571549,699.626667)
(13.257142857142979,699.586667)
(13.260714285714407,699.773333)
(13.264285714285835,699.58)
(13.267857142857263,699.72)
(13.271428571428693,699.713333)
(13.275000000000121,699.753333)
(13.275000000000121,699.74)
(13.280000000000122,699.793333)
(13.285000000000121,699.766667)
(13.290000000000122,699.66)
(13.29500000000012,699.766667)
(13.300000000000122,699.653333)
(13.300000000000122,699.773333)
(13.30357142857155,699.773333)
(13.30714285714298,699.786667)
(13.310714285714408,699.813333)
(13.314285714285836,699.933333)
(13.317857142857264,699.7)
(13.321428571428694,699.88)
(13.325000000000122,699.786667)
(13.325000000000122,699.693333)
(13.330000000000123,699.686667)
(13.335000000000122,699.753333)
(13.340000000000122,699.74)
(13.345000000000121,699.84)
(13.350000000000122,699.82)
(13.350000000000122,699.813333)
(13.354166666666789,699.82)
(13.358333333333455,699.893333)
(13.362500000000122,699.846667)
(13.36666666666679,699.746667)
(13.370833333333456,699.733333)
(13.375000000000123,699.686667)
(13.375000000000123,699.68)
(13.380000000000123,699.82)
(13.385000000000122,699.833333)
(13.390000000000123,699.8)
(13.395000000000122,699.866667)
(13.400000000000123,699.746667)
(13.400000000000123,699.806667)
(13.405000000000124,699.82)
(13.410000000000123,699.773333)
(13.415000000000123,699.74)
(13.420000000000122,699.826667)
(13.425000000000123,699.773333)
(13.425000000000123,699.726667)
(13.430000000000124,699.88)
(13.435000000000123,699.88)
(13.440000000000124,699.86)
(13.445000000000123,699.82)
(13.450000000000124,699.726667)
(13.450000000000124,699.326667)
(13.455000000000124,698.72)
(13.460000000000123,696.466667)
(13.465000000000124,693.3)
(13.470000000000123,694.64)
(13.475000000000124,691.1)
(13.475000000000124,690.686667)
(13.480000000000125,690.433333)
(13.485000000000124,690.0)
(13.490000000000125,689.133333)
(13.495000000000124,689.506667)
(13.500000000000124,689.2)
(13.500000000000124,689.18)
(13.50416666666679,689.126667)
(13.508333333333457,689.373333)
(13.512500000000124,689.2)
(13.516666666666792,689.106667)
(13.520833333333458,689.213333)
(13.525000000000125,689.126667)
(13.525000000000125,689.206667)
(13.530000000000125,689.173333)
(13.535000000000124,689.353333)
(13.540000000000125,689.1)
(13.545000000000124,689.306667)
(13.550000000000125,689.146667)
(13.550000000000125,689.146667)
(13.556250000000125,689.273333)
(13.562500000000124,688.98)
(13.568750000000126,689.273333)
(13.575000000000125,689.36)
(13.575000000000125,689.493333)
(13.575000000000125,689.22)
(13.579166666666792,689.22)
(13.583333333333458,689.073333)
(13.587500000000126,689.04)
(13.591666666666793,689.0)
(13.59583333333346,689.193333)
(13.600000000000126,689.366667)
(13.600000000000126,688.986667)
(13.604166666666792,689.08)
(13.608333333333459,688.866667)
(13.612500000000125,689.186667)
(13.616666666666793,689.286667)
(13.62083333333346,689.186667)
(13.625000000000126,689.046667)
(13.625000000000126,688.926667)
(13.630000000000127,689.093333)
(13.635000000000126,689.0)
(13.640000000000127,689.086667)
(13.645000000000126,689.12)
(13.650000000000126,689.126667)
(13.650000000000126,688.74)
(13.654166666666793,688.933333)
(13.65833333333346,688.793333)
(13.662500000000126,688.9)
(13.666666666666794,688.9)
(13.67083333333346,688.94)
(13.675000000000127,688.64)
(13.675000000000127,688.913333)
(13.680000000000128,688.7)
(13.685000000000127,688.833333)
(13.690000000000127,688.786667)
(13.695000000000126,688.8)
(13.700000000000127,688.726667)
(13.700000000000127,688.753333)
(13.705000000000128,688.766667)
(13.710000000000127,688.853333)
(13.715000000000128,688.753333)
(13.720000000000127,688.7)
(13.725000000000128,688.826667)
(13.725000000000128,688.68)
(13.729166666666794,688.926667)
(13.73333333333346,688.846667)
(13.737500000000129,688.866667)
(13.741666666666795,688.96)
(13.745833333333461,688.86)
(13.750000000000128,688.873333)
(13.750000000000128,688.766667)
(13.754166666666794,688.693333)
(13.75833333333346,688.86)
(13.762500000000127,688.84)
(13.766666666666795,688.88)
(13.770833333333462,688.806667)
(13.775000000000128,688.766667)
(13.775000000000128,688.746667)
(13.780000000000129,689.046667)
(13.785000000000128,688.713333)
(13.790000000000129,688.98)
(13.795000000000128,688.7)
(13.800000000000129,688.82)
(13.800000000000129,688.786667)
(13.80500000000013,688.773333)
(13.810000000000128,688.986667)
(13.81500000000013,688.853333)
(13.820000000000128,688.46)
(13.825000000000129,688.513333)
(13.825000000000129,688.633333)
(13.829166666666795,688.786667)
(13.833333333333462,688.64)
(13.83750000000013,688.706667)
(13.841666666666796,688.706667)
(13.845833333333463,688.806667)
(13.85000000000013,688.78)
(13.85000000000013,688.62)
(13.854166666666796,688.786667)
(13.858333333333462,688.593333)
(13.862500000000129,688.713333)
(13.866666666666797,688.786667)
(13.870833333333463,688.926667)
(13.87500000000013,689.093333)
(13.87500000000013,689.0)
(13.879166666666796,688.953333)
(13.883333333333463,688.88)
(13.88750000000013,688.953333)
(13.891666666666797,688.84)
(13.895833333333464,688.913333)
(13.90000000000013,688.78)
(13.90000000000013,688.686667)
(13.90500000000013,688.806667)
(13.91000000000013,688.826667)
(13.91500000000013,688.813333)
(13.92000000000013,688.66)
(13.92500000000013,688.66)
(13.92500000000013,688.773333)
(13.930000000000131,688.86)
(13.93500000000013,688.726667)
(13.940000000000131,688.9)
(13.94500000000013,688.953333)
(13.95000000000013,688.886667)
(13.95000000000013,688.706667)
(13.954166666666797,688.833333)
(13.958333333333464,689.073333)
(13.96250000000013,688.98)
(13.966666666666798,688.96)
(13.970833333333465,689.14)
(13.975000000000131,689.08)
(13.975000000000131,689.006667)
(13.980000000000132,689.04)
(13.98500000000013,688.873333)
(13.990000000000132,689.16)
(13.99500000000013,689.02)
(14.000000000000131,689.16)
(14.000000000000131,688.853333)
(14.004166666666798,688.84)
(14.008333333333464,688.92)
(14.01250000000013,688.8)
(14.016666666666799,688.893333)
(14.020833333333465,688.613333)
(14.025000000000132,688.866667)
(14.025000000000132,688.826667)
(14.030000000000133,688.973333)
(14.035000000000132,688.766667)
(14.040000000000132,688.873333)
(14.045000000000131,689.06)
(14.050000000000132,689.1)
(14.050000000000132,688.906667)
(14.054166666666799,688.966667)
(14.058333333333465,688.76)
(14.062500000000131,688.673333)
(14.0666666666668,689.193333)
(14.070833333333466,688.773333)
(14.075000000000133,688.626667)
(14.075000000000133,688.813333)
(14.079166666666799,688.82)
(14.083333333333465,688.84)
(14.087500000000134,689.12)
(14.0916666666668,689.1)
(14.095833333333466,689.173333)
(14.100000000000133,689.08)
(14.100000000000133,688.926667)
(14.105000000000134,688.993333)
(14.110000000000133,689.073333)
(14.115000000000133,689.026667)
(14.120000000000132,689.006667)
(14.125000000000133,689.02)
(14.125000000000133,689.02)
(14.1291666666668,688.926667)
(14.133333333333466,689.053333)
(14.137500000000134,688.853333)
(14.1416666666668,688.78)
(14.145833333333467,688.973333)
(14.150000000000134,689.086667)
(14.150000000000134,689.093333)
(14.155000000000134,689.08)
(14.160000000000133,688.973333)
(14.165000000000134,689.02)
(14.170000000000133,689.04)
(14.175000000000134,689.073333)
(14.175000000000134,689.253333)
(14.1791666666668,689.1)
(14.183333333333467,689.126667)
(14.187500000000135,688.993333)
(14.191666666666801,689.02)
(14.195833333333468,688.966667)
(14.200000000000134,688.926667)
(14.200000000000134,689.013333)
(14.2041666666668,689.02)
(14.208333333333467,688.866667)
(14.212500000000134,688.88)
(14.216666666666802,689.026667)
(14.220833333333468,688.826667)
(14.225000000000135,688.966667)
(14.225000000000135,688.846667)
(14.230000000000135,689.226667)
(14.235000000000134,689.153333)
(14.240000000000135,688.84)
(14.245000000000134,689.186667)
(14.250000000000135,689.246667)
(14.250000000000135,689.146667)
(14.254166666666801,689.16)
(14.258333333333468,689.193333)
(14.262500000000134,689.193333)
(14.266666666666802,689.053333)
(14.270833333333469,689.133333)
(14.275000000000135,688.913333)
(14.275000000000135,689.226667)
(14.279166666666802,688.826667)
(14.283333333333468,688.98)
(14.287500000000136,688.993333)
(14.291666666666803,689.173333)
(14.29583333333347,689.02)
(14.300000000000136,689.233333)
(14.300000000000136,689.206667)
(14.305000000000136,689.166667)
(14.310000000000136,689.146667)
(14.315000000000136,689.153333)
(14.320000000000135,689.213333)
(14.325000000000136,689.053333)
(14.325000000000136,688.833333)
(14.329166666666802,689.053333)
(14.333333333333469,689.073333)
(14.337500000000137,689.033333)
(14.341666666666804,689.153333)
(14.34583333333347,688.96)
(14.350000000000136,689.04)
(14.350000000000136,688.973333)
(14.354166666666803,689.313333)
(14.35833333333347,689.053333)
(14.362500000000136,689.186667)
(14.366666666666804,688.993333)
(14.37083333333347,688.78)
(14.375000000000137,689.066667)
(14.375000000000137,688.926667)
(14.379166666666803,688.913333)
(14.38333333333347,688.96)
(14.387500000000138,688.966667)
(14.391666666666804,689.06)
(14.39583333333347,689.153333)
(14.400000000000137,689.033333)
(14.400000000000137,689.053333)
(14.405000000000138,689.013333)
(14.410000000000137,689.06)
(14.415000000000138,688.893333)
(14.420000000000137,688.873333)
(14.425000000000137,689.04)
(14.425000000000137,688.92)
(14.429166666666804,688.753333)
(14.43333333333347,688.866667)
(14.437500000000139,688.973333)
(14.441666666666805,689.126667)
(14.445833333333471,688.966667)
(14.450000000000138,689.046667)
(14.450000000000138,689.0)
(14.455000000000139,689.013333)
(14.460000000000138,688.88)
(14.465000000000138,689.046667)
(14.470000000000137,689.113333)
(14.475000000000138,688.933333)
(14.475000000000138,688.866667)
(14.479166666666805,688.993333)
(14.483333333333471,688.933333)
(14.48750000000014,689.1)
(14.491666666666806,688.94)
(14.495833333333472,689.06)
(14.500000000000139,688.98)
(14.500000000000139,689.046667)
(14.504166666666805,689.086667)
(14.508333333333471,688.993333)
(14.512500000000138,688.886667)
(14.516666666666806,689.053333)
(14.520833333333472,688.74)
(14.525000000000139,688.986667)
(14.525000000000139,688.78)
(14.53000000000014,688.906667)
(14.535000000000139,688.826667)
(14.54000000000014,689.0)
(14.545000000000138,689.053333)
(14.55000000000014,689.08)
(14.55000000000014,689.16)
(14.55000000000014,689.166667)
(14.554166666666806,688.886667)
(14.558333333333472,689.16)
(14.562500000000139,689.02)
(14.566666666666807,689.04)
(14.570833333333473,689.08)
(14.57500000000014,689.133333)
(14.57500000000014,689.226667)
(14.579166666666806,689.073333)
(14.583333333333472,689.073333)
(14.58750000000014,689.306667)
(14.591666666666807,689.1)
(14.595833333333474,689.213333)
(14.60000000000014,689.1)
(14.60000000000014,689.26)
(14.60625000000014,688.88)
(14.61250000000014,689.04)
(14.61875000000014,689.033333)
(14.62500000000014,689.046667)
(14.62500000000014,688.94)
(14.65000000000014,689.0)
(14.65000000000014,689.12)
(14.655000000000141,689.26)
(14.66000000000014,688.993333)
(14.665000000000141,688.966667)
(14.67000000000014,688.973333)
(14.675000000000141,688.946667)
(14.675000000000141,689.206667)
(14.679166666666807,689.18)
(14.683333333333474,688.873333)
(14.687500000000142,689.113333)
(14.691666666666809,689.0)
(14.695833333333475,689.146667)
(14.700000000000141,689.06)
(14.700000000000141,689.02)
(14.705000000000142,689.193333)
(14.710000000000141,689.113333)
(14.715000000000142,689.04)
(14.720000000000141,689.146667)
(14.725000000000142,689.34)
(14.725000000000142,689.133333)
(14.729166666666808,689.106667)
(14.733333333333475,689.293333)
(14.737500000000143,689.166667)
(14.74166666666681,689.166667)
(14.745833333333476,689.006667)
(14.750000000000142,689.22)
(14.750000000000142,688.933333)
(14.754166666666809,688.94)
(14.758333333333475,689.466667)
(14.762500000000141,689.066667)
(14.76666666666681,689.14)
(14.770833333333476,689.226667)
(14.775000000000142,689.193333)
(14.775000000000142,689.32)
(14.780000000000143,689.186667)
(14.785000000000142,689.093333)
(14.790000000000143,689.053333)
(14.795000000000142,689.16)
(14.800000000000143,689.18)
(14.800000000000143,689.153333)
(14.80416666666681,689.093333)
(14.808333333333476,688.993333)
(14.812500000000142,689.106667)
(14.81666666666681,689.24)
(14.820833333333477,689.113333)
(14.825000000000143,689.12)
(14.825000000000143,689.22)
(14.82916666666681,689.253333)
(14.833333333333476,689.186667)
(14.837500000000144,689.206667)
(14.84166666666681,689.266667)
(14.845833333333477,689.04)
(14.850000000000144,689.433333)
(14.850000000000144,689.206667)
(14.855000000000144,689.32)
(14.860000000000143,689.32)
(14.865000000000144,689.46)
(14.870000000000143,689.386667)
(14.875000000000144,689.34)
(14.875000000000144,689.366667)
(14.880000000000145,689.48)
(14.885000000000144,689.38)
(14.890000000000144,689.213333)
(14.895000000000143,689.34)
(14.900000000000144,689.3)
(14.900000000000144,689.386667)
(14.90416666666681,689.32)
(14.908333333333477,689.446667)
(14.912500000000144,689.366667)
(14.916666666666812,689.313333)
(14.920833333333478,689.206667)
(14.925000000000145,689.406667)
(14.925000000000145,689.293333)
(14.929166666666811,689.28)
(14.933333333333477,689.52)
(14.937500000000146,689.226667)
(14.941666666666812,689.273333)
(14.945833333333479,689.246667)
(14.950000000000145,689.386667)
(14.950000000000145,689.213333)
(14.954166666666811,689.273333)
(14.958333333333478,689.18)
(14.962500000000144,689.253333)
(14.966666666666812,689.08)
(14.970833333333479,689.126667)
(14.975000000000145,689.046667)
(14.975000000000145,689.346667)
(14.980000000000146,689.333333)
(14.985000000000145,689.1)
(14.990000000000146,689.166667)
(14.995000000000145,689.14)
(15.000000000000146,689.326667)
