(155.22500000001816,652.0)
(155.22500000001816,652.0)
(155.22727272729088,654.0)
(155.2295454545636,653.0)
(155.23181818183633,653.0)
(155.23409090910906,652.0)
(155.23636363638178,652.0)
(155.23863636365454,652.0)
(155.24090909092726,652.0)
(155.2431818182,651.0)
(155.2454545454727,652.0)
(155.24772727274544,653.0)
(155.25000000001816,652.0)
(155.25000000001816,653.0)
(155.2522727272909,652.0)
(155.2545454545636,652.0)
(155.25681818183634,651.0)
(155.25909090910906,653.0)
(155.2613636363818,652.0)
(155.26363636365454,653.0)
(155.26590909092727,653.0)
(155.2681818182,652.0)
(155.27045454547272,653.0)
(155.27272727274544,653.0)
(155.27500000001817,653.0)
(155.27500000001817,652.0)
(155.2772727272909,651.0)
(155.27954545456362,652.0)
(155.28181818183634,651.0)
(155.28409090910907,652.0)
(155.2863636363818,652.0)
(155.28863636365455,653.0)
(155.29090909092727,652.0)
(155.2931818182,652.0)
(155.29545454547272,651.0)
(155.29772727274545,652.0)
(155.30000000001817,652.0)
(155.30000000001817,653.0)
(155.3017857143039,653.0)
(155.3035714285896,653.0)
(155.30535714287532,653.0)
(155.30714285716104,652.0)
(155.30892857144676,653.0)
(155.31071428573247,652.0)
(155.3125000000182,653.0)
(155.31428571430388,653.0)
(155.3160714285896,653.0)
(155.3178571428753,652.0)
(155.31964285716103,652.0)
(155.32142857144675,652.0)
(155.32321428573246,652.0)
(155.32500000001818,652.0)
(155.32500000001818,653.0)
(155.3270833333515,652.0)
(155.32916666668484,652.0)
(155.33125000001817,652.0)
(155.3333333333515,652.0)
(155.33541666668484,651.0)
(155.33750000001817,652.0)
(155.33958333335153,652.0)
(155.34166666668486,652.0)
(155.3437500000182,652.0)
(155.34583333335152,653.0)
(155.34791666668485,653.0)
(155.35000000001818,652.0)
(155.35000000001818,652.0)
(155.35125000001818,653.0)
(155.35250000001818,652.0)
(155.35375000001818,653.0)
(155.35500000001818,652.0)
(155.35625000001818,652.0)
(155.35750000001818,651.0)
(155.35875000001818,652.0)
(155.36000000001818,652.0)
(155.36125000001817,651.0)
(155.3625000000182,652.0)
(155.3637500000182,652.0)
(155.3650000000182,653.0)
(155.3662500000182,652.0)
(155.3675000000182,653.0)
(155.3687500000182,653.0)
(155.3700000000182,651.0)
(155.3712500000182,653.0)
(155.3725000000182,652.0)
(155.3737500000182,652.0)
(155.3750000000182,651.0)
(155.3750000000182,652.0)
(155.37708333335152,651.0)
(155.37916666668485,653.0)
(155.38125000001818,652.0)
(155.38333333335152,652.0)
(155.38541666668485,653.0)
(155.38750000001818,651.0)
(155.38958333335154,652.0)
(155.39166666668487,653.0)
(155.3937500000182,651.0)
(155.39583333335153,652.0)
(155.39791666668486,651.0)
(155.4000000000182,653.0)
(155.4000000000182,651.0)
(155.40166666668486,652.0)
(155.40333333335153,651.0)
(155.4050000000182,652.0)
(155.40666666668486,652.0)
(155.40833333335152,654.0)
(155.4100000000182,651.0)
(155.41166666668485,653.0)
(155.41333333335155,652.0)
(155.4150000000182,652.0)
(155.41666666668488,652.0)
(155.41833333335154,652.0)
(155.4200000000182,653.0)
(155.42166666668487,653.0)
(155.42333333335154,652.0)
(155.4250000000182,651.0)
(155.4250000000182,653.0)
(155.4375000000182,652.0)
(155.4500000000182,652.0)
(155.4500000000182,652.0)
(155.45312500001822,651.0)
(155.4562500000182,652.0)
(155.4593750000182,653.0)
(155.46250000001822,652.0)
(155.4656250000182,652.0)
(155.46875000001822,651.0)
(155.4718750000182,652.0)
(155.4750000000182,652.0)
(155.4750000000182,652.0)
(155.47666666668488,651.0)
(155.47833333335154,652.0)
(155.4800000000182,653.0)
(155.48166666668487,651.0)
(155.48333333335154,651.0)
(155.4850000000182,652.0)
(155.48666666668487,652.0)
(155.48833333335156,651.0)
(155.49000000001823,651.0)
(155.4916666666849,653.0)
(155.49333333335156,652.0)
(155.49500000001822,653.0)
(155.4966666666849,652.0)
(155.49833333335155,652.0)
(155.50000000001822,652.0)
(155.50000000001822,653.0)
(155.5014705882535,652.0)
(155.5029411764888,653.0)
(155.5044117647241,651.0)
(155.5058823529594,653.0)
(155.50735294119468,653.0)
(155.50882352942997,651.0)
(155.51029411766527,653.0)
(155.51176470590056,653.0)
(155.51323529413588,652.0)
(155.51470588237117,652.0)
(155.51617647060647,652.0)
(155.51764705884176,653.0)
(155.51911764707705,652.0)
(155.52058823531235,652.0)
(155.52205882354764,652.0)
(155.52352941178293,652.0)
(155.52500000001822,653.0)
(155.52500000001822,653.0)
(155.52708333335156,652.0)
(155.5291666666849,651.0)
(155.53125000001822,652.0)
(155.53333333335155,652.0)
(155.53541666668488,652.0)
(155.5375000000182,653.0)
(155.53958333335157,652.0)
(155.5416666666849,651.0)
(155.54375000001824,652.0)
(155.54583333335157,652.0)
(155.5479166666849,652.0)
(155.55000000001823,653.0)
(155.55000000001823,652.0)
(155.55178571430395,651.0)
(155.55357142858966,653.0)
(155.55535714287538,651.0)
(155.5571428571611,651.0)
(155.5589285714468,652.0)
(155.56071428573253,651.0)
(155.56250000001825,653.0)
(155.56428571430394,652.0)
(155.56607142858965,651.0)
(155.56785714287537,652.0)
(155.56964285716109,652.0)
(155.5714285714468,652.0)
(155.57321428573252,652.0)
(155.57500000001824,652.0)
(155.57500000001824,651.0)
(155.57727272729096,651.0)
(155.57954545456369,651.0)
(155.5818181818364,650.0)
(155.58409090910914,651.0)
(155.58636363638186,651.0)
(155.58863636365462,650.0)
(155.59090909092734,651.0)
(155.59318181820007,651.0)
(155.5954545454728,652.0)
(155.59772727274552,652.0)
(155.60000000001824,651.0)
(155.60000000001824,652.0)
(155.60192307694132,652.0)
(155.6038461538644,652.0)
(155.60576923078747,652.0)
(155.60769230771055,653.0)
(155.60961538463363,652.0)
(155.6115384615567,652.0)
(155.61346153847978,652.0)
(155.61538461540286,653.0)
(155.61730769232594,652.0)
(155.61923076924901,652.0)
(155.6211538461721,653.0)
(155.62307692309517,652.0)
(155.62500000001825,653.0)
(155.62500000001825,653.0)
(155.62708333335158,653.0)
(155.6291666666849,652.0)
(155.63125000001824,653.0)
(155.63333333335157,654.0)
(155.6354166666849,653.0)
(155.63750000001824,653.0)
(155.6395833333516,653.0)
(155.64166666668493,652.0)
(155.64375000001826,653.0)
(155.6458333333516,654.0)
(155.64791666668492,653.0)
(155.65000000001825,654.0)
(155.65000000001825,654.0)
(155.65227272729098,654.0)
(155.6545454545637,653.0)
(155.65681818183643,653.0)
(155.65909090910915,654.0)
(155.66136363638188,653.0)
(155.66363636365463,653.0)
(155.66590909092736,653.0)
(155.66818181820008,654.0)
(155.6704545454728,653.0)
(155.67272727274553,653.0)
(155.67500000001826,653.0)
(155.67500000001826,653.0)
(155.67727272729098,654.0)
(155.6795454545637,652.0)
(155.68181818183643,653.0)
(155.68409090910916,653.0)
(155.68636363638188,654.0)
(155.68863636365464,652.0)
(155.69090909092736,654.0)
(155.6931818182001,653.0)
(155.6954545454728,654.0)
(155.69772727274554,652.0)
(155.70000000001826,654.0)
(155.70000000001826,653.0)
(155.7020833333516,653.0)
(155.70416666668493,653.0)
(155.70625000001826,654.0)
(155.7083333333516,653.0)
(155.71041666668492,653.0)
(155.71250000001828,653.0)
(155.7145833333516,653.0)
(155.71666666668494,652.0)
(155.71875000001828,654.0)
(155.7208333333516,653.0)
(155.72291666668494,653.0)
(155.72500000001827,653.0)
(155.72500000001827,654.0)
(155.727272727291,653.0)
(155.72954545456372,654.0)
(155.73181818183645,654.0)
(155.73409090910917,653.0)
(155.7363636363819,652.0)
(155.73863636365465,654.0)
(155.74090909092737,653.0)
(155.7431818182001,654.0)
(155.74545454547282,654.0)
(155.74772727274555,653.0)
(155.75000000001828,654.0)
(155.75000000001828,653.0)
(155.752272727291,653.0)
(155.75454545456373,653.0)
(155.75681818183645,652.0)
(155.75909090910918,653.0)
(155.7613636363819,654.0)
(155.76363636365465,654.0)
(155.76590909092738,654.0)
(155.7681818182001,653.0)
(155.77045454547283,654.0)
(155.77272727274556,653.0)
(155.77500000001828,653.0)
(155.77500000001828,654.0)
(155.77750000001828,653.0)
(155.78000000001828,654.0)
(155.78250000001827,653.0)
(155.78500000001827,653.0)
(155.78750000001827,653.0)
(155.7900000000183,653.0)
(155.7925000000183,654.0)
(155.7950000000183,654.0)
(155.7975000000183,654.0)
(155.8000000000183,653.0)
(155.8000000000183,654.0)
(155.8000000000183,653.0)
(155.802272727291,652.0)
(155.80454545456374,652.0)
(155.80681818183646,652.0)
(155.8090909091092,654.0)
(155.8113636363819,653.0)
(155.81363636365467,654.0)
(155.8159090909274,653.0)
(155.81818181820012,654.0)
(155.82045454547284,653.0)
(155.82272727274557,653.0)
(155.8250000000183,653.0)
(155.8250000000183,653.0)
(155.82692307694137,654.0)
(155.82884615386445,653.0)
(155.83076923078752,654.0)
(155.8326923077106,653.0)
(155.83461538463368,653.0)
(155.83653846155676,653.0)
(155.83846153847983,652.0)
(155.8403846154029,652.0)
(155.842307692326,653.0)
(155.84423076924907,653.0)
(155.84615384617214,654.0)
(155.84807692309522,653.0)
(155.8500000000183,654.0)
(155.8500000000183,653.0)
(155.85227272729102,652.0)
(155.85454545456375,653.0)
(155.85681818183647,653.0)
(155.8590909091092,653.0)
(155.86136363638192,654.0)
(155.86363636365468,653.0)
(155.8659090909274,654.0)
(155.86818181820013,654.0)
(155.87045454547285,653.0)
(155.87272727274558,653.0)
(155.8750000000183,654.0)
(155.8750000000183,654.0)
(155.87678571430402,653.0)
(155.87857142858974,653.0)
(155.88035714287545,653.0)
(155.88214285716117,654.0)
(155.8839285714469,654.0)
(155.8857142857326,652.0)
(155.8875000000183,653.0)
(155.889285714304,653.0)
(155.89107142858973,653.0)
(155.89285714287544,654.0)
(155.89464285716116,654.0)
(155.89642857144688,652.0)
(155.8982142857326,653.0)
(155.9000000000183,653.0)
(155.9000000000183,653.0)
(155.90208333335164,653.0)
(155.90416666668497,653.0)
(155.9062500000183,653.0)
(155.90833333335164,653.0)
(155.91041666668497,653.0)
(155.91250000001833,653.0)
(155.91458333335166,653.0)
(155.916666666685,653.0)
(155.91875000001832,654.0)
(155.92083333335165,653.0)
(155.92291666668498,653.0)
(155.92500000001831,652.0)
(155.92500000001831,652.0)
(155.9269230769414,653.0)
(155.92884615386447,651.0)
(155.93076923078755,653.0)
(155.93269230771062,652.0)
(155.9346153846337,652.0)
(155.93653846155678,653.0)
(155.93846153847986,653.0)
(155.94038461540293,654.0)
(155.942307692326,653.0)
(155.9442307692491,651.0)
(155.94615384617217,652.0)
(155.94807692309524,652.0)
(155.95000000001832,652.0)
(155.95000000001832,653.0)
(155.9519230769414,653.0)
(155.95384615386448,652.0)
(155.95576923078755,652.0)
(155.95769230771063,652.0)
(155.9596153846337,653.0)
(155.96153846155678,652.0)
(155.96346153847986,653.0)
(155.96538461540294,652.0)
(155.96730769232602,651.0)
(155.9692307692491,653.0)
(155.97115384617217,651.0)
(155.97307692309525,652.0)
(155.97500000001833,651.0)
(155.97500000001833,652.0)
(155.97727272729105,652.0)
(155.97954545456378,652.0)
(155.9818181818365,651.0)
(155.98409090910923,652.0)
(155.98636363638195,652.0)
(155.9886363636547,651.0)
(155.99090909092743,652.0)
(155.99318181820016,652.0)
(155.99545454547288,651.0)
(155.9977272727456,651.0)
(156.00000000001833,652.0)
(156.00000000001833,650.0)
(156.001666666685,651.0)
(156.00333333335166,652.0)
(156.00500000001833,650.0)
(156.006666666685,651.0)
(156.00833333335166,652.0)
(156.01000000001832,651.0)
(156.011666666685,651.0)
(156.01333333335168,651.0)
(156.01500000001835,652.0)
(156.016666666685,651.0)
(156.01833333335168,650.0)
(156.02000000001834,652.0)
(156.021666666685,651.0)
(156.02333333335167,652.0)
(156.02500000001834,651.0)
(156.02500000001834,651.0)
(156.02692307694142,652.0)
(156.0288461538645,651.0)
(156.03076923078757,652.0)
(156.03269230771065,652.0)
(156.03461538463372,651.0)
(156.0365384615568,652.0)
(156.03846153847988,650.0)
(156.04038461540296,652.0)
(156.04230769232603,652.0)
(156.0442307692491,652.0)
(156.0461538461722,651.0)
(156.04807692309527,651.0)
(156.05000000001834,650.0)
(156.05000000001834,652.0)
(156.051666666685,651.0)
(156.05333333335167,650.0)
(156.05500000001834,652.0)
(156.056666666685,651.0)
(156.05833333335167,650.0)
(156.06000000001833,650.0)
(156.061666666685,652.0)
(156.0633333333517,650.0)
(156.06500000001836,651.0)
(156.06666666668502,651.0)
(156.0683333333517,651.0)
(156.07000000001835,651.0)
(156.07166666668502,651.0)
(156.07333333335168,653.0)
(156.07500000001835,651.0)
(156.07500000001835,651.0)
(156.07727272729107,651.0)
(156.0795454545638,651.0)
(156.08181818183652,652.0)
(156.08409090910925,652.0)
(156.08636363638198,651.0)
(156.08863636365473,651.0)
(156.09090909092745,651.0)
(156.09318181820018,651.0)
(156.0954545454729,652.0)
(156.09772727274563,651.0)
(156.10000000001835,651.0)
(156.10000000001835,651.0)
(156.10178571430407,652.0)
(156.1035714285898,652.0)
(156.1053571428755,651.0)
(156.10714285716122,650.0)
(156.10892857144694,651.0)
(156.11071428573266,650.0)
(156.11250000001837,651.0)
(156.11428571430406,651.0)
(156.11607142858978,651.0)
(156.1178571428755,652.0)
(156.1196428571612,651.0)
(156.12142857144693,651.0)
(156.12321428573264,650.0)
(156.12500000001836,651.0)
(156.12500000001836,651.0)
(156.12727272729109,652.0)
(156.1295454545638,651.0)
(156.13181818183654,651.0)
(156.13409090910926,653.0)
(156.136363636382,652.0)
(156.13863636365474,652.0)
(156.14090909092747,652.0)
(156.1431818182002,652.0)
(156.14545454547292,650.0)
(156.14772727274564,652.0)
(156.15000000001837,651.0)
(156.15000000001837,652.0)
(156.15500000001836,650.0)
(156.16000000001836,651.0)
(156.16500000001838,651.0)
(156.17000000001838,652.0)
(156.17500000001837,652.0)
(156.17500000001837,650.0)
(156.18000000001837,651.0)
(156.18500000001836,651.0)
(156.1900000000184,651.0)
(156.19500000001838,650.0)
(156.20000000001838,651.0)
(156.20000000001838,652.0)
(156.2020833333517,651.0)
(156.20416666668504,651.0)
(156.20625000001837,652.0)
(156.2083333333517,651.0)
(156.21041666668503,651.0)
(156.2125000000184,650.0)
(156.21458333335173,653.0)
(156.21666666668506,651.0)
(156.2187500000184,651.0)
(156.22083333335172,651.0)
(156.22291666668505,651.0)
(156.22500000001838,651.0)
(156.22500000001838,650.0)
(156.22708333335171,650.0)
(156.22916666668505,650.0)
(156.23125000001838,651.0)
(156.2333333333517,651.0)
(156.23541666668504,650.0)
(156.23750000001837,651.0)
(156.23958333335173,651.0)
(156.24166666668506,651.0)
(156.2437500000184,652.0)
(156.24583333335173,651.0)
(156.24791666668506,652.0)
(156.2500000000184,650.0)
(156.2500000000184,651.0)
(156.2750000000184,651.0)
(156.2750000000184,651.0)
(156.27777777779616,651.0)
(156.28055555557395,650.0)
(156.28333333335172,651.0)
(156.28611111112951,650.0)
(156.28888888890728,650.0)
(156.29166666668507,651.0)
(156.29444444446284,651.0)
(156.29722222224063,651.0)
(156.3000000000184,651.0)
(156.3000000000184,650.0)
(156.3013888889073,651.0)
(156.30277777779617,650.0)
(156.30416666668506,650.0)
(156.30555555557396,651.0)
(156.30694444446286,649.0)
(156.30833333335173,651.0)
(156.30972222224062,650.0)
(156.31111111112952,651.0)
(156.31250000001842,649.0)
(156.3138888889073,650.0)
(156.31527777779618,651.0)
(156.31666666668508,649.0)
(156.31805555557395,649.0)
(156.31944444446285,650.0)
(156.32083333335174,650.0)
(156.32222222224064,650.0)
(156.3236111111295,649.0)
(156.3250000000184,650.0)
(156.3250000000184,650.0)
(156.32812500001842,650.0)
(156.3312500000184,649.0)
(156.3343750000184,650.0)
(156.3375000000184,648.0)
(156.3406250000184,650.0)
(156.34375000001842,649.0)
(156.3468750000184,650.0)
(156.3500000000184,650.0)
(156.3500000000184,648.0)
(156.36250000001843,649.0)
(156.37500000001842,649.0)
(156.37500000001842,649.0)
(156.37678571430413,650.0)
(156.37857142858985,648.0)
(156.38035714287557,650.0)
(156.38214285716128,649.0)
(156.383928571447,649.0)
(156.38571428573272,649.0)
(156.3875000000184,649.0)
(156.38928571430412,648.0)
(156.39107142858984,650.0)
(156.39285714287556,649.0)
(156.39464285716127,648.0)
(156.396428571447,649.0)
(156.3982142857327,649.0)
(156.40000000001842,648.0)
(156.40000000001842,648.0)
(156.40208333335175,648.0)
(156.4041666666851,648.0)
(156.40625000001842,649.0)
(156.40833333335175,650.0)
(156.41041666668508,648.0)
(156.41250000001844,648.0)
(156.41458333335177,648.0)
(156.4166666666851,650.0)
(156.41875000001843,648.0)
(156.42083333335177,648.0)
(156.4229166666851,648.0)
(156.42500000001843,648.0)
(156.42500000001843,649.0)
(156.4269230769415,648.0)
(156.42884615386458,648.0)
(156.43076923078766,649.0)
(156.43269230771074,648.0)
(156.43461538463382,648.0)
(156.4365384615569,648.0)
(156.43846153847997,648.0)
(156.44038461540305,649.0)
(156.44230769232612,649.0)
(156.4442307692492,649.0)
(156.44615384617228,650.0)
(156.44807692309536,648.0)
(156.45000000001843,648.0)
(156.45000000001843,648.0)
(156.4541666666851,649.0)
(156.45833333335176,649.0)
(156.46250000001845,649.0)
(156.46666666668511,648.0)
(156.47083333335178,648.0)
(156.47500000001844,648.0)
(156.47500000001844,648.0)
(156.48333333335177,649.0)
(156.49166666668512,649.0)
(156.50000000001845,649.0)
(156.50000000001845,648.0)
(156.52500000001845,648.0)
(156.52500000001845,649.0)
(156.55000000001846,649.0)
(156.55000000001846,649.0)
(156.55312500001847,648.0)
(156.55625000001845,649.0)
(156.55937500001846,648.0)
(156.56250000001847,649.0)
(156.56562500001846,649.0)
(156.56875000001847,649.0)
(156.57187500001845,648.0)
(156.57500000001846,648.0)
(156.57500000001846,650.0)
(156.57777777779623,648.0)
(156.58055555557402,648.0)
(156.5833333333518,648.0)
(156.58611111112958,649.0)
(156.58888888890735,648.0)
(156.59166666668514,649.0)
(156.5944444444629,648.0)
(156.5972222222407,649.0)
(156.60000000001847,649.0)
(156.60000000001847,649.0)
(156.60000000001847,648.0)
(156.62500000001847,649.0)
(156.62500000001847,649.0)
(156.62692307694155,650.0)
(156.62884615386463,649.0)
(156.6307692307877,648.0)
(156.63269230771078,649.0)
(156.63461538463386,649.0)
(156.63653846155694,649.0)
(156.63846153848002,648.0)
(156.6403846154031,649.0)
(156.64230769232617,649.0)
(156.64423076924925,648.0)
(156.64615384617233,649.0)
(156.6480769230954,649.0)
(156.65000000001848,649.0)
(156.65000000001848,649.0)
(156.6522727272912,649.0)
(156.65454545456393,648.0)
(156.65681818183666,648.0)
(156.65909090910938,649.0)
(156.6613636363821,649.0)
(156.66363636365486,649.0)
(156.66590909092758,648.0)
(156.6681818182003,648.0)
(156.67045454547304,649.0)
(156.67272727274576,648.0)
(156.67500000001849,650.0)
(156.67500000001849,648.0)
(156.6833333333518,649.0)
(156.69166666668517,649.0)
(156.7000000000185,648.0)
(156.7000000000185,648.0)
(156.7000000000185,650.0)
(156.70357142858992,650.0)
(156.70714285716136,649.0)
(156.7107142857328,649.0)
(156.7142857143042,648.0)
(156.71785714287563,649.0)
(156.72142857144706,649.0)
(156.7250000000185,649.0)
(156.7250000000185,649.0)
(156.7264705882538,649.0)
(156.72794117648908,649.0)
(156.72941176472438,649.0)
(156.73088235295967,649.0)
(156.73235294119496,649.0)
(156.73382352943025,648.0)
(156.73529411766555,649.0)
(156.73676470590084,649.0)
(156.73823529413616,649.0)
(156.73970588237145,649.0)
(156.74117647060675,648.0)
(156.74264705884204,649.0)
(156.74411764707733,648.0)
(156.74558823531262,649.0)
(156.74705882354792,649.0)
(156.7485294117832,649.0)
(156.7500000000185,649.0)
(156.7500000000185,649.0)
(156.75227272729123,649.0)
(156.75454545456395,647.0)
(156.75681818183668,648.0)
(156.7590909091094,649.0)
(156.76136363638213,648.0)
(156.76363636365488,649.0)
(156.7659090909276,648.0)
(156.76818181820033,649.0)
(156.77045454547306,647.0)
(156.77272727274578,648.0)
(156.7750000000185,649.0)
(156.7750000000185,648.0)
(156.77692307694159,648.0)
(156.77884615386466,648.0)
(156.78076923078774,648.0)
(156.78269230771082,648.0)
(156.7846153846339,648.0)
(156.78653846155697,648.0)
(156.78846153848005,649.0)
(156.79038461540313,649.0)
(156.7923076923262,649.0)
(156.79423076924928,648.0)
(156.79615384617236,647.0)
(156.79807692309544,648.0)
(156.8000000000185,648.0)
(156.8000000000185,648.0)
(156.8013157894922,647.0)
(156.80263157896587,648.0)
(156.80394736843957,648.0)
(156.80526315791326,648.0)
(156.80657894738692,648.0)
(156.80789473686062,648.0)
(156.8092105263343,647.0)
(156.81052631580798,648.0)
(156.81184210528167,648.0)
(156.81315789475536,647.0)
(156.81447368422906,647.0)
(156.81578947370272,648.0)
(156.81710526317642,648.0)
(156.8184210526501,646.0)
(156.81973684212377,647.0)
(156.82105263159747,648.0)
(156.82236842107116,647.0)
(156.82368421054483,648.0)
(156.82500000001852,648.0)
(156.82500000001852,648.0)
(156.82656250001853,648.0)
(156.82812500001853,648.0)
(156.8296875000185,647.0)
(156.8312500000185,647.0)
(156.83281250001852,646.0)
(156.83437500001853,649.0)
(156.83593750001853,647.0)
(156.8375000000185,648.0)
(156.8390625000185,648.0)
(156.84062500001852,647.0)
(156.84218750001853,647.0)
(156.84375000001853,647.0)
(156.84531250001854,646.0)
(156.8468750000185,648.0)
(156.84843750001852,646.0)
(156.85000000001853,646.0)
(156.85000000001853,648.0)
(156.85227272729125,647.0)
(156.85454545456398,646.0)
(156.8568181818367,647.0)
(156.85909090910943,647.0)
(156.86136363638215,647.0)
(156.8636363636549,647.0)
(156.86590909092763,647.0)
(156.86818181820036,647.0)
(156.87045454547308,648.0)
(156.8727272727458,646.0)
(156.87500000001853,647.0)
(156.87500000001853,646.0)
(156.8777777777963,647.0)
(156.8805555555741,647.0)
(156.88333333335186,647.0)
(156.88611111112965,647.0)
(156.88888888890742,647.0)
(156.8916666666852,647.0)
(156.89444444446298,647.0)
(156.89722222224077,647.0)
(156.90000000001854,647.0)
(156.90000000001854,647.0)
(156.92500000001854,648.0)
(156.92500000001854,647.0)
(156.92678571430426,647.0)
(156.92857142858998,648.0)
(156.9303571428757,647.0)
(156.9321428571614,647.0)
(156.93392857144713,648.0)
(156.93571428573284,647.0)
(156.93750000001853,648.0)
(156.93928571430425,647.0)
(156.94107142858996,648.0)
(156.94285714287568,647.0)
(156.9446428571614,647.0)
(156.94642857144711,647.0)
(156.94821428573283,647.0)
(156.95000000001855,648.0)
(156.95000000001855,646.0)
(156.95625000001854,646.0)
(156.96250000001857,647.0)
(156.96875000001856,647.0)
(156.97500000001855,647.0)
(156.97500000001855,647.0)
(156.97916666668522,647.0)
(156.98333333335188,647.0)
(156.98750000001854,647.0)
(156.99166666668523,647.0)
(156.9958333333519,647.0)
(157.00000000001856,646.0)
(157.00000000001856,646.0)
(157.00147058825385,647.0)
(157.00294117648914,647.0)
(157.00441176472444,648.0)
(157.00588235295973,647.0)
(157.00735294119502,647.0)
(157.00882352943032,647.0)
(157.0102941176656,647.0)
(157.0117647059009,647.0)
(157.01323529413622,647.0)
(157.01470588237152,647.0)
(157.0161764706068,646.0)
(157.0176470588421,647.0)
(157.0191176470774,648.0)
(157.0205882353127,647.0)
(157.02205882354798,647.0)
(157.02352941178327,648.0)
(157.02500000001857,647.0)
(157.02500000001857,647.0)
(157.0272727272913,648.0)
(157.02954545456402,648.0)
(157.03181818183674,647.0)
(157.03409090910947,647.0)
(157.0363636363822,647.0)
(157.03863636365494,648.0)
(157.04090909092767,647.0)
(157.0431818182004,647.0)
(157.04545454547312,647.0)
(157.04772727274585,648.0)
(157.05000000001857,647.0)
(157.05000000001857,648.0)
(157.05192307694165,647.0)
(157.05384615386473,645.0)
(157.0557692307878,647.0)
(157.05769230771088,649.0)
(157.05961538463396,647.0)
(157.06153846155703,646.0)
(157.0634615384801,647.0)
(157.0653846154032,647.0)
(157.06730769232627,647.0)
(157.06923076924934,647.0)
(157.07115384617242,647.0)
(157.0730769230955,646.0)
(157.07500000001858,648.0)
(157.07500000001858,646.0)
(157.0770833333519,647.0)
(157.07916666668524,647.0)
(157.08125000001857,647.0)
(157.0833333333519,647.0)
(157.08541666668523,648.0)
(157.08750000001857,646.0)
(157.08958333335192,647.0)
(157.09166666668526,647.0)
(157.0937500000186,648.0)
(157.09583333335192,646.0)
(157.09791666668525,647.0)
(157.10000000001858,648.0)
(157.10000000001858,646.0)
(157.10166666668525,646.0)
(157.1033333333519,647.0)
(157.10500000001858,647.0)
(157.10666666668524,647.0)
(157.1083333333519,648.0)
(157.11000000001857,647.0)
(157.11166666668524,647.0)
(157.11333333335193,648.0)
(157.1150000000186,647.0)
(157.11666666668526,647.0)
(157.11833333335193,648.0)
(157.1200000000186,647.0)
(157.12166666668526,648.0)
(157.12333333335192,647.0)
(157.1250000000186,648.0)
(157.1250000000186,647.0)
(157.12666666668525,646.0)
(157.12833333335192,647.0)
(157.13000000001858,648.0)
(157.13166666668525,647.0)
(157.1333333333519,648.0)
(157.13500000001858,648.0)
(157.13666666668524,648.0)
(157.13833333335194,648.0)
(157.1400000000186,647.0)
(157.14166666668527,647.0)
(157.14333333335193,647.0)
(157.1450000000186,646.0)
(157.14666666668526,648.0)
(157.14833333335193,647.0)
(157.1500000000186,647.0)
(157.1500000000186,647.0)
(157.15227272729132,647.0)
(157.15454545456404,647.0)
(157.15681818183677,647.0)
(157.1590909091095,647.0)
(157.16136363638222,646.0)
(157.16363636365497,647.0)
(157.1659090909277,647.0)
(157.16818181820042,647.0)
(157.17045454547315,648.0)
(157.17272727274587,647.0)
(157.1750000000186,647.0)
(157.1750000000186,648.0)
(157.17666666668526,647.0)
(157.17833333335193,646.0)
(157.1800000000186,648.0)
(157.18166666668526,648.0)
(157.18333333335192,648.0)
(157.1850000000186,647.0)
(157.18666666668526,647.0)
(157.18833333335195,647.0)
(157.1900000000186,647.0)
(157.19166666668528,647.0)
(157.19333333335194,647.0)
(157.1950000000186,647.0)
(157.19666666668527,647.0)
(157.19833333335194,648.0)
(157.2000000000186,646.0)
(157.2000000000186,647.0)
(157.20192307694168,647.0)
(157.20384615386476,647.0)
(157.20576923078784,647.0)
(157.20769230771091,647.0)
(157.209615384634,647.0)
(157.21153846155707,646.0)
(157.21346153848015,648.0)
(157.21538461540322,647.0)
(157.2173076923263,647.0)
(157.21923076924938,647.0)
(157.22115384617246,648.0)
(157.22307692309553,647.0)
(157.2250000000186,646.0)
(157.2250000000186,648.0)
(157.22727272729134,646.0)
(157.22954545456406,647.0)
(157.2318181818368,647.0)
(157.2340909091095,647.0)
(157.23636363638224,648.0)
(157.238636363655,648.0)
(157.24090909092772,647.0)
(157.24318181820044,647.0)
(157.24545454547317,648.0)
(157.2477272727459,647.0)
(157.25000000001862,648.0)
(157.25000000001862,648.0)
(157.2519230769417,648.0)
(157.25384615386477,647.0)
(157.25576923078785,648.0)
(157.25769230771093,647.0)
(157.259615384634,648.0)
(157.26153846155708,647.0)
(157.26346153848016,648.0)
(157.26538461540324,648.0)
(157.2673076923263,648.0)
(157.2692307692494,649.0)
(157.27115384617247,648.0)
(157.27307692309554,648.0)
(157.27500000001862,648.0)
(157.27500000001862,648.0)
(157.2766666666853,648.0)
(157.27833333335195,649.0)
(157.28000000001862,649.0)
(157.28166666668528,648.0)
(157.28333333335195,650.0)
(157.2850000000186,648.0)
(157.28666666668528,649.0)
(157.28833333335197,649.0)
(157.29000000001864,649.0)
(157.2916666666853,650.0)
(157.29333333335197,648.0)
(157.29500000001863,649.0)
(157.2966666666853,649.0)
(157.29833333335196,648.0)
(157.30000000001863,649.0)
(157.30000000001863,649.0)
(157.30208333335196,648.0)
(157.3041666666853,649.0)
(157.30625000001862,649.0)
(157.30833333335195,649.0)
(157.31041666668528,649.0)
(157.31250000001864,649.0)
(157.31458333335198,649.0)
(157.3166666666853,648.0)
(157.31875000001864,648.0)
(157.32083333335197,649.0)
(157.3229166666853,649.0)
(157.32500000001863,649.0)
(157.32500000001863,649.0)
(157.32727272729136,649.0)
(157.32954545456408,649.0)
(157.3318181818368,649.0)
(157.33409090910953,648.0)
(157.33636363638226,649.0)
(157.338636363655,649.0)
(157.34090909092774,649.0)
(157.34318181820046,648.0)
(157.3454545454732,649.0)
(157.3477272727459,648.0)
(157.35000000001864,649.0)
(157.35000000001864,649.0)
(157.35227272729136,650.0)
(157.3545454545641,649.0)
(157.35681818183681,648.0)
(157.35909090910954,650.0)
(157.36136363638226,649.0)
(157.36363636365502,650.0)
(157.36590909092774,650.0)
(157.36818181820047,649.0)
(157.3704545454732,650.0)
(157.37272727274592,649.0)
(157.37500000001864,649.0)
(157.37500000001864,649.0)
(157.37692307694172,649.0)
(157.3788461538648,649.0)
(157.38076923078788,649.0)
(157.38269230771095,650.0)
(157.38461538463403,650.0)
(157.3865384615571,649.0)
(157.3884615384802,649.0)
(157.39038461540326,649.0)
(157.39230769232634,650.0)
(157.39423076924942,649.0)
(157.3961538461725,649.0)
(157.39807692309557,649.0)
(157.40000000001865,649.0)
(157.40000000001865,649.0)
(157.40227272729138,650.0)
(157.4045454545641,649.0)
(157.40681818183683,649.0)
(157.40909090910955,649.0)
(157.41136363638228,650.0)
(157.41363636365503,649.0)
(157.41590909092776,649.0)
(157.41818181820048,649.0)
(157.4204545454732,648.0)
(157.42272727274593,650.0)
(157.42500000001866,650.0)
(157.42500000001866,649.0)
(157.42692307694173,650.0)
(157.4288461538648,649.0)
(157.4307692307879,649.0)
(157.43269230771097,650.0)
(157.43461538463404,649.0)
(157.43653846155712,649.0)
(157.4384615384802,649.0)
(157.44038461540327,651.0)
(157.44230769232635,649.0)
(157.44423076924943,649.0)
(157.4461538461725,649.0)
(157.44807692309558,651.0)
(157.45000000001866,648.0)
(157.45000000001866,649.0)
(157.45178571430438,650.0)
(157.4535714285901,650.0)
(157.4553571428758,649.0)
(157.45714285716153,649.0)
(157.45892857144725,649.0)
(157.46071428573296,649.0)
(157.46250000001868,650.0)
(157.46428571430437,649.0)
(157.46607142859008,648.0)
(157.4678571428758,650.0)
(157.46964285716152,649.0)
(157.47142857144723,649.0)
(157.47321428573295,649.0)
(157.47500000001867,650.0)
(157.47500000001867,650.0)
(157.477083333352,650.0)
(157.47916666668533,649.0)
(157.48125000001866,649.0)
(157.483333333352,649.0)
(157.48541666668532,649.0)
(157.48750000001866,649.0)
(157.48958333335202,650.0)
(157.49166666668535,649.0)
(157.49375000001868,648.0)
(157.495833333352,650.0)
(157.49791666668534,649.0)
(157.50000000001867,650.0)
(157.50000000001867,650.0)
(157.50277777779644,648.0)
(157.50555555557423,649.0)
(157.508333333352,649.0)
(157.5111111111298,649.0)
(157.51388888890756,650.0)
(157.51666666668535,650.0)
(157.51944444446312,649.0)
(157.5222222222409,650.0)
(157.52500000001868,649.0)
(157.52500000001868,649.0)
(157.53750000001867,649.0)
(157.55000000001868,649.0)
(157.55000000001868,650.0)
(157.5750000000187,650.0)
(157.5750000000187,649.0)
(157.57727272729142,649.0)
(157.57954545456414,650.0)
(157.58181818183687,649.0)
(157.5840909091096,648.0)
(157.58636363638232,650.0)
(157.58863636365507,650.0)
(157.5909090909278,649.0)
(157.59318181820052,650.0)
(157.59545454547325,650.0)
(157.59772727274597,649.0)
(157.6000000000187,649.0)
(157.6000000000187,650.0)
(157.60227272729142,649.0)
(157.60454545456415,649.0)
(157.60681818183687,649.0)
(157.6090909091096,649.0)
(157.61136363638232,650.0)
(157.61363636365508,649.0)
(157.6159090909278,649.0)
(157.61818181820053,650.0)
(157.62045454547325,650.0)
(157.62272727274598,650.0)
(157.6250000000187,649.0)
(157.6250000000187,650.0)
(157.6500000000187,650.0)
(157.6500000000187,650.0)
(157.65227272729143,649.0)
(157.65454545456416,649.0)
(157.65681818183688,650.0)
(157.6590909091096,650.0)
(157.66136363638233,650.0)
(157.6636363636551,650.0)
(157.6659090909278,649.0)
(157.66818181820054,650.0)
(157.67045454547326,649.0)
(157.672727272746,650.0)
(157.6750000000187,649.0)
(157.6750000000187,649.0)
(157.6750000000187,650.0)
(157.6750000000187,649.0)
(157.67656250001872,650.0)
(157.67812500001872,650.0)
(157.6796875000187,651.0)
(157.6812500000187,650.0)
(157.6828125000187,650.0)
(157.68437500001872,650.0)
(157.68593750001872,650.0)
(157.6875000000187,650.0)
(157.6890625000187,649.0)
(157.6906250000187,650.0)
(157.69218750001872,650.0)
(157.69375000001872,650.0)
(157.69531250001873,651.0)
(157.6968750000187,651.0)
(157.6984375000187,651.0)
(157.70000000001872,651.0)
(157.70000000001872,651.0)
(157.70833333335204,651.0)
(157.7166666666854,651.0)
(157.72500000001872,650.0)
(157.72500000001872,651.0)
(157.72857142859016,651.0)
(157.7321428571616,650.0)
(157.73571428573302,650.0)
(157.73928571430443,652.0)
(157.74285714287586,651.0)
(157.7464285714473,651.0)
(157.75000000001873,651.0)
(157.75000000001873,651.0)
(157.7516666666854,651.0)
(157.75333333335206,652.0)
(157.75500000001873,653.0)
(157.7566666666854,652.0)
(157.75833333335206,651.0)
(157.76000000001872,651.0)
(157.7616666666854,652.0)
(157.76333333335208,651.0)
(157.76500000001874,652.0)
(157.7666666666854,652.0)
(157.76833333335207,651.0)
(157.77000000001874,651.0)
(157.7716666666854,651.0)
(157.77333333335207,651.0)
(157.77500000001874,651.0)
(157.77500000001874,652.0)
(157.77708333335207,651.0)
(157.7791666666854,652.0)
(157.78125000001873,651.0)
(157.78333333335206,652.0)
(157.7854166666854,652.0)
(157.78750000001872,653.0)
(157.78958333335208,652.0)
(157.79166666668542,652.0)
(157.79375000001875,652.0)
(157.79583333335208,652.0)
(157.7979166666854,652.0)
(157.80000000001874,652.0)
(157.80000000001874,652.0)
(157.80208333335207,652.0)
(157.8041666666854,652.0)
(157.80625000001874,651.0)
(157.80833333335207,651.0)
(157.8104166666854,651.0)
(157.81250000001876,652.0)
(157.8145833333521,653.0)
(157.81666666668542,651.0)
(157.81875000001875,651.0)
(157.82083333335208,652.0)
(157.82291666668542,652.0)
(157.82500000001875,652.0)
(157.82500000001875,653.0)
(157.82708333335208,652.0)
(157.8291666666854,652.0)
(157.83125000001874,652.0)
(157.83333333335207,652.0)
(157.8354166666854,653.0)
(157.83750000001874,652.0)
(157.8395833333521,651.0)
(157.84166666668543,651.0)
(157.84375000001876,652.0)
(157.8458333333521,651.0)
(157.84791666668542,652.0)
(157.85000000001875,651.0)
(157.85000000001875,652.0)
(157.85208333335208,652.0)
(157.85416666668542,651.0)
(157.85625000001875,651.0)
(157.85833333335208,652.0)
(157.8604166666854,652.0)
(157.86250000001877,651.0)
(157.8645833333521,652.0)
(157.86666666668543,651.0)
(157.86875000001876,651.0)
(157.8708333333521,652.0)
(157.87291666668543,651.0)
(157.87500000001876,651.0)
(157.87500000001876,653.0)
(157.87727272729148,652.0)
(157.8795454545642,652.0)
(157.88181818183693,652.0)
(157.88409090910966,651.0)
(157.88636363638238,652.0)
(157.88863636365514,652.0)
(157.89090909092786,652.0)
(157.8931818182006,651.0)
(157.8954545454733,653.0)
(157.89772727274604,653.0)
(157.90000000001876,652.0)
(157.90000000001876,653.0)
(157.9020833333521,653.0)
(157.90416666668543,651.0)
(157.90625000001876,653.0)
(157.9083333333521,653.0)
(157.91041666668542,652.0)
(157.91250000001878,652.0)
(157.9145833333521,652.0)
(157.91666666668544,653.0)
(157.91875000001878,651.0)
(157.9208333333521,651.0)
(157.92291666668544,653.0)
(157.92500000001877,652.0)
(157.92500000001877,652.0)
(157.92692307694185,652.0)
(157.92884615386492,651.0)
(157.930769230788,652.0)
(157.93269230771108,651.0)
(157.93461538463416,651.0)
(157.93653846155723,651.0)
(157.9384615384803,651.0)
(157.9403846154034,651.0)
(157.94230769232647,652.0)
(157.94423076924954,652.0)
(157.94615384617262,652.0)
(157.9480769230957,652.0)
(157.95000000001878,652.0)
(157.95000000001878,652.0)
(157.95192307694185,652.0)
(157.95384615386493,652.0)
(157.955769230788,652.0)
(157.95769230771108,653.0)
(157.95961538463416,651.0)
(157.96153846155724,652.0)
(157.96346153848032,651.0)
(157.9653846154034,653.0)
(157.96730769232647,653.0)
(157.96923076924955,652.0)
(157.97115384617263,651.0)
(157.9730769230957,651.0)
(157.97500000001878,652.0)
(157.97500000001878,651.0)
(157.9772727272915,653.0)
(157.97954545456423,653.0)
(157.98181818183696,653.0)
(157.98409090910968,652.0)
(157.9863636363824,651.0)
(157.98863636365516,651.0)
(157.9909090909279,652.0)
(157.9931818182006,650.0)
(157.99545454547334,652.0)
(157.99772727274606,652.0)
(158.0000000000188,652.0)
(158.0000000000188,651.0)
(158.0017857143045,651.0)
(158.00357142859022,652.0)
(158.00535714287594,652.0)
(158.00714285716165,652.0)
(158.00892857144737,652.0)
(158.0107142857331,652.0)
(158.0125000000188,653.0)
(158.0142857143045,651.0)
(158.0160714285902,653.0)
(158.01785714287593,652.0)
(158.01964285716164,652.0)
(158.02142857144736,652.0)
(158.02321428573308,653.0)
(158.0250000000188,653.0)
(158.0250000000188,652.0)
(158.02857142859023,654.0)
(158.03214285716166,653.0)
(158.0357142857331,654.0)
(158.0392857143045,653.0)
(158.04285714287593,653.0)
(158.04642857144736,652.0)
(158.0500000000188,653.0)
(158.0500000000188,654.0)
(158.05416666668546,653.0)
(158.05833333335212,652.0)
(158.06250000001882,652.0)
(158.06666666668548,652.0)
(158.07083333335214,652.0)
(158.0750000000188,654.0)
(158.0750000000188,653.0)
(158.1000000000188,653.0)
(158.1000000000188,653.0)
(158.10227272729153,654.0)
(158.10454545456426,652.0)
(158.10681818183699,652.0)
(158.1090909091097,652.0)
(158.11136363638244,651.0)
(158.1136363636552,653.0)
(158.11590909092791,654.0)
(158.11818181820064,652.0)
(158.12045454547336,651.0)
(158.1227272727461,652.0)
(158.12500000001882,653.0)
(158.12500000001882,651.0)
(158.1264705882541,652.0)
(158.1279411764894,652.0)
(158.1294117647247,652.0)
(158.13088235296,651.0)
(158.13235294119528,652.0)
(158.13382352943057,651.0)
(158.13529411766586,651.0)
(158.13676470590116,651.0)
(158.13823529413648,651.0)
(158.13970588237177,651.0)
(158.14117647060706,651.0)
(158.14264705884236,651.0)
(158.14411764707765,651.0)
(158.14558823531294,651.0)
(158.14705882354824,651.0)
(158.14852941178353,651.0)
(158.15000000001882,653.0)
(158.15000000001882,651.0)
(158.15178571430454,650.0)
(158.15357142859025,651.0)
(158.15535714287597,652.0)
(158.1571428571617,650.0)
(158.1589285714474,652.0)
(158.16071428573312,651.0)
(158.16250000001884,650.0)
(158.16428571430453,650.0)
(158.16607142859024,651.0)
(158.16785714287596,652.0)
(158.16964285716168,652.0)
(158.1714285714474,652.0)
(158.1732142857331,652.0)
(158.17500000001883,653.0)
(158.17500000001883,651.0)
(158.1766666666855,652.0)
(158.17833333335216,652.0)
(158.18000000001882,652.0)
(158.1816666666855,651.0)
(158.18333333335215,652.0)
(158.18500000001882,652.0)
(158.18666666668548,652.0)
(158.18833333335218,652.0)
(158.19000000001884,652.0)
(158.1916666666855,652.0)
(158.19333333335217,652.0)
(158.19500000001884,652.0)
(158.1966666666855,652.0)
(158.19833333335217,651.0)
(158.20000000001883,651.0)
(158.20000000001883,651.0)
(158.2016666666855,652.0)
(158.20333333335216,651.0)
(158.20500000001883,651.0)
(158.2066666666855,653.0)
(158.20833333335216,651.0)
(158.21000000001882,653.0)
(158.2116666666855,651.0)
(158.21333333335218,651.0)
(158.21500000001885,652.0)
(158.2166666666855,651.0)
(158.21833333335218,652.0)
(158.22000000001884,652.0)
(158.2216666666855,651.0)
(158.22333333335217,651.0)
(158.22500000001884,651.0)
(158.22500000001884,651.0)
(158.22656250001884,652.0)
(158.22812500001885,652.0)
(158.22968750001883,652.0)
(158.23125000001883,652.0)
(158.23281250001884,651.0)
(158.23437500001884,651.0)
(158.23593750001885,651.0)
(158.23750000001883,652.0)
(158.23906250001883,652.0)
(158.24062500001884,652.0)
(158.24218750001884,652.0)
(158.24375000001885,650.0)
(158.24531250001885,651.0)
(158.24687500001883,652.0)
(158.24843750001884,652.0)
(158.25000000001884,651.0)
(158.25000000001884,651.0)
(158.25208333335218,652.0)
(158.2541666666855,650.0)
(158.25625000001884,653.0)
(158.25833333335217,651.0)
(158.2604166666855,652.0)
(158.26250000001886,651.0)
(158.2645833333522,651.0)
(158.26666666668552,652.0)
(158.26875000001885,651.0)
(158.2708333333522,652.0)
(158.27291666668552,652.0)
(158.27500000001885,651.0)
(158.27500000001885,651.0)
(158.27692307694193,651.0)
(158.278846153865,652.0)
(158.28076923078808,651.0)
(158.28269230771116,651.0)
(158.28461538463424,651.0)
(158.2865384615573,651.0)
(158.2884615384804,651.0)
(158.29038461540347,651.0)
(158.29230769232655,651.0)
(158.29423076924962,651.0)
(158.2961538461727,652.0)
(158.29807692309578,651.0)
(158.30000000001885,651.0)
(158.30000000001885,651.0)
(158.3020833333522,652.0)
(158.30416666668552,652.0)
(158.30625000001885,652.0)
(158.30833333335218,651.0)
(158.3104166666855,651.0)
(158.31250000001887,651.0)
(158.3145833333522,652.0)
(158.31666666668553,650.0)
(158.31875000001887,651.0)
(158.3208333333522,653.0)
(158.32291666668553,654.0)
(158.32500000001886,651.0)
(158.32500000001886,652.0)
(158.32656250001887,651.0)
(158.32812500001887,651.0)
(158.32968750001885,653.0)
(158.33125000001885,652.0)
(158.33281250001886,651.0)
(158.33437500001887,652.0)
(158.33593750001887,653.0)
(158.33750000001885,652.0)
(158.33906250001885,652.0)
(158.34062500001886,652.0)
(158.34218750001887,652.0)
(158.34375000001887,652.0)
(158.34531250001888,652.0)
(158.34687500001885,652.0)
(158.34843750001886,653.0)
(158.35000000001887,652.0)
(158.35000000001887,652.0)
(158.3520833333522,653.0)
(158.35416666668553,651.0)
(158.35625000001886,651.0)
(158.3583333333522,653.0)
(158.36041666668552,652.0)
(158.36250000001888,652.0)
(158.36458333335221,651.0)
(158.36666666668555,653.0)
(158.36875000001888,652.0)
(158.3708333333522,652.0)
(158.37291666668554,653.0)
(158.37500000001887,653.0)
(158.37500000001887,653.0)
(158.37692307694195,652.0)
(158.37884615386503,653.0)
(158.3807692307881,651.0)
(158.38269230771118,652.0)
(158.38461538463426,652.0)
(158.38653846155734,652.0)
(158.3884615384804,653.0)
(158.3903846154035,652.0)
(158.39230769232657,651.0)
(158.39423076924965,653.0)
(158.39615384617272,651.0)
(158.3980769230958,652.0)
(158.40000000001888,651.0)
(158.40000000001888,653.0)
(158.40277777779664,652.0)
(158.40555555557444,652.0)
(158.4083333333522,652.0)
(158.41111111113,653.0)
(158.41388888890776,652.0)
(158.41666666668556,652.0)
(158.41944444446332,652.0)
(158.42222222224112,652.0)
(158.42500000001888,653.0)
(158.42500000001888,653.0)
(158.4333333333522,653.0)
(158.44166666668556,653.0)
(158.4500000000189,652.0)
(158.4500000000189,652.0)
(158.45208333335222,653.0)
(158.45416666668555,651.0)
(158.45625000001888,652.0)
(158.45833333335221,652.0)
(158.46041666668555,652.0)
(158.4625000000189,652.0)
(158.46458333335224,651.0)
(158.46666666668557,652.0)
(158.4687500000189,651.0)
(158.47083333335223,652.0)
(158.47291666668556,652.0)
(158.4750000000189,651.0)
(158.4750000000189,654.0)
(158.47692307694197,652.0)
(158.47884615386505,652.0)
(158.48076923078813,651.0)
(158.4826923077112,653.0)
(158.48461538463428,652.0)
(158.48653846155736,653.0)
(158.48846153848044,653.0)
(158.4903846154035,652.0)
(158.4923076923266,652.0)
(158.49423076924967,651.0)
(158.49615384617275,652.0)
(158.49807692309582,652.0)
(158.5000000000189,652.0)
(158.5000000000189,651.0)
(158.5013888889078,653.0)
(158.50277777779667,652.0)
(158.50416666668556,652.0)
(158.50555555557446,652.0)
(158.50694444446336,652.0)
(158.50833333335223,652.0)
(158.50972222224112,653.0)
(158.51111111113002,652.0)
(158.51250000001892,651.0)
(158.5138888889078,652.0)
(158.51527777779668,652.0)
(158.51666666668558,652.0)
(158.51805555557445,652.0)
(158.51944444446335,653.0)
(158.52083333335224,653.0)
(158.52222222224114,653.0)
(158.52361111113,652.0)
(158.5250000000189,652.0)
(158.5250000000189,652.0)
(158.5250000000189,652.0)
(158.52727272729163,652.0)
(158.52954545456436,652.0)
(158.53181818183708,652.0)
(158.5340909091098,652.0)
(158.53636363638253,652.0)
(158.53863636365529,651.0)
(158.540909090928,651.0)
(158.54318181820074,652.0)
(158.54545454547346,652.0)
(158.5477272727462,652.0)
(158.5500000000189,652.0)
(158.5500000000189,653.0)
(158.55208333335224,651.0)
(158.55416666668557,651.0)
(158.5562500000189,652.0)
(158.55833333335224,653.0)
(158.56041666668557,652.0)
(158.56250000001893,652.0)
(158.56458333335226,652.0)
(158.5666666666856,653.0)
(158.56875000001892,653.0)
(158.57083333335225,653.0)
(158.5729166666856,653.0)
(158.57500000001892,652.0)
(158.57500000001892,653.0)
(158.57727272729164,651.0)
(158.57954545456437,653.0)
(158.5818181818371,653.0)
(158.58409090910982,653.0)
(158.58636363638254,652.0)
(158.5886363636553,653.0)
(158.59090909092802,652.0)
(158.59318181820075,653.0)
(158.59545454547347,652.0)
(158.5977272727462,652.0)
(158.60000000001892,653.0)
(158.60000000001892,651.0)
(158.60250000001892,652.0)
(158.60500000001892,652.0)
(158.60750000001892,653.0)
(158.6100000000189,653.0)
(158.61250000001894,652.0)
(158.61500000001894,653.0)
(158.61750000001894,652.0)
(158.62000000001893,652.0)
(158.62250000001893,652.0)
(158.62500000001893,653.0)
(158.62500000001893,652.0)
(158.63333333335225,653.0)
(158.6416666666856,653.0)
(158.65000000001893,652.0)
(158.65000000001893,653.0)
(158.65227272729166,652.0)
(158.65454545456438,653.0)
(158.6568181818371,653.0)
(158.65909090910984,653.0)
(158.66136363638256,653.0)
(158.6636363636553,654.0)
(158.66590909092804,651.0)
(158.66818181820076,653.0)
(158.6704545454735,653.0)
(158.67272727274622,652.0)
(158.67500000001894,653.0)
(158.67500000001894,653.0)
(158.68333333335227,653.0)
(158.69166666668562,654.0)
(158.70000000001895,652.0)
(158.70000000001895,652.0)
(158.70000000001895,653.0)
(158.70208333335228,653.0)
(158.7041666666856,653.0)
(158.70625000001894,653.0)
(158.70833333335227,654.0)
(158.7104166666856,653.0)
(158.71250000001896,653.0)
(158.7145833333523,652.0)
(158.71666666668563,653.0)
(158.71875000001896,653.0)
(158.7208333333523,653.0)
(158.72291666668562,653.0)
(158.72500000001895,652.0)
(158.72500000001895,652.0)
(158.72727272729168,652.0)
(158.7295454545644,653.0)
(158.73181818183713,652.0)
(158.73409090910985,653.0)
(158.73636363638258,652.0)
(158.73863636365533,652.0)
(158.74090909092806,652.0)
(158.74318181820078,651.0)
(158.7454545454735,652.0)
(158.74772727274623,652.0)
(158.75000000001896,652.0)
(158.75000000001896,652.0)
(158.75166666668562,653.0)
(158.7533333333523,653.0)
(158.75500000001895,653.0)
(158.75666666668562,653.0)
(158.75833333335228,652.0)
(158.76000000001895,652.0)
(158.7616666666856,652.0)
(158.7633333333523,652.0)
(158.76500000001897,652.0)
(158.76666666668564,652.0)
(158.7683333333523,652.0)
(158.77000000001897,652.0)
(158.77166666668563,653.0)
(158.7733333333523,651.0)
(158.77500000001896,651.0)
(158.77500000001896,652.0)
(158.7772727272917,652.0)
(158.7795454545644,652.0)
(158.78181818183714,652.0)
(158.78409090910986,653.0)
(158.7863636363826,652.0)
(158.78863636365534,652.0)
(158.79090909092807,652.0)
(158.7931818182008,653.0)
(158.79545454547352,652.0)
(158.79772727274624,653.0)
(158.80000000001897,652.0)
(158.80000000001897,652.0)
(158.8022727272917,652.0)
(158.80454545456442,653.0)
(158.80681818183714,652.0)
(158.80909090910987,653.0)
(158.8113636363826,652.0)
(158.81363636365535,651.0)
(158.81590909092807,653.0)
(158.8181818182008,652.0)
(158.82045454547352,653.0)
(158.82272727274625,651.0)
(158.82500000001897,652.0)
(158.82500000001897,652.0)
(158.8272727272917,652.0)
(158.82954545456442,653.0)
(158.83181818183715,653.0)
(158.83409090910988,652.0)
(158.8363636363826,652.0)
(158.83863636365535,652.0)
(158.84090909092808,652.0)
(158.8431818182008,652.0)
(158.84545454547353,652.0)
(158.84772727274625,653.0)
(158.85000000001898,651.0)
(158.85000000001898,652.0)
(158.8522727272917,652.0)
(158.85454545456443,652.0)
(158.85681818183716,653.0)
(158.85909090910988,651.0)
(158.8613636363826,652.0)
(158.86363636365536,652.0)
(158.86590909092808,652.0)
(158.8681818182008,653.0)
(158.87045454547354,652.0)
(158.87272727274626,653.0)
(158.87500000001899,652.0)
(158.87500000001899,653.0)
(158.8772727272917,652.0)
(158.87954545456444,652.0)
(158.88181818183716,652.0)
(158.8840909091099,653.0)
(158.8863636363826,652.0)
(158.88863636365537,652.0)
(158.8909090909281,652.0)
(158.89318181820082,652.0)
(158.89545454547354,653.0)
(158.89772727274627,652.0)
(158.900000000019,651.0)
(158.900000000019,652.0)
(158.90625000001899,652.0)
(158.912500000019,652.0)
(158.918750000019,652.0)
(158.925000000019,652.0)
(158.925000000019,653.0)
(158.92692307694207,652.0)
(158.92884615386515,653.0)
(158.93076923078823,652.0)
(158.9326923077113,653.0)
(158.93461538463438,652.0)
(158.93653846155746,653.0)
(158.93846153848054,652.0)
(158.94038461540362,652.0)
(158.9423076923267,652.0)
(158.94423076924977,653.0)
(158.94615384617285,653.0)
(158.94807692309593,652.0)
(158.950000000019,653.0)
(158.950000000019,652.0)
(158.955000000019,653.0)
(158.960000000019,652.0)
(158.96500000001902,653.0)
(158.970000000019,651.0)
(158.975000000019,652.0)
(158.975000000019,653.0)
(158.975000000019,652.0)
(158.980000000019,653.0)
(158.985000000019,653.0)
(158.99000000001902,652.0)
(158.99500000001902,652.0)
(159.000000000019,652.0)
(159.000000000019,652.0)
(159.000000000019,652.0)
(159.00178571430473,653.0)
(159.00357142859045,653.0)
(159.00535714287616,653.0)
(159.00714285716188,652.0)
(159.0089285714476,652.0)
(159.01071428573331,652.0)
(159.01250000001903,652.0)
(159.01428571430472,652.0)
(159.01607142859044,653.0)
(159.01785714287615,651.0)
(159.01964285716187,652.0)
(159.0214285714476,653.0)
(159.0232142857333,652.0)
(159.02500000001902,651.0)
(159.02500000001902,653.0)
(159.0269230769421,652.0)
(159.02884615386517,653.0)
(159.03076923078825,652.0)
(159.03269230771133,651.0)
(159.0346153846344,652.0)
(159.03653846155748,652.0)
(159.03846153848056,653.0)
(159.04038461540364,652.0)
(159.04230769232672,653.0)
(159.0442307692498,653.0)
(159.04615384617287,652.0)
(159.04807692309595,652.0)
(159.05000000001903,651.0)
(159.05000000001903,653.0)
(159.05357142859046,653.0)
(159.0571428571619,651.0)
(159.06071428573333,651.0)
(159.06428571430473,653.0)
(159.06785714287616,653.0)
(159.0714285714476,653.0)
(159.07500000001903,651.0)
(159.07500000001903,651.0)
(159.08125000001903,652.0)
(159.08750000001902,653.0)
(159.09375000001904,652.0)
(159.10000000001904,652.0)
(159.10000000001904,653.0)
(159.10192307694211,652.0)
(159.1038461538652,653.0)
(159.10576923078827,651.0)
(159.10769230771135,653.0)
(159.10961538463442,652.0)
(159.1115384615575,653.0)
(159.11346153848058,652.0)
(159.11538461540366,653.0)
(159.11730769232673,652.0)
(159.1192307692498,651.0)
(159.1211538461729,651.0)
(159.12307692309597,653.0)
(159.12500000001904,651.0)
(159.12500000001904,652.0)
(159.12692307694212,652.0)
(159.1288461538652,652.0)
(159.13076923078827,652.0)
(159.13269230771135,652.0)
(159.13461538463443,652.0)
(159.1365384615575,652.0)
(159.13846153848058,652.0)
(159.14038461540366,653.0)
(159.14230769232674,652.0)
(159.14423076924982,652.0)
(159.1461538461729,653.0)
(159.14807692309597,652.0)
(159.15000000001905,652.0)
(159.15000000001905,652.0)
(159.15156250001905,652.0)
(159.15312500001906,652.0)
(159.15468750001904,653.0)
(159.15625000001904,652.0)
(159.15781250001905,653.0)
(159.15937500001905,651.0)
(159.16093750001906,653.0)
(159.16250000001907,652.0)
(159.16406250001904,652.0)
(159.16562500001905,652.0)
(159.16718750001905,652.0)
(159.16875000001906,652.0)
(159.17031250001907,652.0)
(159.17187500001904,652.0)
(159.17343750001905,652.0)
(159.17500000001905,652.0)
(159.17500000001905,652.0)
(159.17692307694213,652.0)
(159.1788461538652,652.0)
(159.1807692307883,652.0)
(159.18269230771136,652.0)
(159.18461538463444,651.0)
(159.18653846155752,652.0)
(159.1884615384806,652.0)
(159.19038461540367,651.0)
(159.19230769232675,653.0)
(159.19423076924983,653.0)
(159.1961538461729,652.0)
(159.19807692309598,651.0)
(159.20000000001906,652.0)
(159.20000000001906,652.0)
(159.2020833333524,652.0)
(159.20416666668572,653.0)
(159.20625000001905,653.0)
(159.20833333335239,653.0)
(159.21041666668572,652.0)
(159.21250000001908,652.0)
(159.2145833333524,652.0)
(159.21666666668574,651.0)
(159.21875000001907,652.0)
(159.2208333333524,652.0)
(159.22291666668573,652.0)
(159.22500000001907,653.0)
(159.22500000001907,652.0)
(159.22500000001907,652.0)
(159.22750000001906,651.0)
(159.23000000001906,652.0)
(159.23250000001906,652.0)
(159.23500000001906,652.0)
(159.23750000001905,651.0)
(159.24000000001908,651.0)
(159.24250000001908,652.0)
(159.24500000001908,652.0)
(159.24750000001907,652.0)
(159.25000000001907,653.0)
(159.25000000001907,652.0)
(159.27500000001908,652.0)
(159.27500000001908,653.0)
(159.27500000001908,653.0)
(159.2770833333524,654.0)
(159.27916666668574,653.0)
(159.28125000001907,652.0)
(159.2833333333524,652.0)
(159.28541666668573,652.0)
(159.28750000001907,653.0)
(159.28958333335243,650.0)
(159.29166666668576,653.0)
(159.2937500000191,652.0)
(159.29583333335242,653.0)
(159.29791666668575,651.0)
(159.30000000001908,653.0)
(159.30000000001908,652.0)
(159.3250000000191,652.0)
(159.3250000000191,653.0)
(159.32708333335242,653.0)
(159.32916666668575,652.0)
(159.33125000001908,654.0)
(159.3333333333524,651.0)
(159.33541666668575,653.0)
(159.33750000001908,652.0)
(159.33958333335244,653.0)
(159.34166666668577,651.0)
(159.3437500000191,652.0)
(159.34583333335243,652.0)
(159.34791666668576,653.0)
(159.3500000000191,652.0)
(159.3500000000191,652.0)
(159.3514705882544,652.0)
(159.35294117648968,652.0)
(159.35441176472497,653.0)
(159.35588235296026,651.0)
(159.35735294119556,652.0)
(159.35882352943085,653.0)
(159.36029411766614,652.0)
(159.36176470590144,652.0)
(159.36323529413676,653.0)
(159.36470588237205,652.0)
(159.36617647060734,653.0)
(159.36764705884264,652.0)
(159.36911764707793,652.0)
(159.37058823531322,651.0)
(159.3720588235485,652.0)
(159.3735294117838,652.0)
(159.3750000000191,651.0)
(159.3750000000191,652.0)
(159.37708333335243,652.0)
(159.37916666668576,652.0)
(159.3812500000191,651.0)
(159.38333333335243,652.0)
(159.38541666668576,652.0)
(159.3875000000191,651.0)
(159.38958333335245,653.0)
(159.39166666668578,652.0)
(159.3937500000191,651.0)
(159.39583333335244,652.0)
(159.39791666668577,653.0)
(159.4000000000191,652.0)
(159.4000000000191,652.0)
(159.40178571430482,651.0)
(159.40357142859054,652.0)
(159.40535714287626,653.0)
(159.40714285716197,653.0)
(159.4089285714477,652.0)
(159.4107142857334,653.0)
(159.41250000001912,652.0)
(159.4142857143048,653.0)
(159.41607142859053,651.0)
(159.41785714287624,651.0)
(159.41964285716196,651.0)
(159.42142857144768,653.0)
(159.4232142857334,651.0)
(159.4250000000191,652.0)
(159.4250000000191,652.0)
(159.42708333335244,653.0)
(159.42916666668577,651.0)
(159.4312500000191,652.0)
(159.43333333335244,653.0)
(159.43541666668577,651.0)
(159.4375000000191,652.0)
(159.43958333335246,652.0)
(159.4416666666858,651.0)
(159.44375000001912,652.0)
(159.44583333335245,652.0)
(159.44791666668579,652.0)
(159.45000000001912,652.0)
(159.45000000001912,653.0)
(159.45208333335245,652.0)
(159.45416666668578,652.0)
(159.4562500000191,652.0)
(159.45833333335244,651.0)
(159.46041666668577,652.0)
(159.46250000001913,652.0)
(159.46458333335246,652.0)
(159.4666666666858,652.0)
(159.46875000001913,651.0)
(159.47083333335246,652.0)
(159.4729166666858,652.0)
(159.47500000001912,652.0)
(159.47500000001912,653.0)
(159.47727272729185,652.0)
(159.47954545456457,652.0)
(159.4818181818373,652.0)
(159.48409090911002,652.0)
(159.48636363638275,652.0)
(159.4886363636555,652.0)
(159.49090909092823,652.0)
(159.49318181820095,652.0)
(159.49545454547368,652.0)
(159.4977272727464,653.0)
(159.50000000001913,651.0)
(159.50000000001913,651.0)
(159.50227272729185,653.0)
(159.50454545456458,653.0)
(159.5068181818373,652.0)
(159.50909090911003,652.0)
(159.51136363638275,653.0)
(159.5136363636555,652.0)
(159.51590909092823,652.0)
(159.51818181820096,652.0)
(159.52045454547368,651.0)
(159.5227272727464,652.0)
(159.52500000001913,652.0)
(159.52500000001913,652.0)
(159.52750000001913,652.0)
(159.53000000001913,652.0)
(159.53250000001913,653.0)
(159.53500000001912,652.0)
(159.53750000001912,652.0)
(159.54000000001915,653.0)
(159.54250000001915,651.0)
(159.54500000001914,652.0)
(159.54750000001914,652.0)
(159.55000000001914,652.0)
(159.55000000001914,651.0)
(159.55192307694222,653.0)
(159.5538461538653,652.0)
(159.55576923078837,651.0)
(159.55769230771145,652.0)
(159.55961538463453,651.0)
(159.5615384615576,652.0)
(159.56346153848068,652.0)
(159.56538461540376,652.0)
(159.56730769232684,652.0)
(159.5692307692499,653.0)
(159.571153846173,652.0)
(159.57307692309607,652.0)
(159.57500000001914,652.0)
(159.57500000001914,651.0)
(159.57727272729187,652.0)
(159.5795454545646,652.0)
(159.58181818183732,652.0)
(159.58409090911005,652.0)
(159.58636363638277,652.0)
(159.58863636365552,652.0)
(159.59090909092825,652.0)
(159.59318181820097,651.0)
(159.5954545454737,651.0)
(159.59772727274643,652.0)
(159.60000000001915,653.0)
(159.60000000001915,651.0)
(159.60208333335248,652.0)
(159.6041666666858,652.0)
(159.60625000001914,651.0)
(159.60833333335248,651.0)
(159.6104166666858,653.0)
(159.61250000001917,652.0)
(159.6145833333525,652.0)
(159.61666666668583,652.0)
(159.61875000001916,652.0)
(159.6208333333525,652.0)
(159.62291666668582,651.0)
(159.62500000001916,652.0)
(159.62500000001916,653.0)
(159.6270833333525,651.0)
(159.62916666668582,652.0)
(159.63125000001915,652.0)
(159.63333333335248,652.0)
(159.6354166666858,652.0)
(159.63750000001914,652.0)
(159.6395833333525,652.0)
(159.64166666668584,651.0)
(159.64375000001917,652.0)
(159.6458333333525,651.0)
(159.64791666668583,651.0)
(159.65000000001916,652.0)
(159.65000000001916,651.0)
(159.65277777779693,653.0)
(159.65555555557472,652.0)
(159.6583333333525,652.0)
(159.66111111113028,653.0)
(159.66388888890805,653.0)
(159.66666666668584,651.0)
(159.6694444444636,652.0)
(159.6722222222414,652.0)
(159.67500000001917,651.0)
(159.67500000001917,652.0)
(159.6833333333525,653.0)
(159.69166666668585,651.0)
(159.70000000001917,651.0)
(159.70000000001917,651.0)
(159.7017857143049,652.0)
(159.7035714285906,652.0)
(159.70535714287632,653.0)
(159.70714285716204,652.0)
(159.70892857144776,651.0)
(159.71071428573347,652.0)
(159.7125000000192,651.0)
(159.71428571430488,652.0)
(159.7160714285906,653.0)
(159.7178571428763,652.0)
(159.71964285716203,653.0)
(159.72142857144775,652.0)
(159.72321428573346,653.0)
(159.72500000001918,652.0)
(159.72500000001918,652.0)
(159.72666666668584,652.0)
(159.7283333333525,652.0)
(159.73000000001917,651.0)
(159.73166666668584,652.0)
(159.7333333333525,652.0)
(159.73500000001917,653.0)
(159.73666666668584,652.0)
(159.73833333335253,652.0)
(159.7400000000192,652.0)
(159.74166666668586,652.0)
(159.74333333335252,652.0)
(159.7450000000192,653.0)
(159.74666666668585,652.0)
(159.74833333335252,653.0)
(159.75000000001918,652.0)
(159.75000000001918,652.0)
(159.7750000000192,653.0)
(159.7750000000192,651.0)
(159.77727272729192,653.0)
(159.77954545456464,651.0)
(159.78181818183737,653.0)
(159.7840909091101,652.0)
(159.78636363638282,652.0)
(159.78863636365557,652.0)
(159.7909090909283,652.0)
(159.79318181820102,651.0)
(159.79545454547375,650.0)
(159.79772727274647,653.0)
(159.8000000000192,652.0)
(159.8000000000192,653.0)
(159.80357142859063,652.0)
(159.80714285716206,651.0)
(159.8107142857335,652.0)
(159.8142857143049,652.0)
(159.81785714287633,651.0)
(159.82142857144777,652.0)
(159.8250000000192,652.0)
(159.8250000000192,652.0)
(159.82857142859064,652.0)
(159.83214285716207,651.0)
(159.8357142857335,652.0)
(159.8392857143049,653.0)
(159.84285714287634,652.0)
(159.84642857144777,652.0)
(159.8500000000192,652.0)
(159.8500000000192,652.0)
(159.85178571430492,652.0)
(159.85357142859064,650.0)
(159.85535714287636,652.0)
(159.85714285716207,653.0)
(159.8589285714478,652.0)
(159.8607142857335,651.0)
(159.86250000001922,651.0)
(159.8642857143049,652.0)
(159.86607142859063,651.0)
(159.86785714287635,652.0)
(159.86964285716206,652.0)
(159.87142857144778,653.0)
(159.8732142857335,652.0)
(159.8750000000192,652.0)
(159.8750000000192,651.0)
(159.87678571430493,652.0)
(159.87857142859065,652.0)
(159.88035714287636,652.0)
(159.88214285716208,651.0)
(159.8839285714478,652.0)
(159.8857142857335,652.0)
(159.8875000000192,651.0)
(159.88928571430492,651.0)
(159.89107142859064,653.0)
(159.89285714287635,652.0)
(159.89464285716207,652.0)
(159.89642857144779,652.0)
(159.8982142857335,651.0)
(159.90000000001922,653.0)
(159.90000000001922,651.0)
(159.90227272729194,653.0)
(159.90454545456467,651.0)
(159.9068181818374,652.0)
(159.90909090911012,651.0)
(159.91136363638284,651.0)
(159.9136363636556,653.0)
(159.91590909092832,652.0)
(159.91818181820105,652.0)
(159.92045454547377,651.0)
(159.9227272727465,651.0)
(159.92500000001922,652.0)
(159.92500000001922,652.0)
(159.9291666666859,653.0)
(159.93333333335255,652.0)
(159.9375000000192,653.0)
(159.9416666666859,652.0)
(159.94583333335257,652.0)
(159.95000000001923,653.0)
(159.95000000001923,651.0)
(159.9541666666859,651.0)
(159.95833333335256,652.0)
(159.96250000001925,652.0)
(159.9666666666859,651.0)
(159.97083333335257,653.0)
(159.97500000001924,653.0)
(159.97500000001924,652.0)
(159.97708333335257,652.0)
(159.9791666666859,652.0)
(159.98125000001923,653.0)
(159.98333333335256,652.0)
(159.9854166666859,652.0)
(159.98750000001922,652.0)
(159.98958333335258,653.0)
(159.99166666668592,651.0)
(159.99375000001925,652.0)
(159.99583333335258,651.0)
(159.9979166666859,651.0)
(160.00000000001924,651.0)
(160.00000000001924,652.0)
(160.00227272729197,653.0)
(160.0045454545647,650.0)
(160.00681818183742,653.0)
(160.00909090911014,652.0)
(160.01136363638287,651.0)
(160.01363636365562,651.0)
(160.01590909092835,653.0)
(160.01818181820107,653.0)
(160.0204545454738,652.0)
(160.02272727274652,652.0)
(160.02500000001925,652.0)
(160.02500000001925,653.0)
(160.02678571430496,651.0)
(160.02857142859068,652.0)
(160.0303571428764,651.0)
(160.0321428571621,652.0)
(160.03392857144783,651.0)
(160.03571428573355,653.0)
(160.03750000001924,651.0)
(160.03928571430495,653.0)
(160.04107142859067,653.0)
(160.0428571428764,653.0)
(160.0446428571621,652.0)
(160.04642857144782,652.0)
(160.04821428573354,652.0)
(160.05000000001925,653.0)
(160.05000000001925,652.0)
(160.05227272729198,651.0)
(160.0545454545647,652.0)
(160.05681818183743,652.0)
(160.05909090911015,651.0)
(160.06136363638288,653.0)
(160.06363636365563,651.0)
(160.06590909092836,652.0)
(160.06818181820108,652.0)
(160.0704545454738,653.0)
(160.07272727274653,651.0)
(160.07500000001926,651.0)
(160.07500000001926,652.0)
(160.07692307694234,652.0)
(160.0788461538654,652.0)
(160.0807692307885,653.0)
(160.08269230771157,652.0)
(160.08461538463465,653.0)
(160.08653846155772,653.0)
(160.0884615384808,652.0)
(160.09038461540388,654.0)
(160.09230769232695,651.0)
(160.09423076925003,652.0)
(160.0961538461731,652.0)
(160.0980769230962,652.0)
(160.10000000001926,652.0)
(160.10000000001926,652.0)
(160.102272727292,653.0)
(160.10454545456471,653.0)
(160.10681818183744,653.0)
(160.10909090911017,653.0)
(160.1113636363829,653.0)
(160.11363636365564,653.0)
(160.11590909092837,651.0)
(160.1181818182011,652.0)
(160.12045454547382,651.0)
(160.12272727274654,652.0)
(160.12500000001927,652.0)
(160.12500000001927,652.0)
(160.1270833333526,652.0)
(160.12916666668593,652.0)
(160.13125000001926,652.0)
(160.1333333333526,652.0)
(160.13541666668593,652.0)
(160.13750000001926,652.0)
(160.13958333335262,653.0)
(160.14166666668595,653.0)
(160.14375000001928,652.0)
(160.1458333333526,653.0)
(160.14791666668594,652.0)
(160.15000000001928,653.0)
(160.15000000001928,651.0)
(160.152272727292,652.0)
(160.15454545456473,652.0)
(160.15681818183745,653.0)
(160.15909090911018,652.0)
(160.1613636363829,652.0)
(160.16363636365566,651.0)
(160.16590909092838,652.0)
(160.1681818182011,652.0)
(160.17045454547383,652.0)
(160.17272727274656,652.0)
(160.17500000001928,652.0)
(160.17500000001928,651.0)
(160.17666666668595,651.0)
(160.1783333333526,652.0)
(160.18000000001928,652.0)
(160.18166666668594,652.0)
(160.1833333333526,652.0)
(160.18500000001927,652.0)
(160.18666666668594,652.0)
(160.18833333335263,653.0)
(160.1900000000193,652.0)
(160.19166666668596,651.0)
(160.19333333335263,652.0)
(160.1950000000193,653.0)
(160.19666666668596,652.0)
(160.19833333335262,652.0)
(160.2000000000193,651.0)
(160.2000000000193,652.0)
(160.201785714305,651.0)
(160.20357142859072,653.0)
(160.20535714287644,652.0)
(160.20714285716215,652.0)
(160.20892857144787,652.0)
(160.2107142857336,652.0)
(160.2125000000193,652.0)
(160.214285714305,652.0)
(160.2160714285907,652.0)
(160.21785714287643,651.0)
(160.21964285716214,652.0)
(160.22142857144786,651.0)
(160.22321428573358,652.0)
(160.2250000000193,653.0)
