(40.12499999999879,684.086667)
(40.12499999999879,684.086667)
(40.129166666665455,684.026667)
(40.133333333332125,684.113333)
(40.137499999998795,684.026667)
(40.14166666666546,683.986667)
(40.14583333333212,684.046667)
(40.14999999999879,683.78)
(40.14999999999879,684.086667)
(40.15249999999879,683.873333)
(40.15499999999879,683.966667)
(40.15749999999879,684.273333)
(40.15999999999879,683.926667)
(40.162499999998786,683.986667)
(40.16499999999879,683.813333)
(40.16749999999879,683.78)
(40.16999999999879,683.893333)
(40.17249999999879,683.64)
(40.17499999999879,683.866667)
(40.17499999999879,683.98)
(40.18749999999879,684.12)
(40.19999999999879,684.326667)
(40.19999999999879,683.886667)
(40.19999999999879,683.953333)
(40.20499999999879,683.753333)
(40.209999999998786,683.966667)
(40.21499999999879,683.826667)
(40.219999999998784,684.2)
(40.224999999998786,684.293333)
(40.224999999998786,683.953333)
(40.224999999998786,684.053333)
(40.249999999998785,684.033333)
(40.249999999998785,683.733333)
(40.25833333333212,683.573333)
(40.26666666666545,683.853333)
(40.27499999999878,683.746667)
(40.27499999999878,683.94)
(40.29999999999878,683.7)
(40.29999999999878,683.926667)
(40.304999999998785,683.746667)
(40.30999999999878,683.653333)
(40.31499999999878,683.486667)
(40.31999999999878,683.646667)
(40.32499999999878,683.746667)
(40.32499999999878,683.78)
(40.333333333332114,683.906667)
(40.341666666665446,683.806667)
(40.34999999999878,683.913333)
(40.34999999999878,683.966667)
(40.362499999998775,683.893333)
(40.37499999999878,684.053333)
(40.37499999999878,683.853333)
(40.378571428570204,683.66)
(40.38214285714164,683.846667)
(40.385714285713064,683.48)
(40.38928571428449,683.88)
(40.39285714285592,683.88)
(40.39642857142735,684.16)
(40.399999999998776,684.1)
(40.399999999998776,683.86)
(40.404166666665446,684.233333)
(40.40833333333211,684.04)
(40.41249999999877,684.073333)
(40.41666666666544,684.18)
(40.42083333333211,683.846667)
(40.424999999998775,683.993333)
(40.424999999998775,684.126667)
(40.4285714285702,683.933333)
(40.432142857141635,683.84)
(40.43571428571306,684.013333)
(40.43928571428449,683.733333)
(40.442857142855914,684.073333)
(40.44642857142735,684.02)
(40.449999999998774,684.086667)
(40.449999999998774,684.306667)
(40.454166666665444,683.866667)
(40.45833333333211,683.713333)
(40.46249999999877,684.146667)
(40.46666666666544,683.946667)
(40.47083333333211,684.013333)
(40.47499999999877,683.953333)
(40.47499999999877,684.093333)
(40.479166666665435,683.92)
(40.483333333332105,683.86)
(40.487499999998775,683.773333)
(40.49166666666544,684.253333)
(40.4958333333321,684.12)
(40.49999999999877,684.106667)
(40.49999999999877,684.326667)
(40.50499999999877,684.326667)
(40.50999999999877,684.146667)
(40.51499999999877,684.32)
(40.51999999999877,684.14)
(40.52499999999877,684.08)
(40.52499999999877,684.32)
(40.52916666666543,684.286667)
(40.5333333333321,684.166667)
(40.53749999999877,684.1)
(40.541666666665435,684.04)
(40.5458333333321,683.64)
(40.54999999999877,683.446667)
(40.54999999999877,683.453333)
(40.55416666666544,683.786667)
(40.5583333333321,683.626667)
(40.562499999998764,683.166667)
(40.566666666665434,683.146667)
(40.570833333332104,682.833333)
(40.57499999999877,683.24)
(40.57499999999877,682.786667)
(40.57499999999877,682.513333)
(40.58124999999877,682.246667)
(40.58749999999877,682.486667)
(40.593749999998764,682.6)
(40.599999999998765,682.193333)
(40.599999999998765,682.306667)
(40.60357142857019,682.526667)
(40.607142857141625,682.573333)
(40.61071428571305,682.52)
(40.61428571428448,682.226667)
(40.617857142855904,682.3)
(40.62142857142734,682.3)
(40.624999999998764,682.526667)
(40.624999999998764,682.546667)
(40.629999999998766,682.28)
(40.63499999999876,682.26)
(40.639999999998764,682.16)
(40.64499999999876,682.133333)
(40.64999999999876,682.193333)
(40.64999999999876,682.233333)
(40.64999999999876,682.42)
(40.654999999998765,682.213333)
(40.65999999999876,682.513333)
(40.66499999999876,682.313333)
(40.66999999999876,682.486667)
(40.67499999999876,682.446667)
(40.67499999999876,681.813333)
(40.69999999999876,682.16)
(40.69999999999876,682.24)
(40.70833333333209,682.093333)
(40.716666666665425,682.08)
(40.72499999999876,681.68)
(40.72499999999876,681.973333)
(40.72916666666542,682.186667)
(40.73333333333209,682.393333)
(40.73749999999876,682.28)
(40.741666666665424,682.073333)
(40.74583333333209,682.38)
(40.74999999999876,682.4)
(40.74999999999876,682.86)
(40.75499999999876,683.66)
(40.759999999998755,686.9)
(40.76499999999876,685.5)
(40.76999999999875,688.713333)
(40.774999999998755,688.233333)
(40.774999999998755,688.66)
(40.77916666666542,688.606667)
(40.78333333333209,688.593333)
(40.78749999999876,688.68)
(40.79166666666542,688.733333)
(40.795833333332084,688.566667)
(40.799999999998754,688.62)
(40.799999999998754,688.56)
(40.804166666665424,688.393333)
(40.80833333333209,688.406667)
(40.81249999999875,688.753333)
(40.81666666666542,688.673333)
(40.82083333333209,688.78)
(40.82499999999875,688.586667)
(40.82499999999875,688.686667)
(40.829166666665415,688.846667)
(40.833333333332085,688.806667)
(40.837499999998755,688.86)
(40.84166666666542,688.5)
(40.84583333333208,688.78)
(40.84999999999875,688.466667)
(40.84999999999875,688.546667)
(40.85499999999875,688.62)
(40.85999999999875,688.533333)
(40.86499999999875,688.613333)
(40.86999999999875,688.74)
(40.87499999999875,688.72)
(40.87499999999875,688.806667)
(40.87916666666541,688.8)
(40.88333333333208,688.72)
(40.88749999999875,688.76)
(40.891666666665415,688.78)
(40.89583333333208,688.746667)
(40.89999999999875,688.793333)
(40.89999999999875,688.786667)
(40.90416666666542,688.686667)
(40.90833333333208,688.746667)
(40.912499999998744,688.94)
(40.916666666665414,688.76)
(40.920833333332084,688.573333)
(40.92499999999875,688.833333)
(40.92499999999875,688.46)
(40.92916666666541,688.566667)
(40.93333333333208,688.62)
(40.93749999999875,688.76)
(40.94166666666541,688.666667)
(40.945833333332075,688.64)
(40.949999999998745,688.653333)
(40.949999999998745,688.686667)
(40.954166666665415,688.58)
(40.95833333333208,688.673333)
(40.96249999999874,688.926667)
(40.96666666666541,688.706667)
(40.97083333333208,688.913333)
(40.974999999998744,688.566667)
(40.974999999998744,688.58)
(40.97916666666541,688.846667)
(40.98333333333208,688.606667)
(40.98749999999875,688.573333)
(40.99166666666541,688.58)
(40.99583333333207,688.946667)
(40.99999999999874,688.713333)
(40.99999999999874,688.726667)
(41.00416666666541,688.66)
(41.008333333332075,688.453333)
(41.01249999999874,688.273333)
(41.01666666666541,688.633333)
(41.02083333333208,688.66)
(41.02499999999874,688.706667)
(41.02499999999874,688.54)
(41.029166666665404,688.62)
(41.033333333332074,688.533333)
(41.037499999998744,688.44)
(41.04166666666541,688.453333)
(41.04583333333207,688.406667)
(41.04999999999874,688.54)
(41.04999999999874,688.206667)
(41.05499999999874,688.373333)
(41.05999999999874,688.873333)
(41.06499999999874,688.6)
(41.069999999998736,689.226667)
(41.07499999999874,689.326667)
(41.07499999999874,689.566667)
(41.0791666666654,689.766667)
(41.08333333333207,690.746667)
(41.08749999999874,691.12)
(41.091666666665404,691.206667)
(41.09583333333207,691.16)
(41.09999999999874,690.326667)
(41.09999999999874,691.106667)
(41.09999999999874,691.12)
(41.10624999999874,690.633333)
(41.11249999999873,690.613333)
(41.118749999998734,690.766667)
(41.124999999998735,690.513333)
(41.124999999998735,690.573333)
(41.12812499999873,690.206667)
(41.13124999999874,689.493333)
(41.134374999998734,689.453333)
(41.13749999999874,689.333333)
(41.140624999998735,689.02)
(41.14374999999873,688.313333)
(41.14687499999874,688.18)
(41.149999999998734,688.606667)
(41.149999999998734,688.0)
(41.154166666665404,687.8)
(41.15833333333207,687.666667)
(41.16249999999873,687.36)
(41.1666666666654,687.4)
(41.17083333333207,686.96)
(41.17499999999873,686.7)
(41.17499999999873,686.666667)
(41.179166666665395,686.4)
(41.183333333332065,686.326667)
(41.187499999998735,686.093333)
(41.1916666666654,686.266667)
(41.19583333333206,686.093333)
(41.19999999999873,686.286667)
(41.19999999999873,686.04)
(41.2041666666654,686.266667)
(41.208333333332064,685.96)
(41.21249999999873,685.873333)
(41.2166666666654,685.666667)
(41.22083333333207,685.58)
(41.22499999999873,686.046667)
(41.22499999999873,685.686667)
(41.22916666666539,685.446667)
(41.23333333333206,685.84)
(41.23749999999873,685.473333)
(41.241666666665395,685.613333)
(41.24583333333206,685.693333)
(41.24999999999873,685.5)
(41.24999999999873,685.486667)
(41.24999999999873,685.773333)
(41.25624999999873,685.66)
(41.262499999998724,685.82)
(41.268749999998725,685.746667)
(41.27499999999873,685.5)
(41.27499999999873,685.453333)
(41.299999999998725,685.58)
(41.299999999998725,685.646667)
(41.30357142857015,685.513333)
(41.307142857141585,685.533333)
(41.31071428571301,685.626667)
(41.31428571428444,685.773333)
(41.317857142855864,685.666667)
(41.3214285714273,685.64)
(41.324999999998724,685.533333)
(41.324999999998724,685.326667)
(41.32916666666539,685.233333)
(41.33333333333206,685.346667)
(41.33749999999873,685.74)
(41.34166666666539,685.586667)
(41.34583333333205,685.506667)
(41.34999999999872,685.58)
(41.34999999999872,685.573333)
(41.35416666666539,685.62)
(41.358333333332055,685.533333)
(41.36249999999872,685.68)
(41.36666666666539,685.2)
(41.37083333333206,685.473333)
(41.37499999999872,685.42)
(41.37499999999872,685.44)
(41.379999999998724,685.606667)
(41.38499999999872,685.54)
(41.38999999999872,685.68)
(41.39499999999872,685.7)
(41.39999999999872,685.746667)
(41.39999999999872,685.713333)
(41.403571428570146,685.513333)
(41.40714285714158,685.673333)
(41.410714285713006,685.68)
(41.41428571428443,685.786667)
(41.41785714285586,685.693333)
(41.42142857142729,685.68)
(41.42499999999872,685.5)
(41.42499999999872,685.746667)
(41.42916666666538,685.76)
(41.43333333333205,685.953333)
(41.43749999999872,685.806667)
(41.441666666665384,685.64)
(41.44583333333205,685.566667)
(41.44999999999872,685.62)
(41.44999999999872,685.586667)
(41.45499999999872,685.733333)
(41.459999999998715,685.593333)
(41.46499999999872,685.42)
(41.46999999999871,685.473333)
(41.474999999998715,685.506667)
(41.474999999998715,685.4)
(41.499999999998714,685.56)
(41.499999999998714,684.98)
(41.506249999998715,684.946667)
(41.51249999999871,684.953333)
(41.51874999999871,684.606667)
(41.52499999999871,684.213333)
(41.52499999999871,683.733333)
(41.529166666665375,684.04)
(41.533333333332045,683.686667)
(41.537499999998715,683.453333)
(41.54166666666538,683.213333)
(41.54583333333204,683.026667)
(41.54999999999871,682.646667)
(41.54999999999871,682.346667)
(41.554999999998714,682.04)
(41.55999999999871,682.626667)
(41.56499999999871,681.94)
(41.56999999999871,681.673333)
(41.57499999999871,681.886667)
(41.57499999999871,681.346667)
(41.57916666666537,681.673333)
(41.58333333333204,681.246667)
(41.58749999999871,680.986667)
(41.591666666665375,681.426667)
(41.59583333333204,681.133333)
(41.59999999999871,681.26)
(41.59999999999871,681.166667)
(41.59999999999871,681.173333)
(41.59999999999871,681.14)
(41.60499999999871,680.826667)
(41.609999999998706,680.886667)
(41.61499999999871,680.76)
(41.619999999998704,680.833333)
(41.62499999999871,680.673333)
(41.62499999999871,680.566667)
(41.62916666666537,680.826667)
(41.63333333333204,680.62)
(41.63749999999871,680.673333)
(41.64166666666537,680.553333)
(41.645833333332035,680.58)
(41.649999999998705,680.373333)
(41.649999999998705,680.373333)
(41.65357142857013,680.446667)
(41.657142857141565,680.333333)
(41.66071428571299,680.34)
(41.66428571428442,680.513333)
(41.667857142855844,680.24)
(41.67142857142728,680.34)
(41.674999999998704,680.4)
(41.674999999998704,680.353333)
(41.67999999999871,680.38)
(41.6849999999987,680.253333)
(41.689999999998705,680.28)
(41.6949999999987,680.34)
(41.6999999999987,680.36)
(41.6999999999987,680.32)
(41.708333333332035,680.2)
(41.71666666666537,680.253333)
(41.7249999999987,680.326667)
(41.7249999999987,680.306667)
(41.733333333332034,680.4)
(41.74166666666537,680.306667)
(41.7499999999987,680.393333)
(41.7499999999987,680.3)
(41.75416666666537,680.44)
(41.75833333333203,680.353333)
(41.762499999998695,680.36)
(41.766666666665365,680.3)
(41.770833333332035,680.2)
(41.7749999999987,680.3)
(41.7749999999987,680.513333)
(41.7799999999987,680.273333)
(41.784999999998696,680.3)
(41.7899999999987,680.266667)
(41.794999999998694,680.38)
(41.7999999999987,680.413333)
(41.7999999999987,680.213333)
(41.80416666666537,680.22)
(41.80833333333203,680.36)
(41.81249999999869,680.253333)
(41.81666666666536,680.266667)
(41.82083333333203,680.293333)
(41.824999999998695,680.193333)
(41.824999999998695,680.313333)
(41.82916666666536,680.266667)
(41.83333333333203,680.38)
(41.8374999999987,680.393333)
(41.84166666666536,680.266667)
(41.845833333332024,680.32)
(41.849999999998694,680.386667)
(41.849999999998694,680.373333)
(41.8549999999987,680.506667)
(41.85999999999869,680.36)
(41.864999999998695,680.326667)
(41.86999999999869,680.186667)
(41.87499999999869,680.28)
(41.87499999999869,680.26)
(41.879166666665355,680.36)
(41.883333333332025,680.173333)
(41.887499999998695,680.36)
(41.89166666666536,680.253333)
(41.89583333333202,680.333333)
(41.89999999999869,680.293333)
(41.89999999999869,680.293333)
(41.90416666666536,680.333333)
(41.908333333332024,680.286667)
(41.91249999999869,680.34)
(41.91666666666536,680.46)
(41.92083333333203,680.346667)
(41.92499999999869,680.166667)
(41.92499999999869,680.426667)
(41.92916666666535,680.293333)
(41.93333333333202,680.26)
(41.93749999999869,680.326667)
(41.941666666665355,680.366667)
(41.94583333333202,680.18)
(41.94999999999869,680.366667)
(41.94999999999869,680.36)
(41.953124999998685,680.326667)
(41.95624999999869,680.113333)
(41.95937499999869,680.333333)
(41.962499999998684,680.206667)
(41.96562499999869,680.2)
(41.968749999998685,680.173333)
(41.97187499999869,680.12)
(41.97499999999869,680.146667)
(41.97499999999869,680.046667)
(41.98749999999869,680.086667)
(41.999999999998685,680.0)
(41.999999999998685,680.046667)
(42.00833333333202,679.993333)
(42.01666666666535,679.92)
(42.024999999998684,679.9)
(42.024999999998684,679.966667)
(42.02812499999868,679.913333)
(42.031249999998685,679.94)
(42.03437499999868,679.893333)
(42.03749999999869,679.86)
(42.040624999998684,679.846667)
(42.04374999999868,679.88)
(42.046874999998685,679.706667)
(42.04999999999868,679.873333)
(42.04999999999868,679.806667)
(42.05416666666535,679.82)
(42.058333333332016,679.82)
(42.06249999999868,679.766667)
(42.06666666666535,679.746667)
(42.07083333333202,679.76)
(42.07499999999868,679.753333)
(42.07499999999868,679.773333)
(42.079999999998684,679.533333)
(42.08499999999868,679.56)
(42.08999999999868,679.566667)
(42.09499999999868,679.58)
(42.09999999999868,679.46)
(42.09999999999868,679.393333)
(42.12499999999868,679.313333)
(42.12499999999868,679.373333)
(42.14999999999868,679.306667)
(42.14999999999868,679.38)
(42.14999999999868,679.42)
(42.16249999999867,679.366667)
(42.174999999998676,679.48)
(42.174999999998676,679.486667)
(42.1785714285701,679.42)
(42.182142857141535,679.473333)
(42.18571428571296,679.346667)
(42.18928571428439,679.353333)
(42.192857142855814,679.4)
(42.19642857142725,679.406667)
(42.199999999998674,679.333333)
(42.199999999998674,679.373333)
(42.204166666665344,679.173333)
(42.20833333333201,679.16)
(42.21249999999867,679.326667)
(42.21666666666534,679.226667)
(42.22083333333201,679.386667)
(42.22499999999867,679.373333)
(42.22499999999867,679.326667)
(42.229999999998675,679.313333)
(42.23499999999867,679.34)
(42.23999999999867,679.166667)
(42.24499999999867,679.373333)
(42.24999999999867,679.28)
(42.24999999999867,679.44)
(42.254999999998674,679.313333)
(42.25999999999867,679.353333)
(42.26499999999867,679.426667)
(42.26999999999867,679.386667)
(42.27499999999867,679.313333)
(42.27499999999867,679.32)
(42.27916666666533,679.413333)
(42.283333333332,679.4)
(42.28749999999867,679.293333)
(42.291666666665336,679.1)
(42.295833333332,679.16)
(42.29999999999867,679.32)
(42.29999999999867,679.226667)
(42.30416666666534,679.313333)
(42.308333333332,679.293333)
(42.312499999998664,679.26)
(42.316666666665334,679.42)
(42.320833333332004,679.253333)
(42.32499999999867,679.28)
(42.32499999999867,679.233333)
(42.349999999998666,679.266667)
(42.349999999998666,679.526667)
(42.35624999999867,679.366667)
(42.36249999999866,679.446667)
(42.36874999999866,679.386667)
(42.374999999998664,679.233333)
(42.374999999998664,679.413333)
(42.37916666666533,679.426667)
(42.383333333332,679.393333)
(42.38749999999867,679.413333)
(42.39166666666533,679.186667)
(42.39583333333199,679.113333)
(42.39999999999866,679.386667)
(42.39999999999866,679.24)
(42.408333333331996,679.206667)
(42.41666666666533,679.266667)
(42.42499999999866,679.34)
(42.42499999999866,679.253333)
(42.44999999999866,679.406667)
(42.44999999999866,679.406667)
(42.45312499999866,679.413333)
(42.45624999999866,679.38)
(42.45937499999866,679.4)
(42.462499999998656,679.433333)
(42.46562499999866,679.373333)
(42.46874999999866,679.406667)
(42.47187499999866,679.193333)
(42.47499999999866,679.36)
(42.47499999999866,679.306667)
(42.47916666666532,679.226667)
(42.48333333333199,679.253333)
(42.48749999999866,679.306667)
(42.491666666665324,679.2)
(42.49583333333199,679.266667)
(42.49999999999866,679.38)
(42.49999999999866,679.26)
(42.50277777777644,679.173333)
(42.50555555555421,679.246667)
(42.50833333333199,679.173333)
(42.51111111110977,679.306667)
(42.51388888888754,679.24)
(42.51666666666532,679.306667)
(42.5194444444431,679.273333)
(42.522222222220876,679.333333)
(42.524999999998656,679.413333)
(42.524999999998656,679.433333)
(42.52916666666532,679.526667)
(42.53333333333199,679.626667)
(42.53749999999866,679.566667)
(42.54166666666532,679.64)
(42.545833333331984,679.706667)
(42.549999999998654,679.813333)
(42.549999999998654,679.886667)
(42.55312499999865,679.833333)
(42.556249999998656,679.866667)
(42.55937499999865,679.88)
(42.56249999999865,679.973333)
(42.565624999998654,679.933333)
(42.56874999999865,679.96)
(42.571874999998656,679.973333)
(42.57499999999865,679.966667)
(42.57499999999865,679.96)
(42.581249999998654,679.993333)
(42.587499999998656,679.98)
(42.59374999999865,680.06)
(42.59999999999865,680.053333)
(42.59999999999865,680.033333)
(42.59999999999865,680.126667)
(42.59999999999865,680.153333)
(42.60416666666532,680.14)
(42.608333333331984,680.213333)
(42.61249999999865,680.053333)
(42.61666666666532,680.14)
(42.62083333333199,680.2)
(42.62499999999865,680.226667)
(42.62499999999865,680.093333)
(42.62916666666531,680.193333)
(42.63333333333198,680.186667)
(42.63749999999865,680.253333)
(42.641666666665316,680.273333)
(42.64583333333198,680.266667)
(42.64999999999865,680.193333)
(42.64999999999865,680.266667)
(42.653571428570075,680.313333)
(42.65714285714151,680.393333)
(42.660714285712935,680.333333)
(42.66428571428436,680.18)
(42.66785714285579,680.333333)
(42.67142857142722,680.306667)
(42.67499999999865,680.173333)
(42.67499999999865,680.28)
(42.67999999999865,680.28)
(42.684999999998645,680.246667)
(42.68999999999865,680.366667)
(42.69499999999864,680.313333)
(42.699999999998646,680.213333)
(42.699999999998646,680.28)
(42.704166666665316,680.266667)
(42.70833333333198,680.36)
(42.71249999999864,680.193333)
(42.71666666666531,680.333333)
(42.72083333333198,680.353333)
(42.724999999998644,680.34)
(42.724999999998644,680.24)
(42.72916666666531,680.206667)
(42.73333333333198,680.253333)
(42.73749999999865,680.153333)
(42.74166666666531,680.306667)
(42.74583333333197,680.1)
(42.74999999999864,680.14)
(42.74999999999864,680.346667)
(42.75416666666531,680.173333)
(42.758333333331976,680.333333)
(42.76249999999864,680.32)
(42.76666666666531,680.226667)
(42.77083333333198,680.24)
(42.77499999999864,680.22)
(42.77499999999864,680.226667)
(42.779999999998644,680.086667)
(42.78499999999864,680.2)
(42.78999999999864,680.246667)
(42.79499999999864,680.326667)
(42.79999999999864,680.273333)
(42.79999999999864,680.18)
(42.80416666666531,680.193333)
(42.80833333333197,680.226667)
(42.812499999998636,680.173333)
(42.816666666665306,680.24)
(42.820833333331976,680.333333)
(42.82499999999864,680.26)
(42.82499999999864,680.22)
(42.8291666666653,680.166667)
(42.83333333333197,680.113333)
(42.83749999999864,680.24)
(42.841666666665304,680.2)
(42.84583333333197,680.113333)
(42.84999999999864,680.213333)
(42.84999999999864,680.34)
(42.85416666666531,680.28)
(42.85833333333197,680.28)
(42.86249999999863,680.32)
(42.8666666666653,680.273333)
(42.87083333333197,680.206667)
(42.874999999998636,680.18)
(42.874999999998636,680.22)
(42.8791666666653,680.246667)
(42.88333333333197,680.133333)
(42.88749999999864,680.133333)
(42.8916666666653,680.253333)
(42.895833333331964,680.186667)
(42.899999999998634,680.22)
(42.899999999998634,680.186667)
(42.904166666665304,680.26)
(42.90833333333197,680.22)
(42.91249999999863,680.2)
(42.9166666666653,680.2)
(42.92083333333197,680.18)
(42.92499999999863,680.166667)
(42.92499999999863,680.193333)
(42.929166666665296,680.3)
(42.933333333331966,680.34)
(42.937499999998636,680.406667)
(42.9416666666653,680.4)
(42.94583333333196,680.266667)
(42.94999999999863,680.46)
(42.94999999999863,680.466667)
(42.9541666666653,680.506667)
(42.958333333331964,680.52)
(42.96249999999863,680.52)
(42.9666666666653,680.693333)
(42.97083333333197,680.333333)
(42.97499999999863,680.533333)
(42.97499999999863,680.62)
(42.978571428570056,680.926667)
(42.98214285714149,680.753333)
(42.985714285712916,680.873333)
(42.98928571428434,680.793333)
(42.99285714285577,680.74)
(42.9964285714272,680.64)
(42.99999999999863,680.626667)
(42.99999999999863,681.186667)
(43.0041666666653,681.233333)
(43.00833333333196,681.326667)
(43.012499999998624,681.366667)
(43.016666666665294,681.306667)
(43.020833333331964,681.226667)
(43.02499999999863,681.246667)
(43.02499999999863,681.26)
(43.02916666666529,681.3)
(43.03333333333196,681.44)
(43.03749999999863,681.566667)
(43.04166666666529,682.12)
(43.045833333331956,681.766667)
(43.049999999998626,682.48)
(43.049999999998626,683.32)
(43.05499999999863,683.986667)
(43.059999999998624,683.586667)
(43.064999999998626,684.66)
(43.06999999999862,684.96)
(43.074999999998624,685.226667)
(43.074999999998624,685.293333)
(43.07916666666529,685.22)
(43.08333333333196,685.386667)
(43.08749999999863,685.173333)
(43.09166666666529,685.006667)
(43.09583333333195,685.333333)
(43.09999999999862,685.093333)
(43.09999999999862,685.14)
(43.10416666666529,685.166667)
(43.108333333331956,685.46)
(43.11249999999862,685.58)
(43.11666666666529,685.386667)
(43.12083333333196,685.22)
(43.12499999999862,685.233333)
(43.12499999999862,685.366667)
(43.129166666665284,685.606667)
(43.133333333331954,685.313333)
(43.137499999998624,685.526667)
(43.14166666666529,685.413333)
(43.14583333333195,685.413333)
(43.14999999999862,685.553333)
(43.14999999999862,685.626667)
(43.15416666666529,685.72)
(43.15833333333195,685.433333)
(43.162499999998616,685.393333)
(43.166666666665286,685.486667)
(43.170833333331956,685.713333)
(43.17499999999862,685.86)
(43.17499999999862,685.533333)
(43.17916666666528,685.64)
(43.18333333333195,685.84)
(43.18749999999862,685.553333)
(43.191666666665284,685.573333)
(43.19583333333195,685.746667)
(43.19999999999862,685.766667)
(43.19999999999862,685.72)
(43.20416666666529,685.873333)
(43.20833333333195,685.766667)
(43.21249999999861,685.806667)
(43.21666666666528,685.953333)
(43.22083333333195,685.906667)
(43.224999999998616,685.986667)
(43.224999999998616,686.013333)
(43.22916666666528,685.58)
(43.23333333333195,685.833333)
(43.23749999999862,685.88)
(43.24166666666528,686.173333)
(43.245833333331944,685.806667)
(43.249999999998614,685.84)
(43.249999999998614,685.766667)
(43.26249999999861,685.866667)
(43.27499999999861,685.933333)
(43.27499999999861,685.846667)
(43.283333333331946,686.046667)
(43.29166666666528,685.853333)
(43.29999999999861,685.946667)
(43.29999999999861,685.96)
(43.30416666666528,685.88)
(43.308333333331944,685.806667)
(43.31249999999861,685.993333)
(43.31666666666528,685.693333)
(43.32083333333195,685.913333)
(43.32499999999861,685.48)
(43.32499999999861,686.126667)
(43.33749999999861,686.553333)
(43.34999999999861,685.613333)
(43.34999999999861,686.386667)
(43.34999999999861,686.966667)
(43.37499999999861,687.786667)
(43.37499999999861,688.146667)
(43.378124999998604,688.433333)
(43.38124999999861,688.686667)
(43.384374999998606,688.54)
(43.38749999999861,688.893333)
(43.39062499999861,688.793333)
(43.393749999998604,688.806667)
(43.39687499999861,688.866667)
(43.399999999998606,688.913333)
(43.399999999998606,689.446667)
(43.40833333333194,689.56)
(43.41666666666527,689.42)
(43.424999999998604,689.093333)
(43.424999999998604,688.946667)
(43.43749999999861,688.826667)
(43.4499999999986,688.586667)
(43.4499999999986,688.56)
(43.45416666666527,688.666667)
(43.458333333331936,688.56)
(43.4624999999986,688.706667)
(43.46666666666527,688.506667)
(43.47083333333194,688.286667)
(43.4749999999986,688.353333)
(43.4749999999986,688.353333)
(43.479166666665265,688.213333)
(43.483333333331935,687.526667)
(43.487499999998604,685.68)
(43.49166666666527,685.153333)
(43.49583333333193,684.6)
(43.4999999999986,685.353333)
(43.4999999999986,683.126667)
(43.50416666666527,682.56)
(43.50833333333193,681.506667)
(43.512499999998596,682.073333)
(43.516666666665266,681.48)
(43.520833333331936,681.46)
(43.5249999999986,681.706667)
(43.5249999999986,681.313333)
(43.5299999999986,681.44)
(43.5349999999986,681.266667)
(43.5399999999986,681.5)
(43.544999999998595,681.173333)
(43.5499999999986,681.44)
(43.5499999999986,681.426667)
(43.5549999999986,681.846667)
(43.559999999998595,681.506667)
(43.5649999999986,681.453333)
(43.56999999999859,681.286667)
(43.574999999998596,681.146667)
(43.574999999998596,681.093333)
(43.57857142857002,681.4)
(43.582142857141456,681.253333)
(43.58571428571288,681.313333)
(43.58928571428431,681.06)
(43.592857142855735,681.426667)
(43.59642857142717,681.36)
(43.599999999998595,681.26)
(43.599999999998595,681.26)
(43.604166666665265,681.393333)
(43.60833333333193,681.2)
(43.61249999999859,681.106667)
(43.61666666666526,680.833333)
(43.62083333333193,681.426667)
(43.62499999999859,681.386667)
(43.62499999999859,681.08)
(43.629999999998596,681.366667)
(43.63499999999859,681.313333)
(43.639999999998594,681.08)
(43.64499999999859,681.246667)
(43.64999999999859,681.253333)
(43.64999999999859,681.233333)
(43.65416666666526,681.166667)
(43.658333333331925,681.38)
(43.66249999999859,681.226667)
(43.66666666666526,681.413333)
(43.67083333333193,681.133333)
(43.67499999999859,681.293333)
(43.67499999999859,681.22)
(43.67999999999859,681.033333)
(43.68499999999859,681.033333)
(43.68999999999859,681.08)
(43.694999999998586,681.273333)
(43.69999999999859,681.02)
(43.69999999999859,680.833333)
(43.72499999999859,681.053333)
(43.72499999999859,681.193333)
(43.72999999999859,681.006667)
(43.734999999998585,681.106667)
(43.73999999999859,680.966667)
(43.74499999999858,681.18)
(43.749999999998586,681.14)
(43.749999999998586,681.053333)
(43.75312499999858,680.8)
(43.75624999999859,681.293333)
(43.759374999998585,681.146667)
(43.76249999999858,681.246667)
(43.765624999998586,681.353333)
(43.76874999999858,681.08)
(43.77187499999859,681.353333)
(43.774999999998585,681.246667)
(43.774999999998585,681.146667)
(43.77916666666525,681.286667)
(43.78333333333192,681.006667)
(43.78749999999859,680.913333)
(43.79166666666525,681.453333)
(43.79583333333191,681.42)
(43.79999999999858,681.32)
(43.79999999999858,681.12)
(43.80416666666525,681.546667)
(43.808333333331916,681.28)
(43.81249999999858,681.673333)
(43.81666666666525,681.773333)
(43.82083333333192,681.986667)
(43.82499999999858,681.913333)
(43.82499999999858,682.22)
(43.829166666665245,682.246667)
(43.833333333331915,682.546667)
(43.837499999998585,682.693333)
(43.84166666666525,682.74)
(43.84583333333191,682.68)
(43.84999999999858,682.886667)
(43.84999999999858,682.88)
(43.85416666666525,682.92)
(43.85833333333191,683.12)
(43.862499999998576,682.926667)
(43.866666666665246,682.753333)
(43.870833333331916,683.066667)
(43.87499999999858,682.966667)
(43.87499999999858,683.2)
(43.87916666666524,683.1)
(43.88333333333191,682.746667)
(43.88749999999858,683.12)
(43.891666666665245,683.073333)
(43.89583333333191,683.266667)
(43.89999999999858,683.026667)
(43.89999999999858,683.153333)
(43.90416666666525,682.866667)
(43.90833333333191,683.02)
(43.91249999999857,682.933333)
(43.91666666666524,683.193333)
(43.92083333333191,683.22)
(43.924999999998576,683.08)
(43.924999999998576,682.966667)
(43.92999999999858,682.906667)
(43.934999999998574,683.046667)
(43.93999999999858,683.1)
(43.94499999999857,683.1)
(43.949999999998575,682.813333)
(43.949999999998575,682.926667)
(43.954166666665245,683.033333)
(43.95833333333191,682.733333)
(43.96249999999857,682.546667)
(43.96666666666524,682.766667)
(43.97083333333191,683.126667)
(43.97499999999857,683.033333)
(43.97499999999857,683.2)
(43.983333333331906,683.16)
(43.99166666666524,683.366667)
(43.99999999999857,683.3)
(43.99999999999857,683.28)
(44.01249999999857,683.166667)
(44.02499999999857,683.273333)
(44.02499999999857,682.913333)
(44.02999999999857,683.086667)
(44.03499999999857,682.926667)
(44.03999999999857,682.946667)
(44.044999999998566,683.073333)
(44.04999999999857,682.753333)
(44.04999999999857,682.806667)
(44.04999999999857,683.14)
(44.053571428569995,683.02)
(44.05714285714143,683.326667)
(44.060714285712855,683.06)
(44.06428571428428,683.3)
(44.06785714285571,683.186667)
(44.07142857142714,683.446667)
(44.07499999999857,683.053333)
(44.07499999999857,682.886667)
(44.07999999999857,682.98)
(44.084999999998566,683.173333)
(44.08999999999857,682.913333)
(44.094999999998564,683.213333)
(44.099999999998566,682.766667)
(44.099999999998566,683.313333)
(44.104166666665236,682.96)
(44.1083333333319,683.273333)
(44.11249999999856,683.146667)
(44.11666666666523,683.18)
(44.1208333333319,683.16)
(44.124999999998565,683.386667)
(44.124999999998565,683.313333)
(44.12916666666523,683.393333)
(44.1333333333319,683.433333)
(44.13749999999857,683.006667)
(44.14166666666523,683.153333)
(44.14583333333189,683.08)
(44.14999999999856,683.213333)
(44.14999999999856,683.28)
(44.15416666666523,683.32)
(44.158333333331896,683.186667)
(44.16249999999856,683.193333)
(44.16666666666523,682.973333)
(44.1708333333319,683.126667)
(44.17499999999856,683.066667)
(44.17499999999856,683.133333)
(44.179999999998564,682.98)
(44.18499999999856,683.026667)
(44.18999999999856,683.053333)
(44.19499999999856,682.886667)
(44.19999999999856,682.833333)
(44.19999999999856,682.846667)
(44.20357142856999,683.393333)
(44.20714285714142,683.013333)
(44.21071428571285,683.106667)
(44.21428571428427,683.22)
(44.2178571428557,683.18)
(44.22142857142713,683.113333)
(44.22499999999856,682.673333)
(44.22499999999856,682.766667)
(44.22999999999856,682.846667)
(44.23499999999856,682.94)
(44.23999999999856,682.966667)
(44.244999999998555,682.826667)
(44.24999999999856,683.086667)
(44.24999999999856,683.02)
(44.25416666666523,682.553333)
(44.25833333333189,682.8)
(44.26249999999855,682.966667)
(44.26666666666522,683.04)
(44.27083333333189,683.306667)
(44.274999999998556,683.026667)
(44.274999999998556,683.16)
(44.27999999999856,683.18)
(44.284999999998554,682.893333)
(44.28999999999856,682.926667)
(44.29499999999855,683.006667)
(44.299999999998555,682.886667)
(44.299999999998555,683.173333)
(44.304166666665225,683.406667)
(44.30833333333189,683.346667)
(44.31249999999855,683.446667)
(44.31666666666522,683.333333)
(44.32083333333189,683.393333)
(44.32499999999855,683.206667)
(44.32499999999855,683.506667)
(44.329166666665216,683.22)
(44.333333333331886,683.393333)
(44.337499999998556,683.266667)
(44.34166666666522,683.486667)
(44.34583333333188,683.806667)
(44.34999999999855,683.386667)
(44.34999999999855,683.24)
(44.354999999998554,682.926667)
(44.35999999999855,682.8)
(44.36499999999855,683.293333)
(44.36999999999855,682.88)
(44.37499999999855,683.08)
(44.37499999999855,683.326667)
(44.37916666666521,683.373333)
(44.38333333333188,683.42)
(44.38749999999855,683.013333)
(44.391666666665216,683.56)
(44.39583333333188,683.326667)
(44.39999999999855,683.28)
(44.39999999999855,683.313333)
(44.40416666666522,683.26)
(44.40833333333188,683.173333)
(44.412499999998545,682.8)
(44.416666666665215,683.0)
(44.420833333331885,682.98)
(44.42499999999855,683.106667)
(44.42499999999855,683.213333)
(44.42916666666521,683.326667)
(44.43333333333188,683.233333)
(44.43749999999855,683.313333)
(44.44166666666521,683.1)
(44.445833333331876,683.46)
(44.449999999998546,683.453333)
(44.449999999998546,683.126667)
(44.45499999999855,683.253333)
(44.459999999998544,683.42)
(44.46499999999855,683.366667)
(44.46999999999854,683.413333)
(44.474999999998545,683.12)
(44.474999999998545,683.213333)
(44.47916666666521,683.073333)
(44.48333333333188,683.393333)
(44.48749999999855,683.16)
(44.49166666666521,683.453333)
(44.49583333333187,683.233333)
(44.49999999999854,683.666667)
(44.49999999999854,683.693333)
(44.50416666666521,683.513333)
(44.508333333331876,683.78)
(44.51249999999854,683.573333)
(44.51666666666521,683.48)
(44.52083333333188,683.373333)
(44.52499999999854,683.2)
(44.52499999999854,683.706667)
(44.529166666665205,683.46)
(44.533333333331875,683.186667)
(44.537499999998545,683.42)
(44.54166666666521,683.48)
(44.54583333333187,683.306667)
(44.54999999999854,683.426667)
(44.54999999999854,683.326667)
(44.55499999999854,683.26)
(44.55999999999854,683.56)
(44.56499999999854,683.466667)
(44.56999999999854,683.513333)
(44.57499999999854,683.466667)
(44.57499999999854,683.066667)
(44.5791666666652,683.44)
(44.58333333333187,683.353333)
(44.58749999999854,683.286667)
(44.591666666665205,683.433333)
(44.59583333333187,683.28)
(44.59999999999854,683.386667)
(44.59999999999854,683.54)
(44.60416666666521,683.146667)
(44.60833333333187,683.72)
(44.61249999999853,683.513333)
(44.6166666666652,683.646667)
(44.62083333333187,683.486667)
(44.624999999998536,683.606667)
(44.624999999998536,683.786667)
(44.62999999999854,683.42)
(44.634999999998534,683.226667)
(44.63999999999854,683.566667)
(44.64499999999853,683.613333)
(44.649999999998535,683.206667)
(44.649999999998535,683.373333)
(44.654166666665205,683.26)
(44.65833333333187,683.306667)
(44.66249999999853,683.226667)
(44.6666666666652,683.433333)
(44.67083333333187,683.293333)
(44.67499999999853,683.086667)
(44.67499999999853,683.346667)
(44.67499999999853,683.566667)
(44.679999999998536,683.213333)
(44.68499999999853,683.706667)
(44.689999999998534,683.413333)
(44.69499999999853,683.466667)
(44.69999999999853,683.546667)
(44.69999999999853,683.4)
(44.70357142856996,683.286667)
(44.70714285714139,683.3)
(44.71071428571282,683.633333)
(44.714285714284244,683.393333)
(44.71785714285567,683.393333)
(44.721428571427104,683.573333)
(44.72499999999853,683.293333)
(44.72499999999853,683.673333)
(44.72916666666519,683.44)
(44.73333333333186,683.473333)
(44.73749999999853,683.64)
(44.741666666665196,683.533333)
(44.74583333333186,683.5)
(44.74999999999853,683.526667)
(44.74999999999853,683.4)
(44.75499999999853,683.22)
(44.75999999999853,683.353333)
(44.76499999999853,683.406667)
(44.769999999998525,683.54)
(44.77499999999853,683.38)
(44.77499999999853,683.726667)
(44.77916666666519,683.346667)
(44.78333333333186,683.38)
(44.78749999999853,683.68)
(44.79166666666519,683.426667)
(44.795833333331856,683.446667)
(44.799999999998526,683.653333)
(44.799999999998526,683.553333)
(44.804166666665196,683.693333)
(44.80833333333186,683.366667)
(44.81249999999852,683.26)
(44.81666666666519,683.32)
(44.82083333333186,683.5)
(44.824999999998525,683.533333)
(44.824999999998525,683.326667)
(44.82916666666519,683.426667)
(44.83333333333186,683.453333)
(44.83749999999853,683.4)
(44.84166666666519,683.306667)
(44.84583333333185,683.44)
(44.84999999999852,683.086667)
(44.84999999999852,683.326667)
(44.85416666666519,683.673333)
(44.858333333331856,683.58)
(44.86249999999852,683.6)
(44.86666666666519,683.446667)
(44.87083333333186,683.493333)
(44.87499999999852,683.28)
(44.87499999999852,683.133333)
(44.87857142856995,683.326667)
(44.88214285714138,683.506667)
(44.88571428571281,683.633333)
(44.889285714284235,683.273333)
(44.89285714285566,683.573333)
(44.896428571427094,683.673333)
(44.89999999999852,683.64)
(44.89999999999852,683.866667)
(44.90499999999852,683.4)
(44.90999999999852,683.626667)
(44.91499999999852,683.6)
(44.91999999999852,683.413333)
(44.92499999999852,683.64)
(44.92499999999852,683.62)
(44.92916666666518,683.266667)
(44.93333333333185,683.4)
(44.93749999999852,683.173333)
(44.941666666665185,683.38)
(44.94583333333185,683.546667)
(44.94999999999852,683.3)
(44.94999999999852,683.413333)
(44.95416666666519,683.093333)
(44.95833333333185,683.473333)
(44.96249999999851,683.473333)
(44.96666666666518,683.493333)
(44.97083333333185,683.4)
(44.974999999998516,683.34)
(44.974999999998516,683.773333)
(44.97916666666518,683.393333)
(44.98333333333185,683.513333)
(44.98749999999852,683.313333)
(44.99166666666518,683.513333)
(44.995833333331845,683.393333)
(44.999999999998515,683.566667)
(44.999999999998515,683.453333)
(45.00357142856994,683.633333)
(45.007142857141375,683.473333)
(45.0107142857128,683.486667)
(45.01428571428423,683.72)
(45.017857142855654,683.433333)
(45.02142857142709,683.673333)
(45.02499999999851,683.673333)
(45.02499999999851,683.14)
(45.029166666665176,683.686667)
(45.033333333331846,683.62)
(45.037499999998516,683.533333)
(45.04166666666518,683.553333)
(45.04583333333184,683.733333)
(45.04999999999851,683.413333)
(45.04999999999851,683.36)
(45.05416666666518,683.673333)
(45.058333333331845,683.593333)
(45.06249999999851,683.393333)
(45.06666666666518,683.3)
(45.07083333333185,683.706667)
(45.07499999999851,683.56)
(45.07499999999851,683.753333)
(45.08124999999851,683.753333)
(45.08749999999851,683.68)
(45.09374999999851,683.34)
(45.09999999999851,683.42)
(45.09999999999851,683.206667)
(45.09999999999851,683.593333)
(45.10416666666518,683.44)
(45.10833333333184,683.566667)
(45.112499999998505,683.486667)
(45.116666666665175,683.553333)
(45.120833333331845,683.573333)
(45.12499999999851,683.54)
(45.12499999999851,683.473333)
(45.12916666666517,683.413333)
(45.13333333333184,683.64)
(45.13749999999851,683.306667)
(45.141666666665174,683.613333)
(45.14583333333184,683.473333)
(45.149999999998506,683.613333)
