(10.000000000000075,687.44)
(10.000000000000075,687.42)
(10.000000000000075,687.58)
(10.004166666666741,687.466667)
(10.008333333333407,687.306667)
(10.012500000000074,687.14)
(10.016666666666742,687.506667)
(10.020833333333409,687.48)
(10.025000000000075,687.606667)
(10.025000000000075,687.233333)
(10.030000000000076,687.433333)
(10.035000000000075,687.326667)
(10.040000000000076,687.506667)
(10.045000000000075,687.54)
(10.050000000000075,687.32)
(10.050000000000075,687.36)
(10.054166666666742,687.413333)
(10.058333333333408,687.413333)
(10.062500000000075,687.306667)
(10.066666666666743,687.34)
(10.07083333333341,687.52)
(10.075000000000076,687.34)
(10.075000000000076,687.353333)
(10.079166666666742,687.573333)
(10.083333333333409,687.433333)
(10.087500000000077,687.553333)
(10.091666666666743,687.586667)
(10.09583333333341,687.42)
(10.100000000000076,687.406667)
(10.100000000000076,687.333333)
(10.104166666666742,687.186667)
(10.108333333333409,687.613333)
(10.112500000000075,687.58)
(10.116666666666744,687.413333)
(10.12083333333341,687.466667)
(10.125000000000076,687.246667)
(10.125000000000076,687.093333)
(10.130000000000077,687.466667)
(10.135000000000076,687.373333)
(10.140000000000077,687.48)
(10.145000000000076,687.426667)
(10.150000000000077,687.5)
(10.150000000000077,687.506667)
(10.175000000000077,687.64)
(10.175000000000077,687.466667)
(10.178125000000078,687.373333)
(10.181250000000077,687.42)
(10.184375000000077,687.713333)
(10.187500000000078,687.613333)
(10.190625000000077,687.56)
(10.193750000000078,687.56)
(10.196875000000077,687.5)
(10.200000000000077,687.493333)
(10.200000000000077,687.68)
(10.203571428571506,687.493333)
(10.207142857142935,687.466667)
(10.210714285714364,687.68)
(10.214285714285792,687.286667)
(10.21785714285722,687.433333)
(10.22142857142865,687.286667)
(10.225000000000078,687.3)
(10.225000000000078,687.533333)
(10.229166666666744,687.426667)
(10.23333333333341,687.4)
(10.237500000000079,687.666667)
(10.241666666666745,687.5)
(10.245833333333412,687.653333)
(10.250000000000078,687.413333)
(10.250000000000078,687.153333)
(10.254166666666745,687.593333)
(10.258333333333411,687.606667)
(10.262500000000077,687.593333)
(10.266666666666746,687.646667)
(10.270833333333412,687.426667)
(10.275000000000079,687.56)
(10.275000000000079,687.673333)
(10.279166666666745,687.673333)
(10.283333333333411,687.466667)
(10.28750000000008,687.666667)
(10.291666666666746,687.64)
(10.295833333333412,687.526667)
(10.300000000000079,687.693333)
(10.300000000000079,687.433333)
(10.304166666666745,687.466667)
(10.308333333333412,687.48)
(10.312500000000078,687.646667)
(10.316666666666746,687.486667)
(10.320833333333413,687.58)
(10.32500000000008,687.513333)
(10.32500000000008,687.406667)
(10.329166666666746,687.306667)
(10.333333333333412,687.373333)
(10.33750000000008,687.526667)
(10.341666666666747,687.426667)
(10.345833333333413,687.54)
(10.35000000000008,687.533333)
(10.35000000000008,687.786667)
(10.37500000000008,687.713333)
(10.37500000000008,687.546667)
(10.37500000000008,687.793333)
(10.387500000000081,687.513333)
(10.40000000000008,687.606667)
(10.40000000000008,687.233333)
(10.403571428571508,687.346667)
(10.407142857142938,687.593333)
(10.410714285714366,687.62)
(10.414285714285795,687.553333)
(10.417857142857223,687.613333)
(10.421428571428653,687.606667)
(10.42500000000008,687.906667)
(10.42500000000008,687.706667)
(10.429166666666747,687.566667)
(10.433333333333414,687.713333)
(10.437500000000082,687.613333)
(10.441666666666748,687.893333)
(10.445833333333415,687.806667)
(10.450000000000081,687.686667)
(10.450000000000081,687.74)
(10.454166666666747,687.78)
(10.458333333333414,687.706667)
(10.46250000000008,687.7)
(10.466666666666748,687.906667)
(10.470833333333415,687.66)
(10.475000000000081,687.686667)
(10.475000000000081,687.606667)
(10.480000000000082,687.566667)
(10.485000000000081,687.593333)
(10.490000000000082,687.68)
(10.495000000000081,687.546667)
(10.500000000000082,687.8)
(10.500000000000082,687.626667)
(10.50357142857151,687.88)
(10.50714285714294,687.726667)
(10.510714285714368,687.746667)
(10.514285714285796,687.786667)
(10.517857142857224,687.806667)
(10.521428571428654,687.586667)
(10.525000000000082,687.726667)
(10.525000000000082,687.886667)
(10.530000000000083,687.72)
(10.535000000000082,687.726667)
(10.540000000000083,687.68)
(10.545000000000082,687.52)
(10.550000000000082,687.72)
(10.550000000000082,687.633333)
(10.554166666666749,687.46)
(10.558333333333415,687.48)
(10.562500000000082,687.32)
(10.56666666666675,687.353333)
(10.570833333333416,687.68)
(10.575000000000083,687.473333)
(10.575000000000083,687.546667)
(10.580000000000084,687.52)
(10.585000000000083,687.64)
(10.590000000000083,687.473333)
(10.595000000000082,687.626667)
(10.600000000000083,687.613333)
(10.600000000000083,687.64)
(10.60416666666675,687.313333)
(10.608333333333416,687.513333)
(10.612500000000082,687.62)
(10.61666666666675,687.426667)
(10.620833333333417,687.426667)
(10.625000000000083,687.7)
(10.625000000000083,687.706667)
(10.62916666666675,687.593333)
(10.633333333333416,687.546667)
(10.637500000000085,687.706667)
(10.641666666666751,687.406667)
(10.645833333333417,687.46)
(10.650000000000084,687.66)
(10.650000000000084,688.246667)
(10.655000000000085,688.413333)
(10.660000000000084,689.026667)
(10.665000000000084,689.326667)
(10.670000000000083,689.266667)
(10.675000000000084,689.506667)
(10.675000000000084,689.386667)
(10.678571428571512,690.033333)
(10.682142857142942,690.266667)
(10.68571428571437,689.766667)
(10.689285714285798,690.733333)
(10.692857142857227,691.02)
(10.696428571428656,691.333333)
(10.700000000000085,691.033333)
(10.700000000000085,691.56)
(10.704166666666751,691.64)
(10.708333333333417,691.86)
(10.712500000000084,691.76)
(10.716666666666752,691.94)
(10.720833333333418,692.026667)
(10.725000000000085,692.033333)
(10.725000000000085,692.073333)
(10.727777777777863,692.02)
(10.730555555555641,692.033333)
(10.733333333333418,691.9)
(10.736111111111196,691.88)
(10.738888888888974,691.713333)
(10.741666666666752,691.926667)
(10.744444444444529,691.753333)
(10.747222222222307,691.733333)
(10.750000000000085,691.766667)
(10.750000000000085,691.866667)
(10.755000000000086,691.706667)
(10.760000000000085,691.74)
(10.765000000000086,691.586667)
(10.770000000000085,691.446667)
(10.775000000000086,691.673333)
(10.775000000000086,691.68)
(10.779166666666752,691.566667)
(10.783333333333418,691.76)
(10.787500000000087,691.746667)
(10.791666666666753,691.54)
(10.79583333333342,691.633333)
(10.800000000000086,691.653333)
(10.800000000000086,691.346667)
(10.800000000000086,691.426667)
(10.800000000000086,691.76)
(10.805000000000087,691.46)
(10.810000000000086,691.393333)
(10.815000000000087,691.48)
(10.820000000000086,691.46)
(10.825000000000086,691.526667)
(10.825000000000086,691.426667)
(10.829166666666753,691.366667)
(10.83333333333342,691.293333)
(10.837500000000087,691.693333)
(10.841666666666754,691.246667)
(10.84583333333342,691.44)
(10.850000000000087,691.706667)
(10.850000000000087,691.633333)
(10.854166666666753,691.373333)
(10.85833333333342,691.6)
(10.862500000000086,691.453333)
(10.866666666666754,691.666667)
(10.87083333333342,691.653333)
(10.875000000000087,691.653333)
(10.875000000000087,691.626667)
(10.879166666666753,691.586667)
(10.88333333333342,691.546667)
(10.887500000000088,691.746667)
(10.891666666666755,691.36)
(10.895833333333421,691.68)
(10.900000000000087,691.46)
(10.900000000000087,691.48)
(10.905000000000088,691.8)
(10.910000000000087,691.38)
(10.915000000000088,691.54)
(10.920000000000087,691.493333)
(10.925000000000088,691.62)
(10.925000000000088,691.48)
(10.929166666666754,691.773333)
(10.93333333333342,691.56)
(10.937500000000089,691.653333)
(10.941666666666755,691.626667)
(10.945833333333422,691.553333)
(10.950000000000088,691.54)
(10.950000000000088,691.5)
(10.955000000000089,691.36)
(10.960000000000088,691.566667)
(10.965000000000089,692.086667)
(10.970000000000088,691.36)
(10.975000000000088,691.52)
(10.975000000000088,693.446667)
(10.979166666666755,694.526667)
(10.983333333333421,695.593333)
(10.98750000000009,696.126667)
(10.991666666666756,697.26)
(10.995833333333422,696.34)
(11.000000000000089,698.04)
(11.000000000000089,698.613333)
(11.004166666666755,699.133333)
(11.008333333333422,700.173333)
(11.012500000000088,700.726667)
(11.016666666666756,699.546667)
(11.020833333333423,704.433333)
(11.02500000000009,702.66)
(11.02500000000009,705.806667)
(11.03000000000009,705.186667)
(11.035000000000089,705.413333)
(11.04000000000009,706.18)
(11.045000000000089,706.853333)
(11.05000000000009,706.426667)
(11.05000000000009,706.533333)
(11.062500000000089,706.78)
(11.07500000000009,707.206667)
(11.07500000000009,707.333333)
(11.087500000000091,707.466667)
(11.10000000000009,707.413333)
(11.10000000000009,707.3)
(11.103571428571518,707.406667)
(11.107142857142948,707.673333)
(11.110714285714376,707.673333)
(11.114285714285804,707.546667)
(11.117857142857233,708.24)
(11.121428571428662,708.213333)
(11.12500000000009,707.906667)
(11.12500000000009,708.153333)
(11.129166666666757,708.086667)
(11.133333333333423,707.826667)
(11.137500000000092,708.02)
(11.141666666666758,708.153333)
(11.145833333333425,707.753333)
(11.150000000000091,707.673333)
(11.150000000000091,708.173333)
(11.155000000000092,708.08)
(11.16000000000009,707.953333)
(11.165000000000092,708.186667)
(11.17000000000009,707.753333)
(11.175000000000091,707.833333)
(11.175000000000091,707.72)
(11.180000000000092,707.953333)
(11.185000000000091,707.993333)
(11.190000000000092,707.94)
(11.19500000000009,707.933333)
(11.200000000000092,707.526667)
(11.200000000000092,707.626667)
(11.204166666666758,707.713333)
(11.208333333333425,707.713333)
(11.212500000000091,707.706667)
(11.21666666666676,707.82)
(11.220833333333426,708.266667)
(11.225000000000092,707.666667)
(11.225000000000092,707.826667)
(11.230000000000093,707.953333)
(11.235000000000092,707.866667)
(11.240000000000093,708.046667)
(11.245000000000092,708.02)
(11.250000000000092,707.966667)
(11.250000000000092,708.22)
(11.25357142857152,708.246667)
(11.25714285714295,708.073333)
(11.260714285714378,708.58)
(11.264285714285807,708.28)
(11.267857142857235,708.393333)
(11.271428571428665,708.326667)
(11.275000000000093,708.62)
(11.275000000000093,708.353333)
(11.280000000000094,707.966667)
(11.285000000000093,708.026667)
(11.290000000000093,708.24)
(11.295000000000092,707.966667)
(11.300000000000093,707.726667)
(11.300000000000093,708.006667)
(11.30416666666676,707.966667)
(11.308333333333426,708.293333)
(11.312500000000092,708.186667)
(11.31666666666676,708.106667)
(11.320833333333427,707.9)
(11.325000000000093,708.16)
(11.325000000000093,708.166667)
(11.330000000000094,708.066667)
(11.335000000000093,708.186667)
(11.340000000000094,707.94)
(11.345000000000093,708.013333)
(11.350000000000094,708.073333)
(11.350000000000094,707.946667)
(11.35416666666676,707.96)
(11.358333333333427,707.893333)
(11.362500000000093,707.38)
(11.366666666666761,707.873333)
(11.370833333333428,707.806667)
(11.375000000000094,708.0)
(11.375000000000094,708.386667)
(11.380000000000095,708.1)
(11.385000000000094,708.06)
(11.390000000000095,707.88)
(11.395000000000094,708.38)
(11.400000000000095,708.54)
(11.400000000000095,709.133333)
(11.404166666666761,708.42)
(11.408333333333427,708.78)
(11.412500000000094,708.613333)
(11.416666666666762,708.586667)
(11.420833333333428,708.88)
(11.425000000000095,708.993333)
(11.425000000000095,709.033333)
(11.430000000000096,709.373333)
(11.435000000000095,709.353333)
(11.440000000000095,709.006667)
(11.445000000000094,709.32)
(11.450000000000095,709.38)
(11.450000000000095,709.56)
(11.454166666666762,709.266667)
(11.458333333333428,709.746667)
(11.462500000000095,709.146667)
(11.466666666666763,709.58)
(11.47083333333343,709.8)
(11.475000000000096,709.94)
(11.475000000000096,710.206667)
(11.480000000000096,710.133333)
(11.485000000000095,710.026667)
(11.490000000000096,710.073333)
(11.495000000000095,709.986667)
(11.500000000000096,710.153333)
(11.500000000000096,710.453333)
(11.504166666666762,710.413333)
(11.508333333333429,710.053333)
(11.512500000000095,710.146667)
(11.516666666666763,710.273333)
(11.52083333333343,710.34)
(11.525000000000096,710.406667)
(11.525000000000096,710.5)
(11.530000000000097,710.446667)
(11.535000000000096,710.473333)
(11.540000000000097,710.393333)
(11.545000000000096,710.466667)
(11.550000000000097,710.72)
(11.550000000000097,710.493333)
(11.555000000000097,710.573333)
(11.560000000000096,710.313333)
(11.565000000000097,710.62)
(11.570000000000096,710.273333)
(11.575000000000097,710.433333)
(11.575000000000097,710.333333)
(11.579166666666763,710.613333)
(11.58333333333343,710.553333)
(11.587500000000098,710.3)
(11.591666666666764,710.393333)
(11.595833333333431,710.686667)
(11.600000000000097,710.853333)
(11.600000000000097,710.973333)
(11.605000000000098,710.673333)
(11.610000000000097,710.52)
(11.615000000000098,710.373333)
(11.620000000000097,710.513333)
(11.625000000000098,710.346667)
(11.625000000000098,710.553333)
(11.629166666666764,710.446667)
(11.63333333333343,710.453333)
(11.637500000000099,710.406667)
(11.641666666666765,710.54)
(11.645833333333432,710.34)
(11.650000000000098,710.566667)
(11.650000000000098,710.593333)
(11.654166666666764,710.506667)
(11.658333333333431,710.633333)
(11.662500000000097,710.24)
(11.666666666666766,710.473333)
(11.670833333333432,710.433333)
(11.675000000000098,710.513333)
(11.675000000000098,710.506667)
(11.6800000000001,710.606667)
(11.685000000000098,710.513333)
(11.690000000000099,710.366667)
(11.695000000000098,710.3)
(11.700000000000099,710.326667)
(11.700000000000099,710.766667)
(11.704166666666765,710.7)
(11.708333333333432,710.606667)
(11.712500000000098,710.326667)
(11.716666666666766,710.473333)
(11.720833333333433,710.56)
(11.7250000000001,710.493333)
(11.7250000000001,710.446667)
(11.729166666666766,710.553333)
(11.733333333333432,710.073333)
(11.7375000000001,710.306667)
(11.741666666666767,710.533333)
(11.745833333333433,710.453333)
(11.7500000000001,710.646667)
(11.7500000000001,710.533333)
(11.753571428571528,710.373333)
(11.757142857142957,709.986667)
(11.760714285714386,710.093333)
(11.764285714285814,710.42)
(11.767857142857242,710.426667)
(11.771428571428672,710.573333)
(11.7750000000001,710.466667)
(11.7750000000001,710.386667)
(11.7800000000001,710.466667)
(11.7850000000001,710.393333)
(11.7900000000001,710.426667)
(11.7950000000001,710.32)
(11.8000000000001,710.553333)
(11.8000000000001,710.333333)
(11.808333333333433,710.28)
(11.816666666666768,710.346667)
(11.8250000000001,710.14)
(11.8250000000001,710.42)
(11.837500000000102,710.253333)
(11.850000000000101,710.106667)
(11.850000000000101,710.06)
(11.854166666666767,710.353333)
(11.858333333333434,710.733333)
(11.8625000000001,710.353333)
(11.866666666666768,710.72)
(11.870833333333435,710.76)
(11.875000000000101,710.36)
(11.875000000000101,710.773333)
(11.879166666666768,711.04)
(11.883333333333434,711.233333)
(11.887500000000102,711.433333)
(11.891666666666769,711.74)
(11.895833333333435,711.433333)
(11.900000000000102,711.333333)
(11.900000000000102,711.486667)
(11.904166666666768,711.646667)
(11.908333333333434,711.646667)
(11.912500000000101,711.546667)
(11.916666666666769,711.526667)
(11.920833333333436,711.366667)
(11.925000000000102,711.386667)
(11.925000000000102,711.773333)
(11.930000000000103,711.586667)
(11.935000000000102,711.44)
(11.940000000000103,711.546667)
(11.945000000000102,711.506667)
(11.950000000000102,711.233333)
(11.950000000000102,711.64)
(11.954166666666769,711.366667)
(11.958333333333435,711.933333)
(11.962500000000102,711.7)
(11.96666666666677,711.94)
(11.970833333333436,711.633333)
(11.975000000000103,711.64)
(11.975000000000103,711.48)
(11.980000000000103,711.586667)
(11.985000000000102,711.813333)
(11.990000000000103,711.546667)
(11.995000000000102,711.64)
(12.000000000000103,711.506667)
(12.000000000000103,711.646667)
(12.00416666666677,711.566667)
(12.008333333333436,711.493333)
(12.012500000000102,711.906667)
(12.01666666666677,711.706667)
(12.020833333333437,711.393333)
(12.025000000000103,711.586667)
(12.025000000000103,711.4)
(12.030000000000104,711.753333)
(12.035000000000103,711.606667)
(12.040000000000104,711.733333)
(12.045000000000103,711.753333)
(12.050000000000104,711.506667)
(12.050000000000104,711.513333)
(12.053571428571532,711.493333)
(12.057142857142962,711.673333)
(12.06071428571439,711.653333)
(12.064285714285818,711.64)
(12.067857142857246,711.613333)
(12.071428571428676,711.72)
(12.075000000000104,711.806667)
(12.075000000000104,711.806667)
(12.080000000000105,711.833333)
(12.085000000000104,711.853333)
(12.090000000000105,711.42)
(12.095000000000104,711.526667)
(12.100000000000104,711.586667)
(12.100000000000104,711.5)
(12.10416666666677,711.8)
(12.108333333333437,711.94)
(12.112500000000104,711.606667)
(12.116666666666772,711.74)
(12.120833333333438,711.593333)
(12.125000000000105,711.666667)
(12.125000000000105,711.826667)
(12.130000000000106,711.806667)
(12.135000000000105,711.986667)
(12.140000000000105,711.793333)
(12.145000000000104,712.013333)
(12.150000000000105,711.773333)
(12.150000000000105,711.76)
(12.155000000000106,711.9)
(12.160000000000105,711.933333)
(12.165000000000106,711.933333)
(12.170000000000105,711.6)
(12.175000000000106,711.793333)
(12.175000000000106,711.653333)
(12.179166666666772,712.02)
(12.183333333333438,711.94)
(12.187500000000107,711.92)
(12.191666666666773,711.906667)
(12.19583333333344,711.806667)
(12.200000000000106,711.84)
(12.200000000000106,712.04)
(12.205000000000107,712.026667)
(12.210000000000106,712.06)
(12.215000000000106,711.993333)
(12.220000000000105,711.986667)
(12.225000000000106,711.78)
(12.225000000000106,711.886667)
(12.228571428571534,711.76)
(12.232142857142964,712.066667)
(12.235714285714392,711.913333)
(12.23928571428582,711.966667)
(12.242857142857249,711.726667)
(12.246428571428678,711.886667)
(12.250000000000107,711.753333)
(12.250000000000107,712.253333)
(12.254166666666773,712.133333)
(12.25833333333344,712.006667)
(12.262500000000106,711.833333)
(12.266666666666774,712.266667)
(12.27083333333344,711.666667)
(12.275000000000107,711.913333)
(12.275000000000107,712.06)
(12.280000000000108,712.093333)
(12.285000000000107,712.04)
(12.290000000000108,712.226667)
(12.295000000000107,712.14)
(12.300000000000107,712.113333)
(12.300000000000107,712.08)
(12.300000000000107,711.933333)
(12.300000000000107,711.953333)
(12.305000000000108,711.666667)
(12.310000000000107,711.94)
(12.315000000000108,711.993333)
(12.320000000000107,712.2)
(12.325000000000108,712.026667)
(12.325000000000108,712.233333)
(12.328571428571536,712.28)
(12.332142857142966,712.06)
(12.335714285714394,712.18)
(12.339285714285822,712.053333)
(12.34285714285725,712.18)
(12.34642857142868,712.266667)
(12.350000000000108,712.386667)
(12.350000000000108,711.973333)
(12.350000000000108,711.953333)
(12.355000000000109,711.673333)
(12.360000000000108,712.053333)
(12.365000000000109,712.186667)
(12.370000000000108,711.98)
(12.375000000000108,712.066667)
(12.375000000000108,712.133333)
(12.379166666666775,712.073333)
(12.383333333333441,712.106667)
(12.38750000000011,712.326667)
(12.391666666666776,711.713333)
(12.395833333333442,711.886667)
(12.400000000000109,711.733333)
(12.400000000000109,711.68)
(12.40500000000011,711.853333)
(12.410000000000108,711.78)
(12.41500000000011,711.926667)
(12.420000000000108,711.946667)
(12.425000000000109,711.76)
(12.425000000000109,711.96)
(12.428571428571537,711.973333)
(12.432142857142967,711.893333)
(12.435714285714395,711.906667)
(12.439285714285823,712.133333)
(12.442857142857251,712.093333)
(12.446428571428681,711.98)
(12.45000000000011,712.113333)
(12.45000000000011,712.08)
(12.45500000000011,711.833333)
(12.46000000000011,711.933333)
(12.46500000000011,711.733333)
(12.470000000000109,711.88)
(12.47500000000011,711.84)
(12.47500000000011,711.913333)
(12.479166666666776,712.046667)
(12.483333333333443,712.133333)
(12.48750000000011,711.986667)
(12.491666666666777,711.866667)
(12.495833333333444,712.046667)
(12.50000000000011,712.0)
(12.50000000000011,712.066667)
(12.503571428571538,712.026667)
(12.507142857142968,712.113333)
(12.510714285714396,712.0)
(12.514285714285824,711.886667)
(12.517857142857252,711.98)
(12.521428571428682,711.84)
(12.52500000000011,711.813333)
(12.52500000000011,712.006667)
(12.530000000000111,711.933333)
(12.53500000000011,711.92)
(12.540000000000111,711.64)
(12.54500000000011,711.493333)
(12.55000000000011,711.946667)
(12.55000000000011,711.8)
(12.55000000000011,711.766667)
(12.555000000000112,711.893333)
(12.56000000000011,711.746667)
(12.565000000000111,711.893333)
(12.57000000000011,711.74)
(12.575000000000111,711.633333)
(12.575000000000111,711.78)
(12.579166666666778,711.973333)
(12.583333333333444,711.806667)
(12.587500000000112,711.573333)
(12.591666666666779,711.493333)
(12.595833333333445,711.353333)
(12.600000000000112,711.066667)
(12.600000000000112,711.346667)
(12.605000000000112,711.033333)
(12.610000000000111,711.013333)
(12.615000000000112,710.5)
(12.620000000000111,710.48)
(12.625000000000112,710.806667)
(12.625000000000112,710.813333)
(12.629166666666778,710.886667)
(12.633333333333445,710.46)
(12.637500000000113,710.473333)
(12.64166666666678,710.4)
(12.645833333333446,710.226667)
(12.650000000000112,709.48)
(12.650000000000112,709.846667)
(12.654166666666779,709.52)
(12.658333333333445,708.48)
(12.662500000000112,708.5)
(12.66666666666678,708.453333)
(12.670833333333446,708.1)
(12.675000000000113,708.38)
(12.675000000000113,707.806667)
(12.679166666666779,707.82)
(12.683333333333445,707.42)
(12.687500000000114,707.68)
(12.69166666666678,707.526667)
(12.695833333333447,707.646667)
(12.700000000000113,708.013333)
(12.700000000000113,708.133333)
(12.703571428571541,707.773333)
(12.707142857142971,707.82)
(12.710714285714399,708.06)
(12.714285714285827,707.566667)
(12.717857142857255,707.526667)
(12.721428571428685,708.06)
(12.725000000000113,707.873333)
(12.725000000000113,707.513333)
(12.730000000000114,707.886667)
(12.735000000000113,707.92)
(12.740000000000114,707.733333)
(12.745000000000113,708.08)
(12.750000000000114,707.726667)
(12.750000000000114,707.566667)
(12.75416666666678,707.546667)
(12.758333333333447,707.82)
(12.762500000000113,707.72)
(12.766666666666781,707.773333)
(12.770833333333448,707.766667)
(12.775000000000114,708.14)
(12.775000000000114,707.786667)
(12.780000000000115,708.006667)
(12.785000000000114,707.84)
(12.790000000000115,707.873333)
(12.795000000000114,707.966667)
(12.800000000000114,707.593333)
(12.800000000000114,708.0)
(12.805000000000115,707.906667)
(12.810000000000114,707.793333)
(12.815000000000115,707.866667)
(12.820000000000114,707.813333)
(12.825000000000115,707.873333)
(12.825000000000115,707.893333)
(12.830000000000116,708.1)
(12.835000000000115,708.273333)
(12.840000000000115,708.14)
(12.845000000000114,708.026667)
(12.850000000000115,707.986667)
(12.850000000000115,707.786667)
(12.850000000000115,707.813333)
(12.855000000000116,707.793333)
(12.860000000000115,707.96)
(12.865000000000116,708.033333)
(12.870000000000115,708.006667)
(12.875000000000115,707.713333)
(12.875000000000115,707.793333)
(12.878571428571544,708.26)
(12.882142857142973,708.226667)
(12.885714285714402,708.16)
(12.88928571428583,708.166667)
(12.892857142857258,707.82)
(12.896428571428688,707.713333)
(12.900000000000116,707.94)
(12.900000000000116,707.926667)
(12.903571428571544,707.64)
(12.907142857142974,708.153333)
(12.910714285714402,707.973333)
(12.91428571428583,707.62)
(12.917857142857258,707.74)
(12.921428571428688,707.913333)
(12.925000000000116,707.806667)
(12.925000000000116,708.08)
(12.929166666666783,708.26)
(12.933333333333449,707.993333)
(12.937500000000117,707.9)
(12.941666666666784,708.093333)
(12.94583333333345,707.413333)
(12.950000000000117,707.72)
(12.950000000000117,707.52)
(12.954166666666783,706.953333)
(12.95833333333345,706.1)
(12.962500000000116,705.64)
(12.966666666666784,704.733333)
(12.97083333333345,703.813333)
(12.975000000000117,704.38)
(12.975000000000117,703.346667)
(12.978571428571545,702.766667)
(12.982142857142975,702.706667)
(12.985714285714403,701.946667)
(12.989285714285831,700.973333)
(12.99285714285726,700.353333)
(12.99642857142869,700.093333)
(13.000000000000117,699.68)
(13.000000000000117,699.046667)
(13.005000000000118,699.513333)
(13.010000000000117,698.58)
(13.015000000000118,697.56)
(13.020000000000117,697.12)
(13.025000000000118,696.08)
(13.025000000000118,695.56)
(13.029166666666784,694.753333)
(13.03333333333345,695.133333)
(13.037500000000119,694.513333)
(13.041666666666785,694.053333)
(13.045833333333452,693.846667)
(13.050000000000118,693.586667)
(13.050000000000118,693.486667)
(13.055000000000119,693.326667)
(13.060000000000118,693.32)
(13.065000000000119,693.133333)
(13.070000000000118,693.153333)
(13.075000000000118,693.113333)
(13.075000000000118,693.053333)
(13.078571428571546,693.22)
(13.082142857142976,693.206667)
(13.085714285714404,693.173333)
(13.089285714285833,692.973333)
(13.09285714285726,693.006667)
(13.09642857142869,693.166667)
(13.100000000000119,693.033333)
(13.100000000000119,693.026667)
(13.100000000000119,693.173333)
(13.106250000000118,693.1)
(13.112500000000118,693.086667)
(13.11875000000012,693.146667)
(13.125000000000119,693.16)
(13.125000000000119,693.133333)
(13.129166666666785,693.18)
(13.133333333333452,693.3)
(13.13750000000012,693.266667)
(13.141666666666787,693.213333)
(13.145833333333453,693.24)
(13.15000000000012,693.306667)
(13.15000000000012,693.4)
(13.15500000000012,693.34)
(13.16000000000012,693.286667)
(13.16500000000012,693.426667)
(13.170000000000119,693.426667)
(13.17500000000012,693.26)
(13.17500000000012,693.486667)
(13.179166666666786,693.36)
(13.183333333333453,693.42)
(13.18750000000012,693.513333)
(13.191666666666787,693.44)
(13.195833333333454,693.193333)
(13.20000000000012,693.166667)
(13.20000000000012,693.366667)
(13.20500000000012,693.646667)
(13.21000000000012,693.42)
(13.21500000000012,693.433333)
(13.22000000000012,693.046667)
(13.22500000000012,693.48)
(13.22500000000012,693.546667)
(13.229166666666787,693.286667)
(13.233333333333453,693.326667)
(13.237500000000122,693.24)
(13.241666666666788,693.406667)
(13.245833333333454,693.386667)
(13.25000000000012,693.326667)
(13.25000000000012,693.586667)
(13.254166666666787,693.206667)
(13.258333333333454,693.153333)
(13.26250000000012,693.2)
(13.266666666666788,693.133333)
(13.270833333333455,693.566667)
(13.275000000000121,693.52)
(13.275000000000121,693.646667)
(13.280000000000122,693.46)
(13.285000000000121,693.366667)
(13.290000000000122,693.466667)
(13.29500000000012,693.453333)
(13.300000000000122,692.133333)
(13.300000000000122,691.12)
(13.305000000000122,689.84)
(13.310000000000121,690.566667)
(13.315000000000122,689.52)
(13.320000000000121,689.12)
(13.325000000000122,688.666667)
(13.325000000000122,688.4)
(13.337500000000123,688.353333)
(13.350000000000122,688.146667)
(13.350000000000122,688.22)
(13.358333333333455,688.426667)
(13.36666666666679,687.786667)
(13.375000000000123,687.66)
(13.375000000000123,687.766667)
(13.379166666666789,687.86)
(13.383333333333455,687.846667)
(13.387500000000124,687.806667)
(13.39166666666679,687.726667)
(13.395833333333456,687.826667)
(13.400000000000123,687.813333)
(13.400000000000123,687.88)
(13.408333333333456,687.866667)
(13.41666666666679,687.94)
(13.425000000000123,687.666667)
(13.425000000000123,687.713333)
(13.450000000000124,687.886667)
(13.450000000000124,687.573333)
(13.45416666666679,687.753333)
(13.458333333333456,687.78)
(13.462500000000123,687.766667)
(13.466666666666791,687.6)
(13.470833333333458,688.053333)
(13.475000000000124,687.78)
(13.475000000000124,687.94)
(13.47916666666679,687.686667)
(13.483333333333457,687.76)
(13.487500000000125,687.826667)
(13.491666666666791,687.7)
(13.495833333333458,687.646667)
(13.500000000000124,687.806667)
(13.500000000000124,687.56)
(13.505000000000125,688.053333)
(13.510000000000124,687.886667)
(13.515000000000125,687.92)
(13.520000000000124,687.993333)
(13.525000000000125,687.666667)
(13.525000000000125,687.82)
(13.529166666666791,687.88)
(13.533333333333458,687.613333)
(13.537500000000126,687.906667)
(13.541666666666792,687.673333)
(13.545833333333459,687.66)
(13.550000000000125,687.62)
(13.550000000000125,687.82)
(13.555000000000126,687.913333)
(13.560000000000125,687.653333)
(13.565000000000126,687.733333)
(13.570000000000125,687.6)
(13.575000000000125,687.7)
(13.575000000000125,687.66)
(13.579166666666792,688.02)
(13.583333333333458,687.953333)
(13.587500000000126,687.706667)
(13.591666666666793,687.486667)
(13.59583333333346,687.673333)
(13.600000000000126,687.633333)
(13.600000000000126,687.72)
(13.604166666666792,687.54)
(13.608333333333459,687.706667)
(13.612500000000125,687.7)
(13.616666666666793,687.62)
(13.62083333333346,687.773333)
(13.625000000000126,687.553333)
(13.625000000000126,687.426667)
(13.629166666666793,687.38)
(13.633333333333459,687.593333)
(13.637500000000127,687.626667)
(13.641666666666794,687.653333)
(13.64583333333346,687.693333)
(13.650000000000126,687.813333)
(13.650000000000126,687.62)
(13.655000000000127,687.78)
(13.660000000000126,687.706667)
(13.665000000000127,687.526667)
(13.670000000000126,687.533333)
(13.675000000000127,687.446667)
(13.675000000000127,687.5)
(13.679166666666793,687.606667)
(13.68333333333346,687.453333)
(13.687500000000128,687.493333)
(13.691666666666794,687.64)
(13.69583333333346,687.833333)
(13.700000000000127,687.36)
(13.700000000000127,687.546667)
(13.703571428571555,687.766667)
(13.707142857142985,687.82)
(13.710714285714413,687.78)
(13.714285714285841,687.633333)
(13.71785714285727,687.76)
(13.7214285714287,687.606667)
(13.725000000000128,687.733333)
(13.725000000000128,687.62)
(13.729166666666794,687.873333)
(13.73333333333346,687.633333)
(13.737500000000129,687.533333)
(13.741666666666795,687.606667)
(13.745833333333461,687.486667)
(13.750000000000128,687.986667)
(13.750000000000128,687.733333)
(13.755000000000129,687.666667)
(13.760000000000128,687.86)
(13.765000000000128,687.773333)
(13.770000000000127,687.46)
(13.775000000000128,687.66)
(13.775000000000128,687.706667)
(13.779166666666795,687.766667)
(13.783333333333461,687.6)
(13.78750000000013,687.386667)
(13.791666666666796,687.566667)
(13.795833333333462,687.586667)
(13.800000000000129,687.64)
(13.800000000000129,687.766667)
(13.80500000000013,687.68)
(13.810000000000128,687.62)
(13.81500000000013,687.526667)
(13.820000000000128,687.36)
(13.825000000000129,687.52)
(13.825000000000129,687.34)
(13.829166666666795,687.246667)
(13.833333333333462,687.4)
(13.83750000000013,687.446667)
(13.841666666666796,687.486667)
(13.845833333333463,687.493333)
(13.85000000000013,687.433333)
(13.85000000000013,687.566667)
(13.854166666666796,687.66)
(13.858333333333462,687.646667)
(13.862500000000129,687.606667)
(13.866666666666797,687.673333)
(13.870833333333463,687.573333)
(13.87500000000013,687.6)
(13.87500000000013,687.353333)
(13.88125000000013,687.473333)
(13.88750000000013,687.54)
(13.89375000000013,687.213333)
(13.90000000000013,687.52)
(13.90000000000013,687.453333)
(13.92500000000013,687.346667)
(13.92500000000013,687.513333)
(13.929166666666797,687.473333)
(13.933333333333463,687.453333)
(13.937500000000131,687.48)
(13.941666666666798,687.266667)
(13.945833333333464,687.453333)
(13.95000000000013,687.38)
(13.95000000000013,687.58)
(13.953571428571559,687.586667)
(13.957142857142989,687.353333)
(13.960714285714417,687.34)
(13.964285714285845,687.44)
(13.967857142857273,687.333333)
(13.971428571428703,687.433333)
(13.975000000000131,687.313333)
(13.975000000000131,687.333333)
(13.980000000000132,687.606667)
(13.98500000000013,687.493333)
(13.990000000000132,687.426667)
(13.99500000000013,687.52)
(14.000000000000131,687.553333)
(14.000000000000131,687.34)
(14.004166666666798,687.386667)
(14.008333333333464,687.533333)
(14.01250000000013,687.653333)
(14.016666666666799,687.306667)
(14.020833333333465,687.346667)
(14.025000000000132,687.553333)
(14.025000000000132,687.413333)
(14.029166666666798,687.566667)
(14.033333333333465,687.58)
(14.037500000000133,687.606667)
(14.0416666666668,687.613333)
(14.045833333333466,687.493333)
(14.050000000000132,687.58)
(14.050000000000132,687.533333)
(14.054166666666799,687.486667)
(14.058333333333465,687.553333)
(14.062500000000131,687.773333)
(14.0666666666668,687.586667)
(14.070833333333466,687.633333)
(14.075000000000133,687.326667)
(14.075000000000133,687.433333)
(14.081250000000132,687.453333)
(14.087500000000134,687.76)
(14.093750000000133,687.853333)
(14.100000000000133,687.68)
(14.100000000000133,687.806667)
(14.125000000000133,687.62)
(14.125000000000133,687.433333)
(14.130000000000134,687.886667)
(14.135000000000133,687.566667)
(14.140000000000134,687.286667)
(14.145000000000133,687.646667)
(14.150000000000134,687.76)
(14.150000000000134,687.52)
(14.1541666666668,687.613333)
(14.158333333333466,687.426667)
(14.162500000000133,687.446667)
(14.166666666666801,687.673333)
(14.170833333333468,687.706667)
(14.175000000000134,687.52)
(14.175000000000134,687.52)
(14.180000000000135,687.86)
(14.185000000000134,687.513333)
(14.190000000000135,687.72)
(14.195000000000134,687.593333)
(14.200000000000134,687.593333)
(14.200000000000134,687.613333)
(14.2041666666668,687.486667)
(14.208333333333467,687.586667)
(14.212500000000134,687.54)
(14.216666666666802,687.58)
(14.220833333333468,687.606667)
(14.225000000000135,687.633333)
(14.225000000000135,687.6)
(14.230000000000135,687.58)
(14.235000000000134,687.686667)
(14.240000000000135,687.68)
(14.245000000000134,687.706667)
(14.250000000000135,687.966667)
(14.250000000000135,687.613333)
(14.254166666666801,687.793333)
(14.258333333333468,687.593333)
(14.262500000000134,687.653333)
(14.266666666666802,687.813333)
(14.270833333333469,687.44)
(14.275000000000135,687.64)
(14.275000000000135,687.84)
(14.280000000000136,687.66)
(14.285000000000135,687.673333)
(14.290000000000136,687.646667)
(14.295000000000135,687.7)
(14.300000000000136,687.586667)
(14.300000000000136,687.866667)
(14.303571428571564,687.633333)
(14.307142857142994,687.826667)
(14.310714285714422,687.846667)
(14.31428571428585,687.713333)
(14.317857142857278,687.693333)
(14.321428571428708,687.686667)
(14.325000000000136,687.733333)
(14.325000000000136,687.653333)
(14.330000000000137,687.926667)
(14.335000000000136,687.786667)
(14.340000000000137,687.546667)
(14.345000000000136,687.586667)
(14.350000000000136,687.76)
(14.350000000000136,687.78)
(14.354166666666803,687.86)
(14.35833333333347,687.8)
(14.362500000000136,688.046667)
(14.366666666666804,687.9)
(14.37083333333347,687.92)
(14.375000000000137,687.753333)
(14.375000000000137,687.586667)
(14.378571428571565,687.853333)
(14.382142857142995,687.833333)
(14.385714285714423,687.806667)
(14.389285714285851,687.833333)
(14.39285714285728,687.906667)
(14.396428571428709,687.913333)
(14.400000000000137,687.88)
(14.400000000000137,687.733333)
(14.405000000000138,687.833333)
(14.410000000000137,687.533333)
(14.415000000000138,687.733333)
(14.420000000000137,687.9)
(14.425000000000137,687.913333)
(14.425000000000137,687.926667)
(14.429166666666804,687.886667)
(14.43333333333347,687.773333)
(14.437500000000139,687.613333)
(14.441666666666805,687.82)
(14.445833333333471,687.666667)
(14.450000000000138,687.846667)
(14.450000000000138,687.82)
(14.454166666666804,687.506667)
(14.45833333333347,687.753333)
(14.462500000000137,687.68)
(14.466666666666805,687.813333)
(14.470833333333472,687.713333)
(14.475000000000138,687.646667)
(14.475000000000138,687.513333)
(14.479166666666805,687.5)
(14.483333333333471,687.753333)
(14.48750000000014,687.706667)
(14.491666666666806,687.746667)
(14.495833333333472,687.686667)
(14.500000000000139,687.806667)
(14.500000000000139,687.673333)
(14.504166666666805,687.726667)
(14.508333333333471,687.686667)
(14.512500000000138,687.76)
(14.516666666666806,687.553333)
(14.520833333333472,687.62)
(14.525000000000139,687.78)
(14.525000000000139,687.7)
(14.529166666666805,687.7)
(14.533333333333472,687.74)
(14.53750000000014,687.646667)
(14.541666666666806,687.666667)
(14.545833333333473,687.96)
(14.55000000000014,687.673333)
(14.55000000000014,687.68)
(14.554166666666806,687.693333)
(14.558333333333472,687.686667)
(14.562500000000139,687.806667)
(14.566666666666807,687.76)
(14.570833333333473,687.926667)
(14.57500000000014,687.766667)
(14.57500000000014,688.073333)
(14.58000000000014,687.86)
(14.58500000000014,687.866667)
(14.59000000000014,688.106667)
(14.59500000000014,687.82)
(14.60000000000014,687.92)
(14.60000000000014,687.9)
(14.604166666666806,687.773333)
(14.608333333333473,687.713333)
(14.61250000000014,687.846667)
(14.616666666666807,687.68)
(14.620833333333474,687.56)
(14.62500000000014,687.666667)
(14.62500000000014,687.646667)
(14.629166666666807,687.76)
(14.633333333333473,687.606667)
(14.637500000000141,687.633333)
(14.641666666666808,687.78)
(14.645833333333474,687.646667)
(14.65000000000014,687.813333)
(14.65000000000014,687.98)
(14.654166666666807,688.133333)
(14.658333333333474,688.133333)
(14.66250000000014,687.833333)
(14.666666666666808,687.82)
(14.670833333333475,687.933333)
(14.675000000000141,687.94)
(14.675000000000141,687.733333)
(14.679166666666807,687.673333)
(14.683333333333474,687.8)
(14.687500000000142,687.826667)
(14.691666666666809,687.806667)
(14.695833333333475,687.906667)
(14.700000000000141,687.713333)
(14.700000000000141,687.873333)
(14.706250000000141,687.946667)
(14.71250000000014,687.806667)
(14.718750000000142,687.953333)
(14.725000000000142,687.76)
(14.725000000000142,688.093333)
(14.725000000000142,687.846667)
(14.730000000000143,687.813333)
(14.735000000000142,687.9)
(14.740000000000142,687.873333)
(14.745000000000141,688.04)
(14.750000000000142,687.906667)
(14.750000000000142,687.8)
(14.754166666666809,687.98)
(14.758333333333475,687.933333)
(14.762500000000141,687.866667)
(14.76666666666681,688.04)
(14.770833333333476,687.84)
(14.775000000000142,687.88)
(14.775000000000142,687.786667)
(14.780000000000143,687.7)
(14.785000000000142,687.66)
(14.790000000000143,687.546667)
(14.795000000000142,687.633333)
(14.800000000000143,687.68)
(14.800000000000143,687.706667)
(14.80416666666681,687.76)
(14.808333333333476,687.893333)
(14.812500000000142,687.74)
(14.81666666666681,687.533333)
(14.820833333333477,687.593333)
(14.825000000000143,687.693333)
(14.825000000000143,687.473333)
(14.850000000000144,687.786667)
(14.850000000000144,687.706667)
(14.856250000000143,687.653333)
(14.862500000000143,687.746667)
(14.868750000000144,687.666667)
(14.875000000000144,687.653333)
(14.875000000000144,687.533333)
(14.900000000000144,687.633333)
(14.900000000000144,687.806667)
(14.905000000000145,687.76)
(14.910000000000144,687.713333)
(14.915000000000145,687.76)
(14.920000000000144,687.633333)
(14.925000000000145,687.686667)
(14.925000000000145,687.666667)
(14.928571428571573,687.466667)
(14.932142857143003,687.64)
(14.93571428571443,687.513333)
(14.939285714285859,687.773333)
(14.942857142857287,687.6)
(14.946428571428717,687.533333)
(14.950000000000145,687.493333)
(14.950000000000145,687.446667)
(14.956250000000145,687.573333)
(14.962500000000144,687.72)
(14.968750000000146,687.566667)
(14.975000000000145,687.626667)
(14.975000000000145,687.706667)
(15.000000000000146,687.8)
