(140.22500000001475,660.0)
(140.22500000001475,660.0)
(140.2266666666814,660.0)
(140.22833333334808,660.0)
(140.23000000001474,660.0)
(140.2316666666814,660.0)
(140.23333333334807,660.0)
(140.23500000001474,660.0)
(140.2366666666814,660.0)
(140.2383333333481,660.0)
(140.24000000001476,660.0)
(140.24166666668143,660.0)
(140.2433333333481,660.0)
(140.24500000001476,660.0)
(140.24666666668142,660.0)
(140.24833333334809,661.0)
(140.25000000001475,660.0)
(140.25000000001475,660.0)
(140.25178571430047,660.0)
(140.25357142858618,659.0)
(140.2553571428719,660.0)
(140.25714285715762,660.0)
(140.25892857144333,659.0)
(140.26071428572905,660.0)
(140.26250000001477,660.0)
(140.26428571430046,660.0)
(140.26607142858617,660.0)
(140.2678571428719,660.0)
(140.2696428571576,659.0)
(140.27142857144332,660.0)
(140.27321428572904,660.0)
(140.27500000001476,660.0)
(140.27500000001476,661.0)
(140.27656250001476,660.0)
(140.27812500001477,660.0)
(140.27968750001475,660.0)
(140.28125000001475,660.0)
(140.28281250001476,661.0)
(140.28437500001476,660.0)
(140.28593750001477,660.0)
(140.28750000001475,660.0)
(140.28906250001475,660.0)
(140.29062500001476,660.0)
(140.29218750001476,660.0)
(140.29375000001477,660.0)
(140.29531250001477,660.0)
(140.29687500001475,660.0)
(140.29843750001476,660.0)
(140.30000000001476,660.0)
(140.30000000001476,660.0)
(140.3022727272875,660.0)
(140.3045454545602,661.0)
(140.30681818183294,660.0)
(140.30909090910566,660.0)
(140.3113636363784,660.0)
(140.31363636365114,661.0)
(140.31590909092387,660.0)
(140.3181818181966,660.0)
(140.32045454546932,660.0)
(140.32272727274204,661.0)
(140.32500000001477,660.0)
(140.32500000001477,660.0)
(140.32692307693785,660.0)
(140.32884615386092,660.0)
(140.330769230784,660.0)
(140.33269230770708,660.0)
(140.33461538463015,660.0)
(140.33653846155323,660.0)
(140.3384615384763,659.0)
(140.3403846153994,659.0)
(140.34230769232246,660.0)
(140.34423076924554,660.0)
(140.34615384616862,660.0)
(140.3480769230917,660.0)
(140.35000000001477,660.0)
(140.35000000001477,660.0)
(140.37500000001478,660.0)
(140.37500000001478,660.0)
(140.3772727272875,660.0)
(140.37954545456023,660.0)
(140.38181818183295,660.0)
(140.38409090910568,661.0)
(140.3863636363784,660.0)
(140.38863636365116,660.0)
(140.39090909092388,659.0)
(140.3931818181966,660.0)
(140.39545454546933,661.0)
(140.39772727274206,660.0)
(140.40000000001478,660.0)
(140.40000000001478,660.0)
(140.40192307693786,660.0)
(140.40384615386094,660.0)
(140.40576923078402,659.0)
(140.4076923077071,660.0)
(140.40961538463017,661.0)
(140.41153846155325,660.0)
(140.41346153847633,660.0)
(140.4153846153994,660.0)
(140.41730769232248,660.0)
(140.41923076924556,660.0)
(140.42115384616864,660.0)
(140.4230769230917,660.0)
(140.4250000000148,660.0)
(140.4250000000148,660.0)
(140.42777777779256,660.0)
(140.43055555557035,659.0)
(140.43333333334812,660.0)
(140.4361111111259,660.0)
(140.43888888890368,660.0)
(140.44166666668147,660.0)
(140.44444444445924,660.0)
(140.44722222223703,660.0)
(140.4500000000148,660.0)
(140.4500000000148,660.0)
(140.4500000000148,660.0)
(140.4500000000148,660.0)
(140.45208333334813,660.0)
(140.45416666668146,660.0)
(140.4562500000148,660.0)
(140.45833333334812,660.0)
(140.46041666668145,659.0)
(140.4625000000148,660.0)
(140.46458333334814,659.0)
(140.46666666668148,660.0)
(140.4687500000148,660.0)
(140.47083333334814,660.0)
(140.47291666668147,660.0)
(140.4750000000148,660.0)
(140.4750000000148,660.0)
(140.4812500000148,660.0)
(140.4875000000148,660.0)
(140.4937500000148,660.0)
(140.5000000000148,660.0)
(140.5000000000148,660.0)
(140.5000000000148,661.0)
(140.50416666668147,660.0)
(140.50833333334813,660.0)
(140.51250000001482,660.0)
(140.5166666666815,661.0)
(140.52083333334815,660.0)
(140.5250000000148,660.0)
(140.5250000000148,660.0)
(140.52678571430053,660.0)
(140.52857142858625,660.0)
(140.53035714287196,660.0)
(140.53214285715768,660.0)
(140.5339285714434,660.0)
(140.5357142857291,660.0)
(140.5375000000148,660.0)
(140.53928571430052,661.0)
(140.54107142858624,660.0)
(140.54285714287195,660.0)
(140.54464285715767,659.0)
(140.54642857144339,660.0)
(140.5482142857291,660.0)
(140.55000000001482,660.0)
(140.55000000001482,660.0)
(140.55250000001482,660.0)
(140.55500000001481,660.0)
(140.5575000000148,660.0)
(140.5600000000148,659.0)
(140.56250000001484,660.0)
(140.56500000001483,660.0)
(140.56750000001483,660.0)
(140.57000000001483,660.0)
(140.57250000001483,660.0)
(140.57500000001482,660.0)
(140.57500000001482,660.0)
(140.57708333334816,660.0)
(140.5791666666815,660.0)
(140.58125000001482,660.0)
(140.58333333334815,660.0)
(140.58541666668148,660.0)
(140.5875000000148,660.0)
(140.58958333334817,660.0)
(140.5916666666815,660.0)
(140.59375000001484,660.0)
(140.59583333334817,660.0)
(140.5979166666815,660.0)
(140.60000000001483,660.0)
(140.60000000001483,660.0)
(140.6016666666815,660.0)
(140.60333333334816,660.0)
(140.60500000001483,660.0)
(140.6066666666815,660.0)
(140.60833333334816,660.0)
(140.61000000001482,660.0)
(140.6116666666815,660.0)
(140.61333333334818,660.0)
(140.61500000001485,660.0)
(140.6166666666815,660.0)
(140.61833333334818,659.0)
(140.62000000001484,660.0)
(140.6216666666815,660.0)
(140.62333333334817,660.0)
(140.62500000001484,660.0)
(140.62500000001484,660.0)
(140.6291666666815,660.0)
(140.63333333334816,660.0)
(140.63750000001482,661.0)
(140.64166666668152,660.0)
(140.64583333334818,660.0)
(140.65000000001484,660.0)
(140.65000000001484,660.0)
(140.67500000001485,660.0)
(140.67500000001485,660.0)
(140.68125000001484,660.0)
(140.68750000001484,660.0)
(140.69375000001486,660.0)
(140.70000000001485,660.0)
(140.70000000001485,660.0)
(140.70227272728758,661.0)
(140.7045454545603,660.0)
(140.70681818183303,660.0)
(140.70909090910575,660.0)
(140.71136363637848,661.0)
(140.71363636365123,660.0)
(140.71590909092396,660.0)
(140.71818181819668,661.0)
(140.7204545454694,660.0)
(140.72272727274213,660.0)
(140.72500000001486,660.0)
(140.72500000001486,660.0)
(140.72692307693794,660.0)
(140.728846153861,661.0)
(140.7307692307841,661.0)
(140.73269230770717,660.0)
(140.73461538463025,660.0)
(140.73653846155332,660.0)
(140.7384615384764,661.0)
(140.74038461539948,661.0)
(140.74230769232256,661.0)
(140.74423076924563,660.0)
(140.7461538461687,661.0)
(140.7480769230918,661.0)
(140.75000000001486,660.0)
(140.75000000001486,661.0)
(140.75500000001486,660.0)
(140.76000000001486,661.0)
(140.76500000001488,660.0)
(140.77000000001487,661.0)
(140.77500000001487,662.0)
(140.77500000001487,662.0)
(140.78000000001487,661.0)
(140.78500000001486,661.0)
(140.79000000001489,661.0)
(140.79500000001488,660.0)
(140.80000000001488,661.0)
(140.80000000001488,662.0)
(140.80156250001488,662.0)
(140.8031250000149,662.0)
(140.80468750001486,663.0)
(140.80625000001487,663.0)
(140.80781250001488,661.0)
(140.80937500001488,661.0)
(140.8109375000149,662.0)
(140.8125000000149,662.0)
(140.81406250001487,664.0)
(140.81562500001488,662.0)
(140.81718750001488,663.0)
(140.8187500000149,663.0)
(140.8203125000149,662.0)
(140.82187500001487,662.0)
(140.82343750001488,662.0)
(140.82500000001488,663.0)
(140.82500000001488,662.0)
(140.8267857143006,663.0)
(140.82857142858632,662.0)
(140.83035714287203,662.0)
(140.83214285715775,663.0)
(140.83392857144347,662.0)
(140.83571428572918,663.0)
(140.83750000001487,663.0)
(140.8392857143006,663.0)
(140.8410714285863,662.0)
(140.84285714287202,662.0)
(140.84464285715774,662.0)
(140.84642857144345,662.0)
(140.84821428572917,662.0)
(140.8500000000149,662.0)
(140.8500000000149,662.0)
(140.85208333334822,663.0)
(140.85416666668155,663.0)
(140.85625000001488,662.0)
(140.8583333333482,662.0)
(140.86041666668154,663.0)
(140.8625000000149,662.0)
(140.86458333334824,663.0)
(140.86666666668157,662.0)
(140.8687500000149,662.0)
(140.87083333334823,662.0)
(140.87291666668156,662.0)
(140.8750000000149,662.0)
(140.8750000000149,662.0)
(140.87727272728762,662.0)
(140.87954545456034,662.0)
(140.88181818183307,663.0)
(140.8840909091058,662.0)
(140.88636363637852,663.0)
(140.88863636365127,662.0)
(140.890909090924,663.0)
(140.89318181819672,663.0)
(140.89545454546945,662.0)
(140.89772727274217,663.0)
(140.9000000000149,663.0)
(140.9000000000149,662.0)
(140.9014705882502,663.0)
(140.90294117648548,663.0)
(140.90441176472078,662.0)
(140.90588235295607,663.0)
(140.90735294119136,663.0)
(140.90882352942666,662.0)
(140.91029411766195,663.0)
(140.91176470589724,663.0)
(140.91323529413256,662.0)
(140.91470588236785,663.0)
(140.91617647060315,664.0)
(140.91764705883844,663.0)
(140.91911764707373,663.0)
(140.92058823530903,663.0)
(140.92205882354432,663.0)
(140.9235294117796,663.0)
(140.9250000000149,663.0)
(140.9250000000149,663.0)
(140.9263888889038,663.0)
(140.92777777779267,663.0)
(140.92916666668157,663.0)
(140.93055555557046,662.0)
(140.93194444445936,662.0)
(140.93333333334823,663.0)
(140.93472222223713,663.0)
(140.93611111112602,663.0)
(140.9375000000149,663.0)
(140.9388888889038,663.0)
(140.9402777777927,663.0)
(140.94166666668158,663.0)
(140.94305555557045,663.0)
(140.94444444445935,662.0)
(140.94583333334825,661.0)
(140.94722222223714,663.0)
(140.948611111126,662.0)
(140.9500000000149,663.0)
(140.9500000000149,663.0)
(140.9550000000149,662.0)
(140.9600000000149,661.0)
(140.96500000001492,663.0)
(140.97000000001492,662.0)
(140.97500000001492,662.0)
(140.97500000001492,661.0)
(140.97500000001492,662.0)
(140.9812500000149,662.0)
(140.9875000000149,662.0)
(140.99375000001493,662.0)
(141.00000000001492,662.0)
(141.00000000001492,664.0)
(141.00156250001493,662.0)
(141.00312500001493,662.0)
(141.0046875000149,663.0)
(141.00625000001492,663.0)
(141.00781250001492,663.0)
(141.00937500001493,663.0)
(141.01093750001493,663.0)
(141.01250000001494,663.0)
(141.01406250001492,664.0)
(141.01562500001492,662.0)
(141.01718750001493,662.0)
(141.01875000001493,663.0)
(141.02031250001494,662.0)
(141.02187500001492,663.0)
(141.02343750001492,663.0)
(141.02500000001493,664.0)
(141.02500000001493,664.0)
(141.0291666666816,664.0)
(141.03333333334825,664.0)
(141.03750000001492,664.0)
(141.0416666666816,663.0)
(141.04583333334827,664.0)
(141.05000000001493,664.0)
(141.05000000001493,664.0)
(141.07500000001494,663.0)
(141.07500000001494,664.0)
(141.08333333334826,663.0)
(141.09166666668162,664.0)
(141.10000000001494,665.0)
(141.10000000001494,664.0)
(141.1016666666816,664.0)
(141.10333333334827,664.0)
(141.10500000001494,664.0)
(141.1066666666816,665.0)
(141.10833333334827,664.0)
(141.11000000001494,665.0)
(141.1116666666816,665.0)
(141.1133333333483,664.0)
(141.11500000001496,665.0)
(141.11666666668162,664.0)
(141.1183333333483,664.0)
(141.12000000001495,665.0)
(141.12166666668162,665.0)
(141.12333333334828,664.0)
(141.12500000001495,665.0)
(141.12500000001495,665.0)
(141.13333333334828,664.0)
(141.14166666668163,665.0)
(141.15000000001496,666.0)
(141.15000000001496,665.0)
(141.1535714285864,665.0)
(141.15714285715782,665.0)
(141.16071428572926,665.0)
(141.16428571430066,665.0)
(141.1678571428721,665.0)
(141.17142857144353,666.0)
(141.17500000001496,666.0)
(141.17500000001496,667.0)
(141.17656250001497,666.0)
(141.17812500001497,666.0)
(141.17968750001495,666.0)
(141.18125000001496,665.0)
(141.18281250001496,666.0)
(141.18437500001497,666.0)
(141.18593750001497,667.0)
(141.18750000001495,666.0)
(141.18906250001496,666.0)
(141.19062500001496,667.0)
(141.19218750001497,666.0)
(141.19375000001497,666.0)
(141.19531250001498,666.0)
(141.19687500001496,666.0)
(141.19843750001496,666.0)
(141.20000000001497,666.0)
(141.20000000001497,666.0)
(141.2022727272877,666.0)
(141.20454545456042,667.0)
(141.20681818183314,666.0)
(141.20909090910587,666.0)
(141.2113636363786,666.0)
(141.21363636365135,665.0)
(141.21590909092407,667.0)
(141.2181818181968,666.0)
(141.22045454546952,666.0)
(141.22272727274225,667.0)
(141.22500000001497,667.0)
(141.22500000001497,666.0)
(141.2270833333483,667.0)
(141.22916666668164,666.0)
(141.23125000001497,666.0)
(141.2333333333483,667.0)
(141.23541666668163,666.0)
(141.23750000001496,666.0)
(141.23958333334832,667.0)
(141.24166666668165,667.0)
(141.24375000001498,666.0)
(141.24583333334832,667.0)
(141.24791666668165,666.0)
(141.25000000001498,667.0)
(141.25000000001498,666.0)
(141.25192307693806,665.0)
(141.25384615386113,667.0)
(141.2557692307842,667.0)
(141.2576923077073,667.0)
(141.25961538463037,666.0)
(141.26153846155344,667.0)
(141.26346153847652,666.0)
(141.2653846153996,666.0)
(141.26730769232267,667.0)
(141.26923076924575,666.0)
(141.27115384616883,666.0)
(141.2730769230919,667.0)
(141.27500000001498,666.0)
(141.27500000001498,666.0)
(141.27666666668165,667.0)
(141.27833333334831,666.0)
(141.28000000001498,667.0)
(141.28166666668164,666.0)
(141.2833333333483,668.0)
(141.28500000001497,667.0)
(141.28666666668164,667.0)
(141.28833333334833,666.0)
(141.290000000015,666.0)
(141.29166666668166,666.0)
(141.29333333334833,667.0)
(141.295000000015,667.0)
(141.29666666668166,666.0)
(141.29833333334832,667.0)
(141.300000000015,666.0)
(141.300000000015,666.0)
(141.312500000015,666.0)
(141.325000000015,666.0)
(141.325000000015,666.0)
(141.328125000015,667.0)
(141.331250000015,666.0)
(141.334375000015,666.0)
(141.33750000001498,667.0)
(141.340625000015,666.0)
(141.343750000015,666.0)
(141.346875000015,667.0)
(141.350000000015,667.0)
(141.350000000015,667.0)
(141.3514705882503,666.0)
(141.3529411764856,667.0)
(141.35441176472088,667.0)
(141.35588235295617,667.0)
(141.35735294119146,667.0)
(141.35882352942676,666.0)
(141.36029411766205,666.0)
(141.36176470589734,668.0)
(141.36323529413266,667.0)
(141.36470588236796,666.0)
(141.36617647060325,666.0)
(141.36764705883854,666.0)
(141.36911764707384,666.0)
(141.37058823530913,667.0)
(141.37205882354442,667.0)
(141.3735294117797,666.0)
(141.375000000015,666.0)
(141.375000000015,667.0)
(141.37727272728773,667.0)
(141.37954545456046,667.0)
(141.38181818183318,667.0)
(141.3840909091059,666.0)
(141.38636363637863,667.0)
(141.3886363636514,666.0)
(141.3909090909241,667.0)
(141.39318181819684,667.0)
(141.39545454546956,667.0)
(141.3977272727423,667.0)
(141.400000000015,666.0)
(141.400000000015,667.0)
(141.4019230769381,667.0)
(141.40384615386117,666.0)
(141.40576923078424,666.0)
(141.40769230770732,666.0)
(141.4096153846304,665.0)
(141.41153846155348,666.0)
(141.41346153847655,666.0)
(141.41538461539963,667.0)
(141.4173076923227,667.0)
(141.4192307692458,667.0)
(141.42115384616886,667.0)
(141.42307692309194,666.0)
(141.42500000001502,667.0)
(141.42500000001502,667.0)
(141.42916666668168,667.0)
(141.43333333334834,668.0)
(141.437500000015,668.0)
(141.4416666666817,667.0)
(141.44583333334836,668.0)
(141.45000000001502,668.0)
(141.45000000001502,667.0)
(141.47500000001503,668.0)
(141.47500000001503,667.0)
(141.48750000001502,667.0)
(141.50000000001504,668.0)
(141.50000000001504,667.0)
(141.50227272728776,667.0)
(141.50454545456049,667.0)
(141.5068181818332,667.0)
(141.50909090910594,668.0)
(141.51136363637866,668.0)
(141.51363636365141,667.0)
(141.51590909092414,667.0)
(141.51818181819687,668.0)
(141.5204545454696,669.0)
(141.52272727274232,668.0)
(141.52500000001504,668.0)
(141.52500000001504,668.0)
(141.52708333334837,668.0)
(141.5291666666817,668.0)
(141.53125000001504,668.0)
(141.53333333334837,667.0)
(141.5354166666817,668.0)
(141.53750000001503,667.0)
(141.5395833333484,668.0)
(141.54166666668172,667.0)
(141.54375000001505,668.0)
(141.54583333334838,668.0)
(141.54791666668172,669.0)
(141.55000000001505,668.0)
(141.55000000001505,669.0)
(141.55227272728777,669.0)
(141.5545454545605,669.0)
(141.55681818183322,668.0)
(141.55909090910595,669.0)
(141.56136363637867,668.0)
(141.56363636365143,669.0)
(141.56590909092415,668.0)
(141.56818181819688,668.0)
(141.5704545454696,669.0)
(141.57272727274233,668.0)
(141.57500000001505,669.0)
(141.57500000001505,668.0)
(141.57678571430077,669.0)
(141.57857142858649,668.0)
(141.5803571428722,669.0)
(141.58214285715792,668.0)
(141.58392857144364,669.0)
(141.58571428572935,668.0)
(141.58750000001504,668.0)
(141.58928571430076,669.0)
(141.59107142858647,669.0)
(141.5928571428722,669.0)
(141.5946428571579,668.0)
(141.59642857144362,669.0)
(141.59821428572934,669.0)
(141.60000000001506,668.0)
(141.60000000001506,669.0)
(141.60178571430077,669.0)
(141.6035714285865,670.0)
(141.6053571428722,669.0)
(141.60714285715792,669.0)
(141.60892857144364,670.0)
(141.61071428572936,669.0)
(141.61250000001507,670.0)
(141.61428571430076,669.0)
(141.61607142858648,669.0)
(141.6178571428722,669.0)
(141.6196428571579,670.0)
(141.62142857144363,669.0)
(141.62321428572935,669.0)
(141.62500000001506,669.0)
(141.62500000001506,669.0)
(141.62692307693814,669.0)
(141.62884615386122,669.0)
(141.6307692307843,669.0)
(141.63269230770737,669.0)
(141.63461538463045,669.0)
(141.63653846155353,669.0)
(141.6384615384766,669.0)
(141.64038461539968,669.0)
(141.64230769232276,669.0)
(141.64423076924584,669.0)
(141.64615384616891,669.0)
(141.648076923092,669.0)
(141.65000000001507,669.0)
(141.65000000001507,668.0)
(141.6520833333484,669.0)
(141.65416666668173,669.0)
(141.65625000001506,669.0)
(141.6583333333484,668.0)
(141.66041666668173,669.0)
(141.6625000000151,669.0)
(141.66458333334842,669.0)
(141.66666666668175,669.0)
(141.66875000001508,668.0)
(141.6708333333484,669.0)
(141.67291666668174,670.0)
(141.67500000001507,669.0)
(141.67500000001507,669.0)
(141.67692307693815,669.0)
(141.67884615386123,669.0)
(141.6807692307843,668.0)
(141.68269230770738,668.0)
(141.68461538463046,669.0)
(141.68653846155354,669.0)
(141.68846153847662,669.0)
(141.6903846153997,669.0)
(141.69230769232277,668.0)
(141.69423076924585,669.0)
(141.69615384616893,669.0)
(141.698076923092,670.0)
(141.70000000001508,669.0)
(141.70000000001508,669.0)
(141.70147058825037,668.0)
(141.70294117648567,669.0)
(141.70441176472096,669.0)
(141.70588235295625,669.0)
(141.70735294119154,670.0)
(141.70882352942684,668.0)
(141.71029411766213,669.0)
(141.71176470589742,669.0)
(141.71323529413274,669.0)
(141.71470588236804,669.0)
(141.71617647060333,669.0)
(141.71764705883862,669.0)
(141.71911764707392,669.0)
(141.7205882353092,669.0)
(141.7220588235445,669.0)
(141.7235294117798,669.0)
(141.7250000000151,670.0)
(141.7250000000151,669.0)
(141.7272727272878,669.0)
(141.72954545456054,669.0)
(141.73181818183326,669.0)
(141.734090909106,670.0)
(141.7363636363787,669.0)
(141.73863636365147,670.0)
(141.7409090909242,669.0)
(141.74318181819692,669.0)
(141.74545454546964,669.0)
(141.74772727274237,669.0)
(141.7500000000151,669.0)
(141.7500000000151,669.0)
(141.7625000000151,669.0)
(141.7750000000151,670.0)
(141.7750000000151,670.0)
(141.7750000000151,670.0)
(141.7775000000151,669.0)
(141.7800000000151,669.0)
(141.7825000000151,669.0)
(141.7850000000151,669.0)
(141.7875000000151,669.0)
(141.7900000000151,668.0)
(141.7925000000151,670.0)
(141.7950000000151,669.0)
(141.7975000000151,670.0)
(141.8000000000151,668.0)
(141.8000000000151,669.0)
(141.80833333334843,669.0)
(141.81666666668178,669.0)
(141.8250000000151,669.0)
(141.8250000000151,669.0)
(141.82812500001512,668.0)
(141.8312500000151,669.0)
(141.83437500001511,668.0)
(141.8375000000151,669.0)
(141.8406250000151,670.0)
(141.84375000001512,668.0)
(141.8468750000151,669.0)
(141.85000000001511,669.0)
(141.85000000001511,669.0)
(141.8519230769382,670.0)
(141.85384615386127,669.0)
(141.85576923078435,669.0)
(141.85769230770742,669.0)
(141.8596153846305,670.0)
(141.86153846155358,669.0)
(141.86346153847666,669.0)
(141.86538461539973,668.0)
(141.8673076923228,669.0)
(141.8692307692459,669.0)
(141.87115384616897,669.0)
(141.87307692309204,669.0)
(141.87500000001512,669.0)
(141.87500000001512,669.0)
(141.87727272728785,669.0)
(141.87954545456057,669.0)
(141.8818181818333,669.0)
(141.88409090910602,669.0)
(141.88636363637875,670.0)
(141.8886363636515,669.0)
(141.89090909092423,670.0)
(141.89318181819695,670.0)
(141.89545454546968,670.0)
(141.8977272727424,671.0)
(141.90000000001513,669.0)
(141.90000000001513,670.0)
(141.92500000001513,670.0)
(141.92500000001513,669.0)
(141.92812500001514,670.0)
(141.93125000001513,670.0)
(141.93437500001514,670.0)
(141.93750000001512,670.0)
(141.94062500001513,670.0)
(141.94375000001514,670.0)
(141.94687500001513,670.0)
(141.95000000001514,671.0)
(141.95000000001514,670.0)
(141.97500000001514,670.0)
(141.97500000001514,670.0)
(142.00000000001515,669.0)
(142.00000000001515,671.0)
(142.00277777779291,670.0)
(142.0055555555707,671.0)
(142.00833333334847,670.0)
(142.01111111112627,670.0)
(142.01388888890403,671.0)
(142.01666666668183,671.0)
(142.0194444444596,671.0)
(142.0222222222374,671.0)
(142.02500000001515,671.0)
(142.02500000001515,671.0)
(142.0270833333485,670.0)
(142.02916666668182,670.0)
(142.03125000001515,671.0)
(142.03333333334848,670.0)
(142.0354166666818,671.0)
(142.03750000001514,671.0)
(142.0395833333485,671.0)
(142.04166666668183,671.0)
(142.04375000001517,671.0)
(142.0458333333485,671.0)
(142.04791666668183,671.0)
(142.05000000001516,672.0)
(142.05000000001516,672.0)
(142.05178571430088,672.0)
(142.0535714285866,670.0)
(142.0553571428723,672.0)
(142.05714285715803,672.0)
(142.05892857144374,671.0)
(142.06071428572946,670.0)
(142.06250000001518,671.0)
(142.06428571430087,671.0)
(142.06607142858658,671.0)
(142.0678571428723,670.0)
(142.06964285715802,671.0)
(142.07142857144373,671.0)
(142.07321428572945,671.0)
(142.07500000001517,671.0)
(142.07500000001517,672.0)
(142.0772727272879,671.0)
(142.07954545456062,671.0)
(142.08181818183334,671.0)
(142.08409090910607,671.0)
(142.0863636363788,671.0)
(142.08863636365155,671.0)
(142.09090909092427,671.0)
(142.093181818197,671.0)
(142.09545454546972,672.0)
(142.09772727274245,671.0)
(142.10000000001517,671.0)
(142.10000000001517,672.0)
(142.1022727272879,671.0)
(142.10454545456062,672.0)
(142.10681818183335,671.0)
(142.10909090910607,672.0)
(142.1113636363788,671.0)
(142.11363636365155,671.0)
(142.11590909092428,671.0)
(142.118181818197,671.0)
(142.12045454546973,671.0)
(142.12272727274245,671.0)
(142.12500000001518,672.0)
(142.12500000001518,671.0)
(142.1267857143009,672.0)
(142.1285714285866,671.0)
(142.13035714287233,671.0)
(142.13214285715804,671.0)
(142.13392857144376,672.0)
(142.13571428572948,670.0)
(142.13750000001517,672.0)
(142.13928571430088,672.0)
(142.1410714285866,671.0)
(142.14285714287232,672.0)
(142.14464285715803,672.0)
(142.14642857144375,671.0)
(142.14821428572947,671.0)
(142.15000000001518,671.0)
(142.15000000001518,671.0)
(142.15357142858662,671.0)
(142.15714285715805,671.0)
(142.16071428572948,672.0)
(142.1642857143009,672.0)
(142.16785714287232,672.0)
(142.17142857144376,671.0)
(142.1750000000152,671.0)
(142.1750000000152,671.0)
(142.1750000000152,671.0)
(142.18000000001518,671.0)
(142.18500000001518,671.0)
(142.1900000000152,672.0)
(142.1950000000152,671.0)
(142.2000000000152,671.0)
(142.2000000000152,671.0)
(142.2015625000152,671.0)
(142.2031250000152,671.0)
(142.20468750001518,672.0)
(142.2062500000152,671.0)
(142.2078125000152,672.0)
(142.2093750000152,672.0)
(142.2109375000152,672.0)
(142.2125000000152,671.0)
(142.2140625000152,671.0)
(142.2156250000152,671.0)
(142.2171875000152,672.0)
(142.2187500000152,671.0)
(142.2203125000152,672.0)
(142.2218750000152,672.0)
(142.2234375000152,672.0)
(142.2250000000152,670.0)
(142.2250000000152,672.0)
(142.22727272728793,671.0)
(142.22954545456065,671.0)
(142.23181818183338,671.0)
(142.2340909091061,672.0)
(142.23636363637883,671.0)
(142.23863636365158,671.0)
(142.2409090909243,671.0)
(142.24318181819703,671.0)
(142.24545454546976,672.0)
(142.24772727274248,671.0)
(142.2500000000152,671.0)
(142.2500000000152,671.0)
(142.25208333334854,671.0)
(142.25416666668187,671.0)
(142.2562500000152,671.0)
(142.25833333334853,671.0)
(142.26041666668186,670.0)
(142.26250000001522,670.0)
(142.26458333334855,671.0)
(142.26666666668189,671.0)
(142.26875000001522,671.0)
(142.27083333334855,670.0)
(142.27291666668188,671.0)
(142.2750000000152,671.0)
(142.2750000000152,671.0)
(142.27708333334854,671.0)
(142.27916666668187,671.0)
(142.2812500000152,671.0)
(142.28333333334854,672.0)
(142.28541666668187,672.0)
(142.2875000000152,672.0)
(142.28958333334856,672.0)
(142.2916666666819,671.0)
(142.29375000001522,672.0)
(142.29583333334855,672.0)
(142.29791666668189,673.0)
(142.30000000001522,672.0)
(142.30000000001522,672.0)
(142.30227272728794,672.0)
(142.30454545456067,671.0)
(142.3068181818334,672.0)
(142.30909090910612,672.0)
(142.31136363637884,672.0)
(142.3136363636516,672.0)
(142.31590909092432,671.0)
(142.31818181819705,672.0)
(142.32045454546977,671.0)
(142.3227272727425,671.0)
(142.32500000001522,672.0)
(142.32500000001522,672.0)
(142.32708333334855,671.0)
(142.32916666668189,672.0)
(142.33125000001522,672.0)
(142.33333333334855,672.0)
(142.33541666668188,671.0)
(142.3375000000152,671.0)
(142.33958333334857,672.0)
(142.3416666666819,671.0)
(142.34375000001523,671.0)
(142.34583333334857,671.0)
(142.3479166666819,672.0)
(142.35000000001523,671.0)
(142.35000000001523,672.0)
(142.35227272728795,671.0)
(142.35454545456068,671.0)
(142.3568181818334,671.0)
(142.35909090910613,670.0)
(142.36136363637885,671.0)
(142.3636363636516,671.0)
(142.36590909092433,671.0)
(142.36818181819706,671.0)
(142.37045454546978,672.0)
(142.3727272727425,671.0)
(142.37500000001523,672.0)
(142.37500000001523,671.0)
(142.37708333334857,670.0)
(142.3791666666819,671.0)
(142.38125000001523,671.0)
(142.38333333334856,672.0)
(142.3854166666819,672.0)
(142.38750000001522,671.0)
(142.38958333334858,671.0)
(142.3916666666819,670.0)
(142.39375000001525,671.0)
(142.39583333334858,672.0)
(142.3979166666819,671.0)
(142.40000000001524,671.0)
(142.40000000001524,670.0)
(142.40227272728796,671.0)
(142.4045454545607,671.0)
(142.40681818183342,672.0)
(142.40909090910614,671.0)
(142.41136363637887,671.0)
(142.41363636365162,671.0)
(142.41590909092434,672.0)
(142.41818181819707,671.0)
(142.4204545454698,672.0)
(142.42272727274252,671.0)
(142.42500000001525,672.0)
(142.42500000001525,671.0)
(142.42727272728797,671.0)
(142.4295454545607,672.0)
(142.43181818183342,672.0)
(142.43409090910615,671.0)
(142.43636363637887,672.0)
(142.43863636365163,671.0)
(142.44090909092435,672.0)
(142.44318181819708,672.0)
(142.4454545454698,671.0)
(142.44772727274253,671.0)
(142.45000000001525,671.0)
(142.45000000001525,672.0)
(142.45625000001525,672.0)
(142.46250000001527,672.0)
(142.46875000001526,672.0)
(142.47500000001526,671.0)
(142.47500000001526,671.0)
(142.50000000001526,672.0)
(142.50000000001526,671.0)
(142.50625000001526,671.0)
(142.51250000001528,670.0)
(142.51875000001527,672.0)
(142.52500000001527,671.0)
(142.52500000001527,672.0)
(142.52777777779303,672.0)
(142.53055555557083,671.0)
(142.5333333333486,672.0)
(142.5361111111264,672.0)
(142.53888888890415,671.0)
(142.54166666668195,671.0)
(142.5444444444597,672.0)
(142.5472222222375,673.0)
(142.55000000001527,672.0)
(142.55000000001527,672.0)
(142.5625000000153,672.0)
(142.57500000001528,671.0)
(142.57500000001528,672.0)
(142.57500000001528,671.0)
(142.577272727288,672.0)
(142.57954545456073,672.0)
(142.58181818183346,672.0)
(142.58409090910618,671.0)
(142.5863636363789,672.0)
(142.58863636365166,671.0)
(142.59090909092438,671.0)
(142.5931818181971,671.0)
(142.59545454546983,671.0)
(142.59772727274256,672.0)
(142.60000000001529,672.0)
(142.60000000001529,671.0)
(142.602272727288,671.0)
(142.60454545456074,671.0)
(142.60681818183346,672.0)
(142.6090909091062,672.0)
(142.6113636363789,671.0)
(142.61363636365166,671.0)
(142.6159090909244,670.0)
(142.61818181819712,671.0)
(142.62045454546984,670.0)
(142.62272727274257,670.0)
(142.6250000000153,671.0)
(142.6250000000153,671.0)
(142.62692307693837,670.0)
(142.62884615386145,670.0)
(142.63076923078452,671.0)
(142.6326923077076,671.0)
(142.63461538463068,670.0)
(142.63653846155376,670.0)
(142.63846153847683,670.0)
(142.6403846153999,670.0)
(142.642307692323,669.0)
(142.64423076924606,669.0)
(142.64615384616914,670.0)
(142.64807692309222,670.0)
(142.6500000000153,670.0)
(142.6500000000153,669.0)
(142.65208333334863,670.0)
(142.65416666668196,670.0)
(142.6562500000153,670.0)
(142.65833333334862,671.0)
(142.66041666668195,670.0)
(142.6625000000153,670.0)
(142.66458333334865,669.0)
(142.66666666668198,671.0)
(142.6687500000153,670.0)
(142.67083333334864,671.0)
(142.67291666668197,670.0)
(142.6750000000153,670.0)
(142.6750000000153,669.0)
(142.6812500000153,670.0)
(142.6875000000153,670.0)
(142.6937500000153,670.0)
(142.7000000000153,669.0)
(142.7000000000153,670.0)
(142.70277777779307,670.0)
(142.70555555557087,670.0)
(142.70833333334863,670.0)
(142.71111111112643,670.0)
(142.7138888889042,670.0)
(142.716666666682,671.0)
(142.71944444445975,669.0)
(142.72222222223755,670.0)
(142.7250000000153,670.0)
(142.7250000000153,669.0)
(142.72656250001532,670.0)
(142.72812500001532,670.0)
(142.7296875000153,670.0)
(142.7312500000153,670.0)
(142.7328125000153,670.0)
(142.73437500001532,670.0)
(142.73593750001532,670.0)
(142.7375000000153,671.0)
(142.7390625000153,670.0)
(142.7406250000153,670.0)
(142.74218750001532,669.0)
(142.74375000001532,669.0)
(142.74531250001533,669.0)
(142.7468750000153,670.0)
(142.7484375000153,670.0)
(142.75000000001532,670.0)
(142.75000000001532,670.0)
(142.7514705882506,670.0)
(142.7529411764859,669.0)
(142.7544117647212,670.0)
(142.7558823529565,670.0)
(142.75735294119178,670.0)
(142.75882352942708,669.0)
(142.76029411766237,669.0)
(142.76176470589766,669.0)
(142.76323529413298,670.0)
(142.76470588236828,670.0)
(142.76617647060357,670.0)
(142.76764705883886,669.0)
(142.76911764707415,669.0)
(142.77058823530945,671.0)
(142.77205882354474,670.0)
(142.77352941178003,670.0)
(142.77500000001532,670.0)
(142.77500000001532,670.0)
(142.77727272728805,670.0)
(142.77954545456078,669.0)
(142.7818181818335,669.0)
(142.78409090910623,669.0)
(142.78636363637895,670.0)
(142.7886363636517,669.0)
(142.79090909092443,668.0)
(142.79318181819716,669.0)
(142.79545454546988,670.0)
(142.7977272727426,669.0)
(142.80000000001533,669.0)
(142.80000000001533,669.0)
(142.80227272728806,669.0)
(142.80454545456078,670.0)
(142.8068181818335,669.0)
(142.80909090910623,669.0)
(142.81136363637896,669.0)
(142.8136363636517,669.0)
(142.81590909092444,670.0)
(142.81818181819716,670.0)
(142.8204545454699,669.0)
(142.8227272727426,671.0)
(142.82500000001534,670.0)
(142.82500000001534,669.0)
(142.8269230769384,670.0)
(142.8288461538615,670.0)
(142.83076923078457,669.0)
(142.83269230770765,670.0)
(142.83461538463072,670.0)
(142.8365384615538,670.0)
(142.83846153847688,670.0)
(142.84038461539996,669.0)
(142.84230769232303,670.0)
(142.8442307692461,670.0)
(142.8461538461692,669.0)
(142.84807692309226,670.0)
(142.85000000001534,670.0)
(142.85000000001534,668.0)
(142.85178571430106,670.0)
(142.85357142858678,670.0)
(142.8553571428725,670.0)
(142.8571428571582,670.0)
(142.85892857144393,669.0)
(142.86071428572964,669.0)
(142.86250000001536,670.0)
(142.86428571430105,670.0)
(142.86607142858676,670.0)
(142.86785714287248,670.0)
(142.8696428571582,669.0)
(142.87142857144391,670.0)
(142.87321428572963,670.0)
(142.87500000001535,669.0)
(142.87500000001535,669.0)
(142.87727272728807,669.0)
(142.8795454545608,669.0)
(142.88181818183352,669.0)
(142.88409090910625,669.0)
(142.88636363637897,669.0)
(142.88863636365173,669.0)
(142.89090909092445,669.0)
(142.89318181819718,669.0)
(142.8954545454699,669.0)
(142.89772727274263,669.0)
(142.90000000001535,669.0)
(142.90000000001535,669.0)
(142.90227272728808,669.0)
(142.9045454545608,669.0)
(142.90681818183353,669.0)
(142.90909090910625,669.0)
(142.91136363637898,668.0)
(142.91363636365173,668.0)
(142.91590909092446,669.0)
(142.91818181819718,669.0)
(142.9204545454699,668.0)
(142.92272727274263,668.0)
(142.92500000001536,668.0)
(142.92500000001536,669.0)
(142.92727272728808,668.0)
(142.9295454545608,668.0)
(142.93181818183353,667.0)
(142.93409090910626,668.0)
(142.93636363637899,669.0)
(142.93863636365174,668.0)
(142.94090909092446,668.0)
(142.9431818181972,668.0)
(142.94545454546991,667.0)
(142.94772727274264,667.0)
(142.95000000001536,667.0)
(142.95000000001536,667.0)
(142.95192307693844,667.0)
(142.95384615386152,667.0)
(142.9557692307846,668.0)
(142.95769230770767,667.0)
(142.95961538463075,667.0)
(142.96153846155383,667.0)
(142.9634615384769,667.0)
(142.96538461539998,666.0)
(142.96730769232306,667.0)
(142.96923076924614,667.0)
(142.97115384616922,667.0)
(142.9730769230923,668.0)
(142.97500000001537,666.0)
(142.97500000001537,667.0)
(142.9772727272881,666.0)
(142.97954545456082,666.0)
(142.98181818183355,667.0)
(142.98409090910627,666.0)
(142.986363636379,666.0)
(142.98863636365175,665.0)
(142.99090909092448,667.0)
(142.9931818181972,667.0)
(142.99545454546993,665.0)
(142.99772727274265,665.0)
(143.00000000001538,666.0)
(143.00000000001538,666.0)
(143.00250000001537,666.0)
(143.00500000001537,666.0)
(143.00750000001537,666.0)
(143.01000000001537,666.0)
(143.0125000000154,666.0)
(143.0150000000154,666.0)
(143.0175000000154,666.0)
(143.0200000000154,666.0)
(143.02250000001538,667.0)
(143.02500000001538,667.0)
(143.02500000001538,666.0)
(143.02500000001538,666.0)
(143.0500000000154,666.0)
(143.0500000000154,666.0)
(143.05277777779315,667.0)
(143.05555555557095,666.0)
(143.0583333333487,667.0)
(143.0611111111265,666.0)
(143.06388888890427,666.0)
(143.06666666668207,665.0)
(143.06944444445983,666.0)
(143.07222222223763,666.0)
(143.0750000000154,666.0)
(143.0750000000154,666.0)
(143.1000000000154,666.0)
(143.1000000000154,666.0)
(143.10227272728812,666.0)
(143.10454545456085,666.0)
(143.10681818183357,666.0)
(143.1090909091063,666.0)
(143.11136363637902,666.0)
(143.11363636365178,665.0)
(143.1159090909245,666.0)
(143.11818181819723,667.0)
(143.12045454546995,666.0)
(143.12272727274268,667.0)
(143.1250000000154,666.0)
(143.1250000000154,666.0)
(143.1265625000154,667.0)
(143.12812500001542,667.0)
(143.1296875000154,667.0)
(143.1312500000154,667.0)
(143.1328125000154,665.0)
(143.1343750000154,667.0)
(143.13593750001542,666.0)
(143.1375000000154,666.0)
(143.1390625000154,667.0)
(143.1406250000154,667.0)
(143.1421875000154,666.0)
(143.14375000001542,666.0)
(143.14531250001542,665.0)
(143.1468750000154,666.0)
(143.1484375000154,666.0)
(143.1500000000154,666.0)
(143.1500000000154,666.0)
(143.15227272728814,667.0)
(143.15454545456086,666.0)
(143.1568181818336,666.0)
(143.1590909091063,666.0)
(143.16136363637904,666.0)
(143.1636363636518,667.0)
(143.16590909092452,666.0)
(143.16818181819724,667.0)
(143.17045454546997,666.0)
(143.1727272727427,667.0)
(143.17500000001542,665.0)
(143.17500000001542,666.0)
(143.17678571430113,667.0)
(143.17857142858685,667.0)
(143.18035714287257,666.0)
(143.18214285715828,667.0)
(143.183928571444,666.0)
(143.18571428572972,666.0)
(143.1875000000154,666.0)
(143.18928571430112,666.0)
(143.19107142858684,666.0)
(143.19285714287255,666.0)
(143.19464285715827,667.0)
(143.196428571444,666.0)
(143.1982142857297,667.0)
(143.20000000001542,667.0)
(143.20000000001542,667.0)
(143.20227272728815,666.0)
(143.20454545456087,666.0)
(143.2068181818336,667.0)
(143.20909090910632,666.0)
(143.21136363637905,666.0)
(143.2136363636518,666.0)
(143.21590909092453,666.0)
(143.21818181819725,666.0)
(143.22045454546998,667.0)
(143.2227272727427,667.0)
(143.22500000001543,667.0)
(143.22500000001543,667.0)
(143.22708333334876,667.0)
(143.2291666666821,666.0)
(143.23125000001542,666.0)
(143.23333333334875,667.0)
(143.23541666668208,667.0)
(143.23750000001542,667.0)
(143.23958333334878,666.0)
(143.2416666666821,666.0)
(143.24375000001544,666.0)
(143.24583333334877,667.0)
(143.2479166666821,667.0)
(143.25000000001543,666.0)
(143.25000000001543,667.0)
(143.2519230769385,666.0)
(143.2538461538616,666.0)
(143.25576923078467,666.0)
(143.25769230770774,666.0)
(143.25961538463082,666.0)
(143.2615384615539,667.0)
(143.26346153847697,666.0)
(143.26538461540005,666.0)
(143.26730769232313,667.0)
(143.2692307692462,666.0)
(143.27115384616928,667.0)
(143.27307692309236,666.0)
(143.27500000001544,666.0)
(143.27500000001544,666.0)
(143.27708333334877,666.0)
(143.2791666666821,666.0)
(143.28125000001543,665.0)
(143.28333333334876,666.0)
(143.2854166666821,666.0)
(143.28750000001543,665.0)
(143.2895833333488,665.0)
(143.29166666668212,665.0)
(143.29375000001545,665.0)
(143.29583333334878,666.0)
(143.2979166666821,665.0)
(143.30000000001544,666.0)
(143.30000000001544,665.0)
(143.30192307693852,666.0)
(143.3038461538616,665.0)
(143.30576923078468,666.0)
(143.30769230770775,665.0)
(143.30961538463083,665.0)
(143.3115384615539,665.0)
(143.313461538477,664.0)
(143.31538461540006,665.0)
(143.31730769232314,666.0)
(143.31923076924622,664.0)
(143.3211538461693,665.0)
(143.32307692309237,665.0)
(143.32500000001545,665.0)
(143.32500000001545,665.0)
(143.32708333334878,664.0)
(143.3291666666821,664.0)
(143.33125000001544,665.0)
(143.33333333334878,665.0)
(143.3354166666821,665.0)
(143.33750000001544,664.0)
(143.3395833333488,664.0)
(143.34166666668213,664.0)
(143.34375000001546,665.0)
(143.3458333333488,664.0)
(143.34791666668212,664.0)
(143.35000000001546,664.0)
(143.35000000001546,664.0)
(143.3520833333488,664.0)
(143.35416666668212,664.0)
(143.35625000001545,663.0)
(143.35833333334878,663.0)
(143.3604166666821,663.0)
(143.36250000001547,664.0)
(143.3645833333488,664.0)
(143.36666666668214,664.0)
(143.36875000001547,664.0)
(143.3708333333488,663.0)
(143.37291666668213,664.0)
(143.37500000001546,664.0)
(143.37500000001546,663.0)
(143.3772727272882,664.0)
(143.3795454545609,664.0)
(143.38181818183364,663.0)
(143.38409090910636,664.0)
(143.3863636363791,664.0)
(143.38863636365184,664.0)
(143.39090909092457,663.0)
(143.3931818181973,663.0)
(143.39545454547002,664.0)
(143.39772727274274,663.0)
(143.40000000001547,663.0)
(143.40000000001547,663.0)
(143.4083333333488,665.0)
(143.41666666668215,663.0)
(143.42500000001547,663.0)
(143.42500000001547,664.0)
(143.42500000001547,663.0)
(143.4272727272882,663.0)
(143.42954545456092,662.0)
(143.43181818183365,663.0)
(143.43409090910637,664.0)
(143.4363636363791,663.0)
(143.43863636365185,663.0)
(143.44090909092458,664.0)
(143.4431818181973,664.0)
(143.44545454547003,664.0)
(143.44772727274275,663.0)
(143.45000000001548,663.0)
(143.45000000001548,664.0)
(143.45166666668214,663.0)
(143.4533333333488,664.0)
(143.45500000001547,664.0)
(143.45666666668214,663.0)
(143.4583333333488,663.0)
(143.46000000001547,663.0)
(143.46166666668213,662.0)
(143.46333333334883,662.0)
(143.4650000000155,662.0)
(143.46666666668216,663.0)
(143.46833333334882,664.0)
(143.4700000000155,664.0)
(143.47166666668215,663.0)
(143.47333333334882,663.0)
(143.47500000001548,664.0)
(143.47500000001548,662.0)
(143.4772727272882,663.0)
(143.47954545456093,663.0)
(143.48181818183366,663.0)
(143.48409090910638,663.0)
(143.4863636363791,663.0)
(143.48863636365186,663.0)
(143.4909090909246,663.0)
(143.49318181819731,662.0)
(143.49545454547004,662.0)
(143.49772727274276,662.0)
(143.5000000000155,663.0)
(143.5000000000155,663.0)
(143.50227272728822,662.0)
(143.50454545456094,662.0)
(143.50681818183367,663.0)
(143.5090909091064,663.0)
(143.51136363637912,663.0)
(143.51363636365187,664.0)
(143.5159090909246,663.0)
(143.51818181819732,663.0)
(143.52045454547005,662.0)
(143.52272727274277,663.0)
(143.5250000000155,662.0)
(143.5250000000155,663.0)
(143.52692307693857,664.0)
(143.52884615386165,662.0)
(143.53076923078473,663.0)
(143.5326923077078,662.0)
(143.53461538463088,663.0)
(143.53653846155396,663.0)
(143.53846153847704,663.0)
(143.54038461540011,662.0)
(143.5423076923232,663.0)
(143.54423076924627,662.0)
(143.54615384616935,662.0)
(143.54807692309242,662.0)
(143.5500000000155,663.0)
(143.5500000000155,663.0)
(143.55178571430122,663.0)
(143.55357142858693,662.0)
(143.55535714287265,662.0)
(143.55714285715837,664.0)
(143.55892857144408,662.0)
(143.5607142857298,662.0)
(143.56250000001552,663.0)
(143.5642857143012,662.0)
(143.56607142858692,663.0)
(143.56785714287264,662.0)
(143.56964285715836,663.0)
(143.57142857144407,662.0)
(143.5732142857298,663.0)
(143.5750000000155,661.0)
(143.5750000000155,663.0)
(143.57708333334884,662.0)
(143.57916666668217,663.0)
(143.5812500000155,664.0)
(143.58333333334883,662.0)
(143.58541666668216,662.0)
(143.5875000000155,662.0)
(143.58958333334886,664.0)
(143.5916666666822,663.0)
(143.59375000001552,664.0)
(143.59583333334885,663.0)
(143.59791666668218,665.0)
(143.6000000000155,662.0)
(143.6000000000155,663.0)
(143.6014705882508,663.0)
(143.6029411764861,663.0)
(143.6044117647214,663.0)
(143.60588235295668,663.0)
(143.60735294119198,662.0)
(143.60882352942727,663.0)
(143.61029411766256,663.0)
(143.61176470589785,663.0)
(143.61323529413318,662.0)
(143.61470588236847,662.0)
(143.61617647060376,663.0)
(143.61764705883905,662.0)
(143.61911764707435,663.0)
(143.62058823530964,663.0)
(143.62205882354493,662.0)
(143.62352941178023,663.0)
(143.62500000001552,663.0)
(143.62500000001552,663.0)
(143.62656250001552,663.0)
(143.62812500001553,663.0)
(143.6296875000155,663.0)
(143.6312500000155,663.0)
(143.63281250001552,662.0)
(143.63437500001552,664.0)
(143.63593750001553,663.0)
(143.6375000000155,663.0)
(143.6390625000155,664.0)
(143.64062500001552,664.0)
(143.64218750001552,664.0)
(143.64375000001553,663.0)
(143.64531250001554,663.0)
(143.6468750000155,662.0)
(143.64843750001552,663.0)
(143.65000000001552,663.0)
(143.65000000001552,663.0)
(143.65178571430124,662.0)
(143.65357142858696,663.0)
(143.65535714287267,664.0)
(143.6571428571584,663.0)
(143.6589285714441,664.0)
(143.66071428572982,664.0)
(143.66250000001554,663.0)
(143.66428571430123,663.0)
(143.66607142858695,663.0)
(143.66785714287266,664.0)
(143.66964285715838,663.0)
(143.6714285714441,663.0)
(143.6732142857298,663.0)
(143.67500000001553,663.0)
(143.67500000001553,663.0)
(143.67857142858696,664.0)
(143.6821428571584,663.0)
(143.68571428572983,663.0)
(143.68928571430123,663.0)
(143.69285714287267,662.0)
(143.6964285714441,663.0)
(143.70000000001554,662.0)
(143.70000000001554,662.0)
(143.7027777777933,663.0)
(143.7055555555711,663.0)
(143.70833333334886,662.0)
(143.71111111112666,661.0)
(143.71388888890442,662.0)
(143.71666666668222,661.0)
(143.71944444445998,662.0)
(143.72222222223778,661.0)
(143.72500000001554,661.0)
(143.72500000001554,660.0)
(143.7266666666822,660.0)
(143.72833333334887,660.0)
(143.73000000001554,660.0)
(143.7316666666822,661.0)
(143.73333333334887,660.0)
(143.73500000001553,661.0)
(143.7366666666822,661.0)
(143.7383333333489,660.0)
(143.74000000001556,660.0)
(143.74166666668222,661.0)
(143.7433333333489,660.0)
(143.74500000001555,660.0)
(143.74666666668222,660.0)
(143.74833333334888,660.0)
(143.75000000001555,660.0)
(143.75000000001555,660.0)
(143.75192307693862,660.0)
(143.7538461538617,660.0)
(143.75576923078478,661.0)
(143.75769230770786,661.0)
(143.75961538463093,661.0)
(143.761538461554,660.0)
(143.7634615384771,660.0)
(143.76538461540017,660.0)
(143.76730769232324,660.0)
(143.76923076924632,660.0)
(143.7711538461694,661.0)
(143.77307692309247,660.0)
(143.77500000001555,660.0)
(143.77500000001555,660.0)
(143.77666666668222,660.0)
(143.77833333334888,660.0)
(143.78000000001555,660.0)
(143.7816666666822,660.0)
(143.78333333334888,660.0)
(143.78500000001554,660.0)
(143.7866666666822,661.0)
(143.7883333333489,660.0)
(143.79000000001557,660.0)
(143.79166666668223,660.0)
(143.7933333333489,660.0)
(143.79500000001556,659.0)
(143.79666666668223,659.0)
(143.7983333333489,660.0)
(143.80000000001556,660.0)
(143.80000000001556,660.0)
(143.80227272728828,660.0)
(143.804545454561,660.0)
(143.80681818183373,661.0)
(143.80909090910646,660.0)
(143.81136363637918,660.0)
(143.81363636365194,660.0)
(143.81590909092466,660.0)
(143.8181818181974,660.0)
(143.8204545454701,660.0)
(143.82272727274284,660.0)
(143.82500000001556,660.0)
(143.82500000001556,660.0)
(143.8272727272883,660.0)
(143.829545454561,660.0)
(143.83181818183374,660.0)
(143.83409090910646,660.0)
(143.8363636363792,660.0)
(143.83863636365194,660.0)
(143.84090909092467,660.0)
(143.8431818181974,661.0)
(143.84545454547012,660.0)
(143.84772727274284,659.0)
(143.85000000001557,660.0)
(143.85000000001557,660.0)
(143.8522727272883,660.0)
(143.85454545456102,660.0)
(143.85681818183375,660.0)
(143.85909090910647,660.0)
(143.8613636363792,660.0)
(143.86363636365195,660.0)
(143.86590909092467,660.0)
(143.8681818181974,661.0)
(143.87045454547012,660.0)
(143.87272727274285,659.0)
(143.87500000001558,660.0)
(143.87500000001558,660.0)
(143.8772727272883,660.0)
(143.87954545456103,660.0)
(143.88181818183375,660.0)
(143.88409090910648,660.0)
(143.8863636363792,660.0)
(143.88863636365195,660.0)
(143.89090909092468,660.0)
(143.8931818181974,660.0)
(143.89545454547013,660.0)
(143.89772727274286,660.0)
(143.90000000001558,660.0)
(143.90000000001558,660.0)
(143.90250000001558,660.0)
(143.90500000001558,660.0)
(143.90750000001557,660.0)
(143.91000000001557,660.0)
(143.9125000000156,660.0)
(143.9150000000156,660.0)
(143.9175000000156,660.0)
(143.9200000000156,660.0)
(143.9225000000156,660.0)
(143.9250000000156,660.0)
(143.9250000000156,660.0)
(143.9250000000156,659.0)
(143.92750000001558,660.0)
(143.93000000001558,660.0)
(143.93250000001558,660.0)
(143.93500000001558,660.0)
(143.93750000001558,660.0)
(143.9400000000156,660.0)
(143.9425000000156,660.0)
(143.9450000000156,660.0)
(143.9475000000156,660.0)
(143.9500000000156,660.0)
(143.9500000000156,661.0)
(143.95192307693867,660.0)
(143.95384615386175,660.0)
(143.95576923078482,659.0)
(143.9576923077079,660.0)
(143.95961538463098,660.0)
(143.96153846155406,660.0)
(143.96346153847713,660.0)
(143.9653846154002,660.0)
(143.9673076923233,660.0)
(143.96923076924637,660.0)
(143.97115384616944,660.0)
(143.97307692309252,660.0)
(143.9750000000156,660.0)
(143.9750000000156,660.0)
(143.97727272728832,660.0)
(143.97954545456105,660.0)
(143.98181818183377,660.0)
(143.9840909091065,661.0)
(143.98636363637922,661.0)
(143.98863636365198,659.0)
(143.9909090909247,660.0)
(143.99318181819743,660.0)
(143.99545454547015,660.0)
(143.99772727274288,660.0)
(144.0000000000156,661.0)
(144.0000000000156,660.0)
(144.00192307693868,659.0)
(144.00384615386176,659.0)
(144.00576923078484,660.0)
(144.0076923077079,660.0)
(144.009615384631,660.0)
(144.01153846155407,660.0)
(144.01346153847715,660.0)
(144.01538461540022,660.0)
(144.0173076923233,660.0)
(144.01923076924638,660.0)
(144.02115384616945,660.0)
(144.02307692309253,660.0)
(144.0250000000156,660.0)
(144.0250000000156,660.0)
(144.02678571430133,660.0)
(144.02857142858704,660.0)
(144.03035714287276,660.0)
(144.03214285715848,660.0)
(144.0339285714442,661.0)
(144.0357142857299,660.0)
(144.0375000000156,660.0)
(144.03928571430131,660.0)
(144.04107142858703,661.0)
(144.04285714287275,660.0)
(144.04464285715846,661.0)
(144.04642857144418,660.0)
(144.0482142857299,660.0)
(144.05000000001561,660.0)
(144.05000000001561,660.0)
(144.05208333334895,660.0)
(144.05416666668228,660.0)
(144.0562500000156,660.0)
(144.05833333334894,660.0)
(144.06041666668227,660.0)
(144.06250000001563,660.0)
(144.06458333334896,660.0)
(144.0666666666823,660.0)
(144.06875000001563,660.0)
(144.07083333334896,661.0)
(144.0729166666823,660.0)
(144.07500000001562,660.0)
(144.07500000001562,660.0)
(144.0875000000156,660.0)
(144.10000000001563,660.0)
(144.10000000001563,660.0)
(144.10312500001564,659.0)
(144.10625000001562,660.0)
(144.10937500001563,660.0)
(144.11250000001564,660.0)
(144.11562500001563,660.0)
(144.11875000001564,660.0)
(144.12187500001562,660.0)
(144.12500000001563,660.0)
(144.12500000001563,660.0)
(144.1269230769387,660.0)
(144.1288461538618,660.0)
(144.13076923078486,660.0)
(144.13269230770794,661.0)
(144.13461538463102,660.0)
(144.1365384615541,660.0)
(144.13846153847717,660.0)
(144.14038461540025,659.0)
(144.14230769232333,660.0)
(144.1442307692464,660.0)
(144.14615384616948,660.0)
(144.14807692309256,660.0)
(144.15000000001564,660.0)
(144.15000000001564,660.0)
(144.15625000001563,660.0)
(144.16250000001565,660.0)
(144.16875000001565,660.0)
(144.17500000001564,660.0)
(144.17500000001564,660.0)
(144.20000000001565,660.0)
(144.20000000001565,660.0)
(144.20500000001564,660.0)
(144.21000000001564,660.0)
(144.21500000001566,660.0)
(144.22000000001566,660.0)
(144.22500000001565,660.0)
(144.22500000001565,660.0)
(144.22692307693873,660.0)
(144.2288461538618,660.0)
(144.2307692307849,660.0)
(144.23269230770796,660.0)
(144.23461538463104,660.0)
(144.23653846155412,660.0)
(144.2384615384772,660.0)
(144.24038461540027,660.0)
(144.24230769232335,660.0)
(144.24423076924643,660.0)
(144.2461538461695,660.0)
(144.24807692309258,660.0)
(144.25000000001566,661.0)
(144.25000000001566,660.0)
(144.25227272728839,659.0)
(144.2545454545611,659.0)
(144.25681818183384,660.0)
(144.25909090910656,660.0)
(144.2613636363793,659.0)
(144.26363636365204,659.0)
(144.26590909092477,660.0)
(144.2681818181975,660.0)
(144.27045454547022,660.0)
(144.27272727274294,660.0)
(144.27500000001567,660.0)
(144.27500000001567,660.0)
(144.27678571430138,660.0)
(144.2785714285871,660.0)
(144.28035714287282,660.0)
(144.28214285715853,660.0)
(144.28392857144425,660.0)
(144.28571428572997,660.0)
(144.28750000001565,660.0)
(144.28928571430137,661.0)
(144.2910714285871,660.0)
(144.2928571428728,660.0)
(144.29464285715852,660.0)
(144.29642857144424,661.0)
(144.29821428572996,659.0)
(144.30000000001567,660.0)
(144.30000000001567,660.0)
(144.30625000001567,660.0)
(144.3125000000157,660.0)
(144.31875000001568,660.0)
(144.32500000001568,661.0)
(144.32500000001568,660.0)
(144.33750000001567,660.0)
(144.35000000001568,660.0)
(144.35000000001568,660.0)
(144.35625000001568,660.0)
(144.3625000000157,660.0)
(144.3687500000157,660.0)
(144.3750000000157,660.0)
(144.3750000000157,660.0)
(144.3765625000157,660.0)
(144.3781250000157,660.0)
(144.37968750001568,660.0)
(144.38125000001568,660.0)
(144.3828125000157,660.0)
(144.3843750000157,660.0)
(144.3859375000157,660.0)
(144.38750000001568,660.0)
(144.38906250001568,659.0)
(144.3906250000157,660.0)
(144.3921875000157,660.0)
(144.3937500000157,660.0)
(144.3953125000157,660.0)
(144.39687500001568,660.0)
(144.3984375000157,660.0)
(144.4000000000157,660.0)
(144.4000000000157,660.0)
(144.40208333334903,660.0)
(144.40416666668236,660.0)
(144.4062500000157,660.0)
(144.40833333334902,660.0)
(144.41041666668235,660.0)
(144.4125000000157,660.0)
(144.41458333334904,661.0)
(144.41666666668237,661.0)
(144.4187500000157,660.0)
(144.42083333334904,660.0)
(144.42291666668237,660.0)
(144.4250000000157,660.0)
(144.4250000000157,660.0)
(144.42692307693878,659.0)
(144.42884615386185,660.0)
(144.43076923078493,660.0)
(144.432692307708,660.0)
(144.4346153846311,660.0)
(144.43653846155416,661.0)
(144.43846153847724,660.0)
(144.44038461540032,660.0)
(144.4423076923234,660.0)
(144.44423076924647,660.0)
(144.44615384616955,660.0)
(144.44807692309263,660.0)
(144.4500000000157,660.0)
(144.4500000000157,661.0)
(144.45227272728843,660.0)
(144.45454545456116,660.0)
(144.45681818183388,660.0)
(144.4590909091066,660.0)
(144.46136363637933,660.0)
(144.46363636365209,660.0)
(144.4659090909248,660.0)
(144.46818181819754,660.0)
(144.47045454547026,660.0)
(144.472727272743,660.0)
(144.4750000000157,660.0)
(144.4750000000157,660.0)
(144.4769230769388,660.0)
(144.47884615386187,660.0)
(144.48076923078494,660.0)
(144.48269230770802,660.0)
(144.4846153846311,660.0)
(144.48653846155418,660.0)
(144.48846153847725,660.0)
(144.49038461540033,661.0)
(144.4923076923234,660.0)
(144.49423076924649,660.0)
(144.49615384616956,660.0)
(144.49807692309264,660.0)
(144.50000000001572,661.0)
(144.50000000001572,660.0)
(144.50178571430143,660.0)
(144.50357142858715,660.0)
(144.50535714287287,660.0)
(144.50714285715858,661.0)
(144.5089285714443,660.0)
(144.51071428573002,660.0)
(144.51250000001573,661.0)
(144.51428571430142,661.0)
(144.51607142858714,660.0)
(144.51785714287286,661.0)
(144.51964285715857,660.0)
(144.5214285714443,660.0)
(144.52321428573,660.0)
(144.52500000001572,660.0)
(144.52500000001572,660.0)
(144.5269230769388,660.0)
(144.52884615386188,660.0)
(144.53076923078495,661.0)
(144.53269230770803,660.0)
(144.5346153846311,660.0)
(144.5365384615542,660.0)
(144.53846153847726,660.0)
(144.54038461540034,660.0)
(144.54230769232342,660.0)
(144.5442307692465,661.0)
(144.54615384616957,660.0)
(144.54807692309265,660.0)
(144.55000000001573,659.0)
(144.55000000001573,659.0)
(144.55227272728845,660.0)
(144.55454545456118,660.0)
(144.5568181818339,659.0)
(144.55909090910663,660.0)
(144.56136363637935,660.0)
(144.5636363636521,661.0)
(144.56590909092483,660.0)
(144.56818181819756,660.0)
(144.57045454547028,660.0)
(144.572727272743,661.0)
(144.57500000001573,660.0)
(144.57500000001573,659.0)
(144.5766666666824,660.0)
(144.57833333334906,660.0)
(144.58000000001573,660.0)
(144.5816666666824,660.0)
(144.58333333334906,660.0)
(144.58500000001573,660.0)
(144.5866666666824,660.0)
(144.58833333334908,660.0)
(144.59000000001575,659.0)
(144.5916666666824,660.0)
(144.59333333334908,660.0)
(144.59500000001574,660.0)
(144.5966666666824,660.0)
(144.59833333334907,660.0)
(144.60000000001574,661.0)
(144.60000000001574,660.0)
(144.60227272728847,660.0)
(144.6045454545612,660.0)
(144.60681818183392,660.0)
(144.60909090910664,660.0)
(144.61136363637937,660.0)
(144.61363636365212,660.0)
(144.61590909092484,660.0)
(144.61818181819757,659.0)
(144.6204545454703,660.0)
(144.62272727274302,660.0)
(144.62500000001575,660.0)
(144.62500000001575,660.0)
(144.62727272728847,660.0)
(144.6295454545612,660.0)
(144.63181818183392,660.0)
(144.63409090910665,660.0)
(144.63636363637937,660.0)
(144.63863636365213,660.0)
(144.64090909092485,660.0)
(144.64318181819758,659.0)
(144.6454545454703,660.0)
(144.64772727274303,660.0)
(144.65000000001575,660.0)
(144.65000000001575,660.0)
(144.65178571430147,660.0)
(144.65357142858718,660.0)
(144.6553571428729,660.0)
(144.65714285715862,659.0)
(144.65892857144433,661.0)
(144.66071428573005,659.0)
(144.66250000001577,661.0)
(144.66428571430146,660.0)
(144.66607142858717,660.0)
(144.6678571428729,660.0)
(144.6696428571586,660.0)
(144.67142857144432,660.0)
(144.67321428573004,660.0)
(144.67500000001576,660.0)
(144.67500000001576,660.0)
(144.6770833333491,660.0)
(144.67916666668242,660.0)
(144.68125000001575,660.0)
(144.68333333334908,660.0)
(144.6854166666824,660.0)
(144.68750000001575,660.0)
(144.6895833333491,660.0)
(144.69166666668244,660.0)
(144.69375000001577,659.0)
(144.6958333333491,660.0)
(144.69791666668243,660.0)
(144.70000000001576,660.0)
(144.70000000001576,660.0)
(144.70166666668243,660.0)
(144.7033333333491,659.0)
(144.70500000001576,660.0)
(144.70666666668242,660.0)
(144.7083333333491,660.0)
(144.71000000001575,661.0)
(144.71166666668242,660.0)
(144.7133333333491,660.0)
(144.71500000001578,660.0)
(144.71666666668244,660.0)
(144.7183333333491,660.0)
(144.72000000001577,660.0)
(144.72166666668244,660.0)
(144.7233333333491,659.0)
(144.72500000001577,660.0)
(144.72500000001577,660.0)
(144.7270833333491,659.0)
(144.72916666668243,660.0)
(144.73125000001576,660.0)
(144.7333333333491,660.0)
(144.73541666668243,659.0)
(144.73750000001576,660.0)
(144.73958333334912,661.0)
(144.74166666668245,660.0)
(144.74375000001578,659.0)
(144.7458333333491,660.0)
(144.74791666668244,660.0)
(144.75000000001577,660.0)
(144.75000000001577,660.0)
(144.7522727272885,660.0)
(144.75454545456122,660.0)
(144.75681818183395,660.0)
(144.75909090910667,660.0)
(144.7613636363794,660.0)
(144.76363636365215,660.0)
(144.76590909092488,660.0)
(144.7681818181976,660.0)
(144.77045454547033,660.0)
(144.77272727274305,660.0)
(144.77500000001578,660.0)
(144.77500000001578,659.0)
(144.7772727272885,660.0)
(144.77954545456123,660.0)
(144.78181818183396,660.0)
(144.78409090910668,660.0)
(144.7863636363794,660.0)
(144.78863636365216,660.0)
(144.79090909092488,660.0)
(144.7931818181976,660.0)
(144.79545454547034,660.0)
(144.79772727274306,660.0)
(144.80000000001579,660.0)
(144.80000000001579,660.0)
(144.80192307693886,660.0)
(144.80384615386194,661.0)
(144.80576923078502,660.0)
(144.8076923077081,660.0)
(144.80961538463117,661.0)
(144.81153846155425,660.0)
(144.81346153847733,660.0)
(144.8153846154004,661.0)
(144.81730769232348,660.0)
(144.81923076924656,659.0)
(144.82115384616964,660.0)
(144.8230769230927,660.0)
(144.8250000000158,660.0)
(144.8250000000158,660.0)
(144.8267857143015,660.0)
(144.82857142858722,660.0)
(144.83035714287294,660.0)
(144.83214285715866,660.0)
(144.83392857144437,660.0)
(144.8357142857301,660.0)
(144.83750000001578,660.0)
(144.8392857143015,660.0)
(144.8410714285872,660.0)
(144.84285714287293,660.0)
(144.84464285715865,660.0)
(144.84642857144436,660.0)
(144.84821428573008,661.0)
(144.8500000000158,661.0)
(144.8500000000158,660.0)
(144.8531250000158,660.0)
(144.8562500000158,660.0)
(144.8593750000158,660.0)
(144.8625000000158,660.0)
(144.8656250000158,661.0)
(144.8687500000158,660.0)
(144.8718750000158,660.0)
(144.8750000000158,660.0)
(144.8750000000158,660.0)
(144.8750000000158,660.0)
(144.87916666668247,660.0)
(144.88333333334913,660.0)
(144.8875000000158,660.0)
(144.89166666668248,659.0)
(144.89583333334915,660.0)
(144.9000000000158,660.0)
(144.9000000000158,661.0)
(144.90208333334914,660.0)
(144.90416666668247,660.0)
(144.9062500000158,660.0)
(144.90833333334913,660.0)
(144.91041666668247,660.0)
(144.91250000001583,660.0)
(144.91458333334916,660.0)
(144.9166666666825,660.0)
(144.91875000001582,659.0)
(144.92083333334915,660.0)
(144.92291666668248,660.0)
(144.9250000000158,660.0)
(144.9250000000158,660.0)
(144.92678571430153,660.0)
(144.92857142858725,660.0)
(144.93035714287296,660.0)
(144.93214285715868,660.0)
(144.9339285714444,661.0)
(144.9357142857301,661.0)
(144.9375000000158,660.0)
(144.93928571430152,660.0)
(144.94107142858724,660.0)
(144.94285714287295,660.0)
(144.94464285715867,660.0)
(144.9464285714444,660.0)
(144.9482142857301,660.0)
(144.95000000001582,660.0)
(144.95000000001582,660.0)
(144.97500000001583,660.0)
(144.97500000001583,660.0)
(144.9777777777936,660.0)
(144.98055555557139,660.0)
(144.98333333334915,660.0)
(144.98611111112695,660.0)
(144.9888888889047,660.0)
(144.9916666666825,660.0)
(144.99444444446027,660.0)
(144.99722222223807,660.0)
(145.00000000001583,660.0)
(145.00000000001583,659.0)
(145.00625000001583,660.0)
(145.01250000001585,660.0)
(145.01875000001584,660.0)
(145.02500000001584,660.0)
(145.02500000001584,660.0)
(145.02857142858727,660.0)
(145.0321428571587,660.0)
(145.03571428573014,660.0)
(145.03928571430154,660.0)
(145.04285714287298,660.0)
(145.0464285714444,660.0)
(145.05000000001584,660.0)
(145.05000000001584,660.0)
(145.05147058825114,660.0)
(145.05294117648643,660.0)
(145.05441176472172,660.0)
(145.055882352957,660.0)
(145.0573529411923,660.0)
(145.0588235294276,660.0)
(145.0602941176629,660.0)
(145.06176470589818,660.0)
(145.0632352941335,660.0)
(145.0647058823688,660.0)
(145.0661764706041,660.0)
(145.06764705883938,660.0)
(145.06911764707468,659.0)
(145.07058823530997,659.0)
(145.07205882354526,661.0)
(145.07352941178056,661.0)
(145.07500000001585,660.0)
(145.07500000001585,660.0)
(145.08750000001584,660.0)
(145.10000000001585,660.0)
(145.10000000001585,660.0)
(145.10178571430157,660.0)
(145.1035714285873,660.0)
(145.105357142873,660.0)
(145.10714285715872,660.0)
(145.10892857144444,659.0)
(145.11071428573015,660.0)
(145.11250000001587,660.0)
(145.11428571430156,660.0)
(145.11607142858728,660.0)
(145.117857142873,661.0)
(145.1196428571587,660.0)
(145.12142857144443,660.0)
(145.12321428573014,659.0)
(145.12500000001586,660.0)
(145.12500000001586,660.0)
(145.12727272728858,660.0)
(145.1295454545613,660.0)
(145.13181818183403,659.0)
(145.13409090910676,660.0)
(145.13636363637949,660.0)
(145.13863636365224,660.0)
(145.14090909092496,660.0)
(145.1431818181977,659.0)
(145.14545454547041,660.0)
(145.14772727274314,661.0)
(145.15000000001586,660.0)
(145.15000000001586,660.0)
(145.15192307693894,661.0)
(145.15384615386202,659.0)
(145.1557692307851,661.0)
(145.15769230770817,660.0)
(145.15961538463125,660.0)
(145.16153846155433,660.0)
(145.1634615384774,660.0)
(145.16538461540048,660.0)
(145.16730769232356,660.0)
(145.16923076924664,660.0)
(145.17115384616972,660.0)
(145.1730769230928,661.0)
(145.17500000001587,660.0)
(145.17500000001587,661.0)
(145.1770833333492,660.0)
(145.17916666668253,660.0)
(145.18125000001586,660.0)
(145.1833333333492,660.0)
(145.18541666668253,660.0)
(145.18750000001586,660.0)
(145.18958333334922,661.0)
(145.19166666668255,660.0)
(145.19375000001588,660.0)
(145.1958333333492,660.0)
(145.19791666668254,659.0)
(145.20000000001588,660.0)
(145.20000000001588,660.0)
(145.20250000001587,659.0)
(145.20500000001587,660.0)
(145.20750000001587,660.0)
(145.21000000001587,660.0)
(145.2125000000159,660.0)
(145.2150000000159,660.0)
(145.2175000000159,660.0)
(145.2200000000159,660.0)
(145.22250000001588,660.0)
(145.22500000001588,660.0)
