(15.000000000000146,671.0)
(15.000000000000146,671.0)
(15.008333333333479,670.0)
(15.016666666666813,670.0)
(15.025000000000146,671.0)
(15.025000000000146,671.0)
(15.033333333333479,671.0)
(15.041666666666814,670.0)
(15.050000000000146,670.0)
(15.050000000000146,671.0)
(15.050000000000146,670.0)
(15.075000000000147,670.0)
(15.075000000000147,671.0)
(15.087500000000148,671.0)
(15.100000000000147,671.0)
(15.100000000000147,671.0)
(15.10833333333348,670.0)
(15.116666666666815,670.0)
(15.125000000000147,671.0)
(15.125000000000147,671.0)
(15.137500000000149,671.0)
(15.150000000000148,670.0)
(15.150000000000148,670.0)
(15.162500000000147,671.0)
(15.175000000000148,670.0)
(15.175000000000148,671.0)
(15.183333333333481,671.0)
(15.191666666666816,670.0)
(15.200000000000149,671.0)
(15.200000000000149,671.0)
(15.208333333333481,670.0)
(15.216666666666816,671.0)
(15.225000000000149,671.0)
(15.225000000000149,670.0)
(15.23750000000015,672.0)
(15.25000000000015,671.0)
(15.25000000000015,671.0)
(15.262500000000149,671.0)
(15.27500000000015,671.0)
(15.27500000000015,672.0)
(15.283333333333482,671.0)
(15.291666666666817,671.0)
(15.30000000000015,670.0)
(15.30000000000015,671.0)
(15.30000000000015,671.0)
(15.30000000000015,671.0)
(15.30000000000015,671.0)
(15.31250000000015,671.0)
(15.32500000000015,671.0)
(15.32500000000015,671.0)
(15.333333333333483,670.0)
(15.341666666666818,670.0)
(15.35000000000015,671.0)
(15.35000000000015,671.0)
(15.36250000000015,672.0)
(15.375000000000151,671.0)
(15.375000000000151,671.0)
(15.383333333333484,671.0)
(15.391666666666818,671.0)
(15.400000000000151,671.0)
(15.400000000000151,670.0)
(15.41250000000015,670.0)
(15.425000000000152,671.0)
(15.425000000000152,671.0)
(15.437500000000153,671.0)
(15.450000000000152,670.0)
(15.450000000000152,670.0)
(15.458333333333485,671.0)
(15.46666666666682,670.0)
(15.475000000000152,671.0)
(15.475000000000152,670.0)
(15.483333333333485,670.0)
(15.49166666666682,671.0)
(15.500000000000153,671.0)
(15.500000000000153,670.0)
(15.512500000000152,670.0)
(15.525000000000153,670.0)
(15.525000000000153,670.0)
(15.537500000000154,671.0)
(15.550000000000153,670.0)
(15.550000000000153,670.0)
(15.562500000000153,670.0)
(15.575000000000154,670.0)
(15.575000000000154,669.0)
(15.583333333333487,670.0)
(15.591666666666821,669.0)
(15.600000000000154,670.0)
(15.600000000000154,672.0)
(15.612500000000153,673.0)
(15.625000000000155,674.0)
(15.625000000000155,675.0)
(15.633333333333487,674.0)
(15.641666666666822,675.0)
(15.650000000000155,674.0)
(15.650000000000155,674.0)
(15.662500000000154,673.0)
(15.675000000000155,674.0)
(15.675000000000155,675.0)
(15.687500000000156,674.0)
(15.700000000000156,675.0)
(15.700000000000156,675.0)
(15.712500000000155,674.0)
(15.725000000000156,673.0)
(15.725000000000156,674.0)
(15.737500000000157,674.0)
(15.750000000000156,674.0)
(15.750000000000156,674.0)
(15.75833333333349,674.0)
(15.766666666666824,675.0)
(15.775000000000157,674.0)
(15.775000000000157,675.0)
(15.787500000000158,674.0)
(15.800000000000157,675.0)
(15.800000000000157,675.0)
(15.812500000000156,675.0)
(15.825000000000157,675.0)
(15.825000000000157,674.0)
(15.825000000000157,674.0)
(15.850000000000158,676.0)
(15.850000000000158,675.0)
(15.862500000000157,675.0)
(15.875000000000158,674.0)
(15.875000000000158,675.0)
(15.883333333333491,674.0)
(15.891666666666826,675.0)
(15.900000000000158,675.0)
(15.900000000000158,675.0)
(15.912500000000158,674.0)
(15.925000000000159,674.0)
(15.925000000000159,673.0)
(15.93750000000016,673.0)
(15.95000000000016,672.0)
(15.95000000000016,671.0)
(15.962500000000158,672.0)
(15.97500000000016,671.0)
(15.97500000000016,670.0)
(15.983333333333492,669.0)
(15.991666666666827,669.0)
(16.00000000000016,668.0)
(16.00000000000016,667.0)
(16.01250000000016,665.0)
(16.02500000000016,666.0)
(16.02500000000016,665.0)
(16.03333333333349,665.0)
(16.041666666666824,665.0)
(16.050000000000157,665.0)
(16.050000000000157,665.0)
(16.062500000000156,666.0)
(16.075000000000156,665.0)
(16.075000000000156,666.0)
(16.08333333333349,664.0)
(16.09166666666682,665.0)
(16.100000000000154,665.0)
(16.100000000000154,666.0)
(16.112500000000153,665.0)
(16.125000000000153,666.0)
(16.125000000000153,665.0)
(16.137500000000152,666.0)
(16.15000000000015,665.0)
(16.15000000000015,665.0)
(16.16250000000015,665.0)
(16.17500000000015,665.0)
(16.17500000000015,665.0)
(16.183333333333483,664.0)
(16.191666666666816,665.0)
(16.20000000000015,665.0)
(16.20000000000015,665.0)
(16.212500000000148,665.0)
(16.225000000000147,666.0)
(16.225000000000147,665.0)
(16.237500000000146,666.0)
(16.250000000000146,665.0)
(16.250000000000146,666.0)
(16.25833333333348,666.0)
(16.26666666666681,666.0)
(16.275000000000144,665.0)
(16.275000000000144,666.0)
(16.287500000000144,665.0)
(16.300000000000143,665.0)
(16.300000000000143,663.0)
(16.312500000000142,663.0)
(16.32500000000014,663.0)
(16.32500000000014,664.0)
(16.32500000000014,662.0)
(16.33750000000014,661.0)
(16.35000000000014,660.0)
(16.35000000000014,660.0)
(16.36250000000014,660.0)
(16.37500000000014,660.0)
(16.37500000000014,660.0)
(16.38333333333347,659.0)
(16.391666666666804,659.0)
(16.400000000000137,660.0)
(16.400000000000137,660.0)
(16.412500000000136,659.0)
(16.425000000000136,659.0)
(16.425000000000136,659.0)
(16.437500000000135,660.0)
(16.450000000000134,660.0)
(16.450000000000134,660.0)
(16.458333333333467,660.0)
(16.4666666666668,659.0)
(16.475000000000133,660.0)
(16.475000000000133,660.0)
(16.487500000000132,660.0)
(16.50000000000013,660.0)
(16.50000000000013,659.0)
(16.51250000000013,660.0)
(16.52500000000013,660.0)
(16.52500000000013,660.0)
(16.533333333333463,659.0)
(16.541666666666796,659.0)
(16.55000000000013,660.0)
(16.55000000000013,660.0)
(16.562500000000128,659.0)
(16.575000000000127,660.0)
(16.575000000000127,660.0)
(16.587500000000126,660.0)
(16.600000000000126,660.0)
(16.600000000000126,659.0)
(16.60833333333346,660.0)
(16.61666666666679,660.0)
(16.625000000000124,660.0)
(16.625000000000124,659.0)
(16.637500000000124,660.0)
(16.650000000000123,660.0)
(16.650000000000123,660.0)
(16.658333333333456,660.0)
(16.66666666666679,659.0)
(16.67500000000012,660.0)
(16.67500000000012,660.0)
(16.68750000000012,660.0)
(16.70000000000012,660.0)
(16.70000000000012,660.0)
(16.71250000000012,660.0)
(16.72500000000012,660.0)
(16.72500000000012,660.0)
(16.73333333333345,660.0)
(16.741666666666784,660.0)
(16.750000000000117,660.0)
(16.750000000000117,660.0)
(16.762500000000117,659.0)
(16.775000000000116,659.0)
(16.775000000000116,660.0)
(16.787500000000115,658.0)
(16.800000000000114,659.0)
(16.800000000000114,659.0)
(16.808333333333447,659.0)
(16.81666666666678,659.0)
(16.825000000000113,658.0)
(16.825000000000113,658.0)
(16.837500000000112,657.0)
(16.85000000000011,659.0)
(16.85000000000011,658.0)
(16.86250000000011,657.0)
(16.87500000000011,657.0)
(16.87500000000011,658.0)
(16.883333333333443,657.0)
(16.891666666666776,657.0)
(16.90000000000011,656.0)
(16.90000000000011,656.0)
(16.912500000000108,656.0)
(16.925000000000107,656.0)
(16.925000000000107,656.0)
(16.937500000000107,657.0)
(16.950000000000106,657.0)
(16.950000000000106,656.0)
(16.95833333333344,656.0)
(16.96666666666677,657.0)
(16.975000000000104,657.0)
(16.975000000000104,656.0)
(16.987500000000104,658.0)
(17.000000000000103,658.0)
(17.000000000000103,656.0)
(17.012500000000102,656.0)
(17.0250000000001,657.0)
(17.0250000000001,657.0)
(17.033333333333434,656.0)
(17.041666666666767,657.0)
(17.0500000000001,657.0)
(17.0500000000001,657.0)
(17.0625000000001,657.0)
(17.0750000000001,656.0)
(17.0750000000001,657.0)
(17.087500000000098,656.0)
(17.100000000000097,656.0)
(17.100000000000097,656.0)
(17.10833333333343,657.0)
(17.116666666666763,657.0)
(17.125000000000096,657.0)
(17.125000000000096,656.0)
(17.137500000000095,656.0)
(17.150000000000095,656.0)
(17.150000000000095,657.0)
(17.158333333333427,656.0)
(17.16666666666676,657.0)
(17.175000000000093,656.0)
(17.175000000000093,657.0)
(17.187500000000092,658.0)
(17.20000000000009,657.0)
(17.20000000000009,658.0)
(17.21250000000009,656.0)
(17.22500000000009,656.0)
(17.22500000000009,656.0)
(17.233333333333423,657.0)
(17.241666666666756,656.0)
(17.25000000000009,655.0)
(17.25000000000009,658.0)
(17.262500000000088,657.0)
(17.275000000000087,656.0)
(17.275000000000087,657.0)
(17.28333333333342,658.0)
(17.291666666666753,658.0)
(17.300000000000086,657.0)
(17.300000000000086,657.0)
(17.312500000000085,657.0)
(17.325000000000085,659.0)
(17.325000000000085,658.0)
(17.337500000000084,658.0)
(17.350000000000083,659.0)
(17.350000000000083,659.0)
(17.362500000000082,660.0)
(17.37500000000008,659.0)
(17.37500000000008,659.0)
(17.383333333333415,659.0)
(17.391666666666747,660.0)
(17.40000000000008,660.0)
(17.40000000000008,660.0)
(17.41250000000008,660.0)
(17.42500000000008,659.0)
(17.42500000000008,660.0)
(17.42500000000008,660.0)
(17.42500000000008,660.0)
(17.43333333333341,659.0)
(17.441666666666745,660.0)
(17.450000000000077,660.0)
(17.450000000000077,660.0)
(17.462500000000077,660.0)
(17.475000000000076,660.0)
(17.475000000000076,659.0)
(17.487500000000075,660.0)
(17.500000000000075,660.0)
(17.500000000000075,660.0)
(17.508333333333407,660.0)
(17.51666666666674,659.0)
(17.525000000000073,659.0)
(17.525000000000073,660.0)
(17.537500000000072,659.0)
(17.55000000000007,660.0)
(17.55000000000007,660.0)
(17.558333333333405,660.0)
(17.566666666666737,660.0)
(17.57500000000007,660.0)
(17.57500000000007,660.0)
(17.58750000000007,659.0)
(17.60000000000007,660.0)
(17.60000000000007,660.0)
(17.608333333333402,659.0)
(17.616666666666735,660.0)
(17.625000000000068,660.0)
(17.625000000000068,661.0)
(17.637500000000067,659.0)
(17.650000000000066,660.0)
(17.650000000000066,660.0)
(17.662500000000065,660.0)
(17.675000000000065,659.0)
(17.675000000000065,660.0)
(17.683333333333398,659.0)
(17.69166666666673,660.0)
(17.700000000000063,659.0)
(17.700000000000063,660.0)
(17.712500000000063,660.0)
(17.725000000000062,661.0)
(17.725000000000062,662.0)
(17.73750000000006,663.0)
(17.75000000000006,664.0)
(17.75000000000006,665.0)
(17.758333333333393,665.0)
(17.766666666666726,667.0)
(17.77500000000006,666.0)
(17.77500000000006,666.0)
(17.78750000000006,666.0)
(17.800000000000058,666.0)
(17.800000000000058,666.0)
(17.812500000000057,666.0)
(17.825000000000056,666.0)
(17.825000000000056,666.0)
(17.837500000000055,666.0)
(17.850000000000055,666.0)
(17.850000000000055,666.0)
(17.858333333333388,666.0)
(17.86666666666672,666.0)
(17.875000000000053,666.0)
(17.875000000000053,666.0)
(17.887500000000053,666.0)
(17.900000000000052,667.0)
(17.900000000000052,666.0)
(17.908333333333385,666.0)
(17.916666666666718,666.0)
(17.92500000000005,666.0)
(17.92500000000005,665.0)
(17.93750000000005,666.0)
(17.95000000000005,665.0)
(17.95000000000005,665.0)
(17.96250000000005,666.0)
(17.975000000000048,666.0)
(17.975000000000048,666.0)
(17.98333333333338,665.0)
(17.991666666666713,667.0)
(18.000000000000046,666.0)
(18.000000000000046,666.0)
(18.012500000000045,666.0)
(18.025000000000045,666.0)
(18.025000000000045,667.0)
(18.037500000000044,666.0)
(18.050000000000043,666.0)
(18.050000000000043,666.0)
(18.058333333333376,667.0)
(18.06666666666671,666.0)
(18.075000000000042,666.0)
(18.075000000000042,667.0)
(18.08750000000004,666.0)
(18.10000000000004,667.0)
(18.10000000000004,667.0)
(18.11250000000004,667.0)
(18.12500000000004,668.0)
(18.12500000000004,670.0)
(18.12500000000004,670.0)
(18.12500000000004,671.0)
(18.12500000000004,672.0)
(18.133333333333372,673.0)
(18.141666666666705,672.0)
(18.150000000000038,673.0)
(18.150000000000038,672.0)
(18.162500000000037,672.0)
(18.175000000000036,672.0)
(18.175000000000036,671.0)
(18.187500000000036,671.0)
(18.200000000000035,672.0)
(18.200000000000035,672.0)
(18.208333333333368,673.0)
(18.2166666666667,672.0)
(18.225000000000033,672.0)
(18.225000000000033,672.0)
(18.237500000000033,672.0)
(18.250000000000032,671.0)
(18.250000000000032,671.0)
(18.26250000000003,672.0)
(18.27500000000003,671.0)
(18.27500000000003,672.0)
(18.283333333333363,671.0)
(18.291666666666696,671.0)
(18.30000000000003,672.0)
(18.30000000000003,671.0)
(18.31250000000003,672.0)
(18.325000000000028,672.0)
(18.325000000000028,672.0)
(18.337500000000027,672.0)
(18.350000000000026,672.0)
(18.350000000000026,671.0)
(18.35833333333336,672.0)
(18.366666666666692,671.0)
(18.375000000000025,672.0)
(18.375000000000025,671.0)
(18.387500000000024,672.0)
(18.400000000000023,672.0)
(18.400000000000023,672.0)
(18.412500000000023,672.0)
(18.425000000000022,671.0)
(18.425000000000022,672.0)
(18.433333333333355,671.0)
(18.441666666666688,672.0)
(18.45000000000002,672.0)
(18.45000000000002,672.0)
(18.46250000000002,672.0)
(18.47500000000002,672.0)
(18.47500000000002,672.0)
(18.48750000000002,671.0)
(18.500000000000018,671.0)
(18.500000000000018,671.0)
(18.50833333333335,670.0)
(18.516666666666683,670.0)
(18.525000000000016,669.0)
(18.525000000000016,669.0)
(18.537500000000016,670.0)
(18.550000000000015,671.0)
(18.550000000000015,672.0)
(18.558333333333348,671.0)
(18.56666666666668,671.0)
(18.575000000000014,671.0)
(18.575000000000014,670.0)
(18.587500000000013,671.0)
(18.600000000000012,672.0)
(18.600000000000012,671.0)
(18.61250000000001,672.0)
(18.62500000000001,671.0)
(18.62500000000001,671.0)
(18.63750000000001,671.0)
(18.65000000000001,672.0)
(18.65000000000001,671.0)
(18.658333333333342,671.0)
(18.666666666666675,670.0)
(18.675000000000008,671.0)
(18.675000000000008,672.0)
(18.687500000000007,671.0)
(18.700000000000006,670.0)
(18.700000000000006,671.0)
(18.70833333333334,670.0)
(18.716666666666672,671.0)
(18.725000000000005,670.0)
(18.725000000000005,671.0)
(18.737500000000004,671.0)
(18.750000000000004,671.0)
(18.750000000000004,671.0)
(18.762500000000003,671.0)
(18.775000000000002,671.0)
(18.775000000000002,672.0)
(18.7875,671.0)
(18.8,671.0)
(18.8,671.0)
(18.808333333333334,671.0)
(18.816666666666666,671.0)
(18.825,671.0)
(18.825,671.0)
(18.8375,671.0)
(18.849999999999998,671.0)
(18.849999999999998,671.0)
(18.862499999999997,671.0)
(18.874999999999996,671.0)
(18.874999999999996,671.0)
(18.88333333333333,671.0)
(18.891666666666662,671.0)
(18.899999999999995,672.0)
(18.899999999999995,671.0)
(18.912499999999994,670.0)
(18.924999999999994,671.0)
(18.924999999999994,671.0)
(18.937499999999993,672.0)
(18.949999999999992,671.0)
(18.949999999999992,671.0)
(18.96249999999999,672.0)
(18.97499999999999,671.0)
(18.97499999999999,670.0)
(18.983333333333324,671.0)
(18.991666666666656,671.0)
(18.99999999999999,671.0)
(18.99999999999999,671.0)
(19.01249999999999,671.0)
(19.024999999999988,670.0)
(19.024999999999988,671.0)
(19.037499999999987,671.0)
(19.049999999999986,671.0)
(19.049999999999986,672.0)
(19.062499999999986,671.0)
(19.074999999999985,672.0)
(19.074999999999985,671.0)
(19.083333333333318,670.0)
(19.09166666666665,672.0)
(19.099999999999984,672.0)
(19.099999999999984,672.0)
(19.112499999999983,671.0)
(19.124999999999982,671.0)
(19.124999999999982,671.0)
(19.13749999999998,671.0)
(19.14999999999998,672.0)
(19.14999999999998,671.0)
(19.158333333333314,671.0)
(19.166666666666647,672.0)
(19.17499999999998,671.0)
(19.17499999999998,670.0)
(19.18749999999998,671.0)
(19.199999999999978,671.0)
(19.199999999999978,671.0)
(19.212499999999977,671.0)
(19.224999999999977,671.0)
(19.224999999999977,672.0)
(19.237499999999976,671.0)
(19.249999999999975,672.0)
(19.249999999999975,671.0)
(19.258333333333308,671.0)
(19.26666666666664,671.0)
(19.274999999999974,671.0)
(19.274999999999974,671.0)
(19.287499999999973,671.0)
(19.299999999999972,671.0)
(19.299999999999972,671.0)
(19.31249999999997,671.0)
(19.32499999999997,671.0)
(19.32499999999997,671.0)
(19.333333333333304,671.0)
(19.341666666666637,671.0)
(19.34999999999997,671.0)
(19.34999999999997,671.0)
(19.36249999999997,671.0)
(19.374999999999968,671.0)
(19.374999999999968,671.0)
(19.387499999999967,672.0)
(19.399999999999967,671.0)
(19.399999999999967,671.0)
(19.4083333333333,671.0)
(19.416666666666632,671.0)
(19.424999999999965,671.0)
(19.424999999999965,671.0)
(19.437499999999964,671.0)
(19.449999999999964,671.0)
(19.449999999999964,671.0)
(19.462499999999963,673.0)
(19.474999999999962,672.0)
(19.474999999999962,671.0)
(19.483333333333295,671.0)
(19.491666666666628,672.0)
(19.49999999999996,671.0)
(19.49999999999996,671.0)
(19.51249999999996,670.0)
(19.52499999999996,671.0)
(19.52499999999996,672.0)
(19.533333333333292,672.0)
(19.541666666666625,671.0)
(19.549999999999958,671.0)
(19.549999999999958,670.0)
(19.562499999999957,671.0)
(19.574999999999957,671.0)
(19.574999999999957,671.0)
(19.587499999999956,671.0)
(19.599999999999955,671.0)
(19.599999999999955,673.0)
(19.612499999999955,672.0)
(19.624999999999954,671.0)
(19.624999999999954,671.0)
(19.633333333333287,671.0)
(19.64166666666662,671.0)
(19.649999999999952,671.0)
(19.649999999999952,672.0)
(19.66249999999995,672.0)
(19.67499999999995,672.0)
(19.67499999999995,671.0)
(19.68749999999995,671.0)
(19.69999999999995,672.0)
(19.69999999999995,671.0)
(19.71249999999995,671.0)
(19.724999999999948,670.0)
(19.724999999999948,671.0)
(19.73333333333328,671.0)
(19.741666666666614,671.0)
(19.749999999999947,671.0)
(19.749999999999947,672.0)
(19.762499999999946,670.0)
(19.774999999999945,672.0)
(19.774999999999945,671.0)
(19.787499999999945,671.0)
(19.799999999999944,671.0)
(19.799999999999944,671.0)
(19.808333333333277,673.0)
(19.81666666666661,671.0)
(19.824999999999942,671.0)
(19.824999999999942,671.0)
(19.83749999999994,671.0)
(19.84999999999994,671.0)
(19.84999999999994,670.0)
(19.86249999999994,671.0)
(19.87499999999994,671.0)
(19.87499999999994,671.0)
(19.883333333333272,671.0)
(19.891666666666605,671.0)
(19.899999999999938,671.0)
(19.899999999999938,671.0)
(19.899999999999938,671.0)
(19.899999999999938,672.0)
(19.90833333333327,672.0)
(19.916666666666604,672.0)
(19.924999999999937,671.0)
(19.924999999999937,671.0)
(19.93333333333327,671.0)
(19.941666666666602,671.0)
(19.949999999999935,672.0)
(19.949999999999935,671.0)
(19.962499999999935,672.0)
(19.974999999999934,671.0)
(19.974999999999934,671.0)
(19.983333333333267,670.0)
(19.9916666666666,671.0)
(19.999999999999932,672.0)
(19.999999999999932,671.0)
(20.012499999999932,671.0)
(20.02499999999993,670.0)
