(15.000000000000146,0.226429)
(15.000000000000146,0.179721)
(15.008333333333479,0.229692)
(15.016666666666813,0.202978)
(15.025000000000146,0.116268)
(15.025000000000146,0.202908)
(15.037500000000147,0.232856)
(15.050000000000146,0.256139)
(15.050000000000146,0.182764)
(15.062500000000146,0.169382)
(15.075000000000147,0.269355)
(15.075000000000147,0.199297)
(15.08333333333348,0.149253)
(15.091666666666814,0.232544)
(15.100000000000147,0.14586)
(15.100000000000147,0.145798)
(15.10833333333348,0.122494)
(15.116666666666815,0.089087)
(15.125000000000147,0.232384)
(15.125000000000147,0.212344)
(15.137500000000149,0.252292)
(15.150000000000148,0.215575)
(15.150000000000148,0.135543)
(15.162500000000147,0.275496)
(15.175000000000148,0.182128)
(15.175000000000148,0.208757)
(15.183333333333481,0.115351)
(15.191666666666816,0.175378)
(15.200000000000149,0.158658)
(15.200000000000149,0.155284)
(15.212500000000148,0.205253)
(15.225000000000149,0.288536)
(15.225000000000149,0.191807)
(15.23750000000015,0.115059)
(15.25000000000015,0.278427)
(15.25000000000015,0.248358)
(15.258333333333482,0.161653)
(15.266666666666817,0.208291)
(15.27500000000015,0.221577)
(15.27500000000015,0.144828)
(15.283333333333482,0.208205)
(15.291666666666817,0.21808)
(15.30000000000015,0.121463)
(15.30000000000015,0.264703)
(15.31250000000015,0.211312)
(15.32500000000015,0.297937)
(15.32500000000015,0.237893)
(15.337500000000151,0.17118)
(15.35000000000015,0.261149)
(15.35000000000015,0.177741)
(15.358333333333483,0.107768)
(15.366666666666818,0.244367)
(15.375000000000151,0.190978)
(15.375000000000151,0.250875)
(15.387500000000152,0.290944)
(15.400000000000151,0.147507)
(15.400000000000151,0.170799)
(15.41250000000015,0.157438)
(15.425000000000152,0.274056)
(15.425000000000152,0.217349)
(15.433333333333485,0.273967)
(15.44166666666682,0.177264)
(15.450000000000152,0.197215)
(15.450000000000152,0.243843)
(15.462500000000151,0.173804)
(15.475000000000152,0.123784)
(15.475000000000152,0.180378)
(15.483333333333485,0.28367)
(15.49166666666682,0.190399)
(15.500000000000153,0.233614)
(15.500000000000153,0.240154)
(15.512500000000152,0.156861)
(15.525000000000153,0.246905)
(15.525000000000153,0.233439)
(15.537500000000154,0.19339)
(15.550000000000153,0.136697)
(15.550000000000153,0.263335)
(15.558333333333486,0.403111)
(15.566666666666821,0.309954)
(15.575000000000154,0.416523)
(15.575000000000154,0.373039)
(15.583333333333487,0.406282)
(15.591666666666821,0.352877)
(15.600000000000154,0.432791)
(15.600000000000154,0.352718)
(15.612500000000153,0.392631)
(15.625000000000155,0.365881)
(15.625000000000155,0.33246)
(15.637500000000156,0.359061)
(15.650000000000155,0.252321)
(15.650000000000155,0.318932)
(15.662500000000154,0.388862)
(15.675000000000155,0.612086)
(15.675000000000155,0.718607)
(15.683333333333488,0.431713)
(15.691666666666823,0.508474)
(15.700000000000156,0.321626)
(15.700000000000156,0.048246)
(15.712500000000155,-0.241733)
(15.725000000000156,-0.634963)
(15.725000000000156,-0.918148)
(15.733333333333489,-1.141257)
(15.741666666666823,-1.011028)
(15.750000000000156,-1.057474)
(15.750000000000156,-1.093909)
(15.762500000000156,-0.943691)
(15.775000000000157,-1.050146)
(15.775000000000157,-0.966365)
(15.787500000000158,-1.073253)
(15.800000000000157,-1.099488)
(15.800000000000157,-1.038798)
(15.812500000000156,-1.145908)
(15.825000000000157,-1.05235)
(15.825000000000157,-0.951916)
(15.837500000000158,-1.101698)
(15.850000000000158,-1.054814)
(15.850000000000158,-1.097919)
(15.85833333333349,-1.157682)
(15.866666666666825,-1.157442)
(15.875000000000158,-1.107186)
(15.875000000000158,-1.116959)
(15.88750000000016,-1.143371)
(15.900000000000158,-1.193136)
(15.900000000000158,-1.22243)
(15.912500000000158,-1.192901)
(15.925000000000159,-1.122647)
(15.925000000000159,-1.191944)
(15.933333333333492,-1.072179)
(15.941666666666826,-1.231695)
(15.95000000000016,-1.14477)
(15.95000000000016,-1.157873)
(15.962500000000158,-1.084281)
(15.97500000000016,-1.134056)
(15.97500000000016,-1.140467)
(15.983333333333492,-1.070243)
(15.991666666666827,-1.056416)
(16.00000000000016,-1.176673)
(16.00000000000016,-1.04287)
(16.01250000000016,-1.015979)
(16.02500000000016,-0.855789)
(16.02500000000016,-0.698976)
(16.037500000000158,-0.435413)
(16.050000000000157,-0.482175)
(16.050000000000157,-0.275344)
(16.062500000000156,0.031344)
(16.075000000000156,0.048019)
(16.075000000000156,0.561194)
(16.08333333333349,0.38795)
(16.09166666666682,0.781045)
(16.100000000000154,1.124184)
(16.100000000000154,1.750262)
(16.125000000000153,1.410583)
(16.125000000000153,2.079418)
(16.133333333333486,2.17563)
(16.14166666666682,2.075192)
(16.15000000000015,2.121419)
(16.15000000000015,2.107648)
(16.16250000000015,2.067184)
(16.17500000000015,2.133416)
(16.17500000000015,2.122993)
(16.183333333333483,2.11253)
(16.191666666666816,2.068758)
(16.20000000000015,2.031662)
(16.20000000000015,2.084558)
(16.212500000000148,2.024121)
(16.225000000000147,2.067027)
(16.225000000000147,1.996613)
(16.237500000000146,2.062844)
(16.250000000000146,2.035763)
(16.250000000000146,2.045326)
(16.262500000000145,2.088223)
(16.275000000000144,2.111125)
(16.275000000000144,2.147347)
(16.283333333333477,2.126898)
(16.29166666666681,2.036469)
(16.300000000000143,2.069365)
(16.300000000000143,2.055606)
(16.312500000000142,2.051841)
(16.32500000000014,2.101388)
(16.32500000000014,2.060959)
(16.33750000000014,2.063868)
(16.35000000000014,2.040099)
(16.35000000000014,2.11634)
(16.358333333333473,2.009235)
(16.366666666666806,2.018791)
(16.37500000000014,2.058357)
(16.37500000000014,2.041273)
(16.387500000000138,2.197521)
(16.400000000000137,2.093744)
(16.400000000000137,2.139961)
(16.40833333333347,2.479494)
(16.416666666666803,2.795063)
(16.425000000000136,2.578951)
(16.425000000000136,3.161106)
(16.437500000000135,3.560404)
(16.450000000000134,3.612978)
(16.450000000000134,3.675546)
(16.462500000000134,3.737322)
(16.475000000000133,3.728113)
(16.475000000000133,3.793212)
(16.483333333333466,3.789082)
(16.4916666666668,3.781612)
(16.50000000000013,3.804152)
(16.50000000000013,3.813343)
(16.51250000000013,3.799219)
(16.52500000000013,3.808431)
(16.52500000000013,3.804297)
(16.53750000000013,3.826834)
(16.55000000000013,3.809352)
(16.55000000000013,3.785241)
(16.55833333333346,3.803645)
(16.566666666666794,3.811096)
(16.575000000000127,3.799509)
(16.575000000000127,3.818712)
(16.587500000000126,3.814577)
(16.600000000000126,3.783771)
(16.600000000000126,3.812984)
(16.612500000000125,3.785516)
(16.625000000000124,3.794729)
(16.625000000000124,3.80726)
(16.633333333333457,3.79979)
(16.64166666666679,3.794885)
(16.650000000000123,3.782333)
(16.650000000000123,3.787416)
(16.662500000000122,3.773296)
(16.67500000000012,3.792502)
(16.67500000000012,3.771708)
(16.68750000000012,3.804239)
(16.70000000000012,3.780109)
(16.70000000000012,3.805188)
(16.708333333333453,3.799314)
(16.716666666666786,3.773593)
(16.72500000000012,3.774384)
(16.72500000000012,3.786147)
(16.737500000000118,3.782017)
(16.750000000000117,3.801222)
(16.750000000000117,3.787083)
(16.75833333333345,3.789625)
(16.766666666666783,3.798843)
(16.775000000000116,3.784702)
(16.775000000000116,3.803928)
(16.787500000000115,3.786449)
(16.800000000000114,3.785658)
(16.800000000000114,3.781528)
(16.812500000000114,3.794081)
(16.825000000000113,3.796623)
(16.825000000000113,3.79916)
(16.833333333333446,3.815027)
(16.84166666666678,3.824218)
(16.85000000000011,3.793432)
(16.85000000000011,3.809296)
(16.86250000000011,3.868488)
(16.87500000000011,3.871015)
(16.87500000000011,3.946031)
(16.88750000000011,3.916869)
(16.90000000000011,4.041869)
(16.90000000000011,4.133485)
(16.90833333333344,4.064338)
(16.916666666666774,4.132617)
(16.925000000000107,4.181756)
(16.925000000000107,4.197541)
(16.937500000000107,4.26665)
(16.950000000000106,4.315745)
(16.950000000000106,4.408177)
(16.962500000000105,4.609581)
(16.975000000000104,4.663887)
(16.975000000000104,4.821935)
(16.983333333333437,4.919892)
(16.99166666666677,4.787578)
(17.000000000000103,4.882211)
(17.000000000000103,4.851182)
(17.012500000000102,4.839144)
(17.0250000000001,4.810168)
(17.0250000000001,4.931461)
(17.0375000000001,4.820427)
(17.0500000000001,4.799423)
(17.0500000000001,4.668432)
(17.058333333333433,4.729794)
(17.066666666666766,4.777457)
(17.0750000000001,4.685498)
(17.0750000000001,4.737837)
(17.087500000000098,4.646841)
(17.100000000000097,4.719194)
(17.100000000000097,4.754869)
(17.112500000000097,4.823877)
(17.125000000000096,4.736204)
(17.125000000000096,4.775207)
(17.13333333333343,4.84088)
(17.14166666666676,4.796535)
(17.150000000000095,4.685533)
(17.150000000000095,4.661215)
(17.162500000000094,4.706896)
(17.175000000000093,4.799214)
(17.175000000000093,4.748228)
(17.187500000000092,4.780555)
(17.20000000000009,4.699566)
(17.20000000000009,4.811911)
(17.208333333333425,4.767573)
(17.216666666666757,4.743243)
(17.22500000000009,4.812236)
(17.22500000000009,4.794563)
(17.23750000000009,4.77355)
(17.25000000000009,4.772553)
(17.25000000000009,4.873883)
(17.25833333333342,4.778227)
(17.266666666666755,4.662896)
(17.275000000000087,4.775253)
(17.275000000000087,4.657604)
(17.287500000000087,4.809923)
(17.300000000000086,4.665602)
(17.300000000000086,4.74461)
(17.312500000000085,4.700297)
(17.325000000000085,4.702638)
(17.325000000000085,4.687324)
(17.333333333333417,4.744973)
(17.34166666666675,4.773003)
(17.350000000000083,4.698668)
(17.350000000000083,4.933336)
(17.362500000000082,4.764343)
(17.37500000000008,4.708983)
(17.37500000000008,4.821332)
(17.383333333333415,4.727011)
(17.391666666666747,4.749327)
(17.40000000000008,4.761683)
(17.40000000000008,4.674018)
(17.41250000000008,4.686366)
(17.42500000000008,4.408762)
(17.42500000000008,4.34117)
(17.437500000000078,4.146953)
(17.450000000000077,3.979431)
(17.450000000000077,3.941939)
(17.462500000000077,3.827785)
(17.475000000000076,3.770324)
(17.475000000000076,3.756207)
(17.48333333333341,3.728752)
(17.49166666666674,3.691313)
(17.500000000000075,3.700527)
(17.500000000000075,3.686426)
(17.512500000000074,3.668993)
(17.525000000000073,3.691536)
(17.525000000000073,3.660777)
(17.537500000000072,3.676668)
(17.55000000000007,3.692562)
(17.55000000000007,3.678464)
(17.558333333333405,3.674355)
(17.566666666666737,3.690246)
(17.57500000000007,3.682824)
(17.57500000000007,3.667933)
(17.58750000000007,3.682052)
(17.60000000000007,3.677172)
(17.60000000000007,3.683054)
(17.612500000000068,3.688955)
(17.625000000000068,3.684846)
(17.625000000000068,3.663307)
(17.6333333333334,3.684076)
(17.641666666666733,3.672548)
(17.650000000000066,3.668442)
(17.650000000000066,3.666903)
(17.662500000000065,3.684335)
(17.675000000000065,3.649472)
(17.675000000000065,3.678689)
(17.683333333333398,3.674582)
(17.69166666666673,3.67638)
(17.700000000000063,3.670496)
(17.700000000000063,3.662283)
(17.712500000000063,3.668186)
(17.725000000000062,3.674069)
(17.725000000000062,3.666648)
(17.733333333333395,3.679207)
(17.741666666666728,3.671765)
(17.75000000000006,3.667659)
(17.75000000000006,3.666891)
(17.76250000000006,3.672796)
(17.77500000000006,3.658701)
(17.77500000000006,3.657933)
(17.78750000000006,3.650493)
(17.800000000000058,3.666389)
(17.800000000000058,3.652296)
(17.812500000000057,3.651531)
(17.825000000000056,3.620761)
(17.825000000000056,3.573359)
(17.825000000000056,3.502609)
(17.825000000000056,3.471865)
(17.850000000000055,3.444483)
(17.850000000000055,3.113794)
(17.862500000000054,2.349333)
(17.875000000000053,2.643187)
(17.875000000000053,2.142204)
(17.883333333333386,1.721423)
(17.89166666666672,1.815134)
(17.900000000000052,1.564422)
(17.900000000000052,1.617402)
(17.91250000000005,1.583395)
(17.92500000000005,1.650405)
(17.92500000000005,1.579367)
(17.93750000000005,1.67971)
(17.95000000000005,1.58903)
(17.95000000000005,1.722005)
(17.96250000000005,1.67498)
(17.975000000000048,1.637974)
(17.975000000000048,1.547643)
(17.98333333333338,1.67731)
(17.991666666666713,1.673283)
(18.000000000000046,1.65029)
(18.000000000000046,1.54628)
(18.012500000000045,1.57262)
(18.025000000000045,1.628945)
(18.025000000000045,1.558625)
(18.033333333333378,1.628273)
(18.04166666666671,1.704606)
(18.050000000000043,1.664269)
(18.050000000000043,1.603936)
(18.062500000000043,1.633578)
(18.075000000000042,1.616581)
(18.075000000000042,1.632901)
(18.08750000000004,1.652561)
(18.10000000000004,1.67221)
(18.10000000000004,1.505202)
(18.108333333333373,1.501546)
(18.116666666666706,1.594561)
(18.12500000000004,1.630889)
(18.12500000000004,1.557235)
(18.13750000000004,1.516907)
(18.150000000000038,1.626568)
(18.150000000000038,1.5829)
(18.162500000000037,1.525905)
(18.175000000000036,1.55559)
(18.175000000000036,1.548585)
(18.18333333333337,1.488266)
(18.191666666666702,1.537937)
(18.200000000000035,1.484294)
(18.200000000000035,1.553985)
(18.212500000000034,1.546978)
(18.225000000000033,1.37668)
(18.225000000000033,1.216414)
(18.237500000000033,1.1295)
(18.250000000000032,0.942612)
(18.250000000000032,0.585776)
(18.26250000000003,0.269017)
(18.27500000000003,-0.034327)
(18.27500000000003,-0.414281)
(18.283333333333363,-0.494172)
(18.291666666666696,-0.6074)
(18.30000000000003,-0.540609)
(18.30000000000003,-0.560486)
(18.31250000000003,-0.470367)
(18.325000000000028,-0.390281)
(18.325000000000028,-0.423525)
(18.337500000000027,-0.31674)
(18.350000000000026,-0.293474)
(18.350000000000026,-0.33334)
(18.35833333333336,-0.293278)
(18.366666666666692,-0.293228)
(18.375000000000025,-0.213183)
(18.375000000000025,-0.356393)
(18.387500000000024,-0.326452)
(18.400000000000023,-0.269656)
(18.400000000000023,-0.249605)
(18.412500000000023,-0.269553)
(18.425000000000022,-0.292835)
(18.425000000000022,-0.332777)
(18.433333333333355,-0.335998)
(18.441666666666688,-0.259371)
(18.45000000000002,-0.285921)
(18.45000000000002,-0.269202)
(18.46250000000002,-0.285742)
(18.47500000000002,-0.302474)
(18.47500000000002,-0.399019)
(18.48750000000002,-0.342263)
(18.500000000000018,-0.348859)
(18.500000000000018,-0.412123)
(18.50833333333335,-0.252059)
(18.516666666666683,-0.341916)
(18.525000000000016,-0.301979)
(18.525000000000016,-0.261796)
(18.537500000000016,-0.278401)
(18.550000000000015,-0.261849)
(18.550000000000015,-0.338334)
(18.562500000000014,-0.294954)
(18.575000000000014,-0.361531)
(18.575000000000014,-0.331477)
(18.583333333333346,-0.414733)
(18.59166666666668,-0.391333)
(18.600000000000012,-0.34125)
(18.600000000000012,-0.351193)
(18.61250000000001,-0.351116)
(18.62500000000001,-0.277699)
(18.62500000000001,-0.211005)
(18.63750000000001,-0.074219)
(18.65000000000001,-0.284266)
(18.65000000000001,-0.087529)
(18.658333333333342,0.552348)
(18.666666666666675,0.249096)
(18.675000000000008,0.502234)
(18.675000000000008,0.325485)
(18.687500000000007,0.258754)
(18.700000000000006,0.125372)
(18.700000000000006,-0.021302)
(18.70833333333334,-0.007952)
(18.716666666666672,-0.051278)
(18.725000000000005,-0.027955)
(18.725000000000005,-0.111259)
(18.737500000000004,-0.007915)
(18.750000000000004,-0.047911)
(18.750000000000004,-0.064587)
(18.762500000000003,-0.061238)
(18.775000000000002,0.122094)
(18.775000000000002,-0.104566)
(18.7875,-0.084546)
(18.8,-0.124521)
(18.8,-0.151157)
(18.808333333333334,-0.107817)
(18.816666666666666,-0.117787)
(18.825,-0.057768)
(18.825,-0.05108)
(18.8375,-0.071064)
(18.849999999999998,0.072277)
(18.849999999999998,-0.014405)
(18.85833333333333,0.002277)
(18.866666666666664,-0.071057)
(18.874999999999996,-0.114365)
(18.874999999999996,-0.041023)
(18.887499999999996,-0.034353)
(18.899999999999995,-0.02101)
(18.899999999999995,-0.094324)
(18.912499999999994,-0.044319)
(18.924999999999994,-0.040966)
(18.924999999999994,-0.144281)
(18.937499999999993,-0.044278)
(18.949999999999992,-0.007584)
(18.949999999999992,-0.020937)
(18.97499999999999,-0.010921)
(18.97499999999999,-0.097584)
(18.97499999999999,0.039086)
(18.97499999999999,-0.007558)
(18.98749999999999,-0.137552)
(18.99999999999999,-0.054197)
(18.99999999999999,-0.044191)
(19.01249999999999,-0.064179)
(19.024999999999988,-0.127496)
(19.024999999999988,-0.147474)
(19.03333333333332,-0.05077)
(19.041666666666654,-0.107431)
(19.049999999999986,-0.087391)
(19.049999999999986,-0.057386)
(19.062499999999986,-0.094034)
(19.074999999999985,-0.094011)
(19.074999999999985,-0.210655)
(19.087499999999984,-0.12062)
(19.099999999999984,-0.143927)
(19.099999999999984,-0.143894)
(19.112499999999983,-0.137193)
(19.124999999999982,-0.120497)
(19.124999999999982,-0.067136)
(19.133333333333315,-0.110451)
(19.141666666666648,-0.103753)
(19.14999999999998,-0.120442)
(19.14999999999998,-0.13705)
(19.16249999999998,-0.120362)
(19.17499999999998,-0.153659)
(19.17499999999998,-0.120316)
(19.18749999999998,-0.103632)
(19.199999999999978,-0.070265)
(19.199999999999978,-0.100253)
(19.212499999999977,-0.180222)
(19.224999999999977,-0.110184)
(19.224999999999977,-0.103505)
(19.23333333333331,-0.090135)
(19.241666666666642,-0.086781)
(19.249999999999975,-0.15343)
(19.249999999999975,-0.156733)
(19.262499999999974,-0.090027)
(19.274999999999974,-0.156679)
(19.274999999999974,-0.013307)
(19.287499999999973,-0.086642)
(19.299999999999972,-0.003291)
(19.299999999999972,-0.053286)
(19.308333333333305,-0.106602)
(19.316666666666638,-0.039949)
(19.32499999999997,-0.009935)
(19.32499999999997,-0.083217)
(19.33749999999997,-0.14989)
(19.34999999999997,-0.129842)
(19.34999999999997,-0.14981)
(19.36249999999997,-0.14313)
(19.374999999999968,-0.216426)
(19.374999999999968,-0.119733)
(19.387499999999967,-0.219692)
(19.399999999999967,-0.182989)
(19.399999999999967,-0.096287)
(19.4083333333333,-0.136261)
(19.416666666666632,-0.146238)
(19.424999999999965,-0.126215)
(19.424999999999965,-0.169503)
(19.437499999999964,-0.189487)
(19.449999999999964,-0.136119)
(19.449999999999964,-0.076105)
(19.462499999999963,-0.062766)
(19.474999999999962,-0.136068)
(19.474999999999962,-0.009385)
(19.483333333333295,-0.159328)
(19.491666666666628,-0.19936)
(19.49999999999996,-0.225963)
(19.49999999999996,-0.225917)
(19.51249999999996,-0.169196)
(19.52499999999996,-0.135845)
(19.52499999999996,-0.115819)
(19.53749999999996,-0.092433)
(19.549999999999958,-0.082472)
(19.549999999999958,-0.189083)
(19.55833333333329,-0.182314)
(19.566666666666624,-0.195697)
(19.574999999999957,-0.159005)
(19.574999999999957,-0.185609)
(19.587499999999956,-0.155565)
(19.599999999999955,-0.192192)
(19.599999999999955,-0.232111)
(19.612499999999955,-0.23549)
(19.624999999999954,-0.162086)
(19.624999999999954,-0.11872)
(19.633333333333287,-0.172011)
(19.64166666666662,-0.141987)
(19.649999999999952,-0.238602)
(19.649999999999952,-0.248503)
(19.66249999999995,-0.098575)
(19.67499999999995,-0.228544)
(19.67499999999995,-0.14844)
(19.683333333333284,-0.225078)
(19.691666666666617,-0.188372)
(19.69999999999995,-0.121663)
(19.69999999999995,-0.118302)
(19.71249999999995,-0.084939)
(19.724999999999948,-0.144933)
(19.724999999999948,-0.154883)
(19.737499999999947,-0.138188)
(19.749999999999947,-0.234809)
(19.749999999999947,-0.171433)
(19.762499999999946,-0.184739)
(19.774999999999945,-0.128021)
(19.774999999999945,-0.151324)
(19.783333333333278,-0.224631)
(19.79166666666661,-0.094591)
(19.799999999999944,-0.271231)
(19.799999999999944,-0.197844)
(19.812499999999943,-0.141145)
(19.824999999999942,-0.1911)
(19.824999999999942,-0.14773)
(19.83749999999994,-0.261032)
(19.84999999999994,-0.244328)
(19.84999999999994,-0.210932)
(19.86249999999994,-0.124193)
(19.87499999999994,-0.230882)
(19.87499999999994,-0.187491)
(19.883333333333272,-0.224122)
(19.891666666666605,-0.220703)
(19.899999999999938,-0.184084)
(19.899999999999938,-0.173983)
(19.912499999999937,-0.213939)
(19.924999999999937,-0.197227)
(19.924999999999937,-0.143864)
(19.937499999999936,-0.117171)
(19.949999999999935,-0.073807)
(19.949999999999935,-0.17044)
(19.958333333333268,-0.130376)
(19.9666666666666,-0.123751)
(19.974999999999934,-0.130356)
(19.974999999999934,-0.130325)
(19.987499999999933,-0.086962)
(19.999999999999932,-0.130268)
(19.999999999999932,-0.013598)
(20.012499999999932,-0.116908)
(20.02499999999993,-0.083538)
