(5.0000000000000036,672.0)
(5.0000000000000036,672.0)
(5.006250000000003,671.0)
(5.012500000000004,672.0)
(5.018750000000004,672.0)
(5.025000000000004,673.0)
(5.025000000000004,672.0)
(5.037500000000004,671.0)
(5.050000000000004,671.0)
(5.050000000000004,672.0)
(5.058333333333338,672.0)
(5.066666666666671,672.0)
(5.075000000000005,671.0)
(5.075000000000005,672.0)
(5.087500000000005,672.0)
(5.100000000000005,672.0)
(5.100000000000005,671.0)
(5.108333333333339,672.0)
(5.116666666666672,671.0)
(5.125000000000005,672.0)
(5.125000000000005,672.0)
(5.1375000000000055,672.0)
(5.150000000000006,672.0)
(5.150000000000006,672.0)
(5.162500000000006,672.0)
(5.175000000000006,672.0)
(5.175000000000006,672.0)
(5.18333333333334,672.0)
(5.191666666666673,671.0)
(5.200000000000006,672.0)
(5.200000000000006,672.0)
(5.212500000000007,672.0)
(5.225000000000007,673.0)
(5.225000000000007,672.0)
(5.237500000000007,672.0)
(5.250000000000007,671.0)
(5.250000000000007,671.0)
(5.258333333333341,671.0)
(5.266666666666674,671.0)
(5.2750000000000075,672.0)
(5.2750000000000075,672.0)
(5.287500000000008,672.0)
(5.300000000000008,671.0)
(5.300000000000008,672.0)
(5.312500000000008,671.0)
(5.325000000000008,672.0)
(5.325000000000008,672.0)
(5.333333333333342,672.0)
(5.341666666666675,672.0)
(5.3500000000000085,672.0)
(5.3500000000000085,672.0)
(5.362500000000009,672.0)
(5.375000000000009,672.0)
(5.375000000000009,671.0)
(5.387500000000009,673.0)
(5.400000000000009,672.0)
(5.400000000000009,672.0)
(5.412500000000009,672.0)
(5.42500000000001,672.0)
(5.42500000000001,672.0)
(5.433333333333343,672.0)
(5.441666666666676,673.0)
(5.45000000000001,672.0)
(5.45000000000001,671.0)
(5.46250000000001,673.0)
(5.47500000000001,671.0)
(5.47500000000001,672.0)
(5.500000000000011,672.0)
(5.500000000000011,673.0)
(5.500000000000011,671.0)
(5.508333333333344,672.0)
(5.516666666666677,672.0)
(5.525000000000011,671.0)
(5.525000000000011,672.0)
(5.533333333333345,672.0)
(5.541666666666678,671.0)
(5.550000000000011,671.0)
(5.550000000000011,671.0)
(5.5625000000000115,671.0)
(5.575000000000012,672.0)
(5.575000000000012,672.0)
(5.587500000000012,672.0)
(5.600000000000012,672.0)
(5.600000000000012,671.0)
(5.612500000000012,673.0)
(5.625000000000012,672.0)
(5.625000000000012,672.0)
(5.633333333333346,671.0)
(5.641666666666679,671.0)
(5.650000000000013,672.0)
(5.650000000000013,673.0)
(5.6583333333333465,672.0)
(5.666666666666679,673.0)
(5.675000000000013,672.0)
(5.675000000000013,672.0)
(5.687500000000013,672.0)
(5.7000000000000135,672.0)
(5.7000000000000135,674.0)
(5.708333333333347,672.0)
(5.71666666666668,673.0)
(5.725000000000014,673.0)
(5.725000000000014,673.0)
(5.737500000000014,673.0)
(5.750000000000014,673.0)
(5.750000000000014,674.0)
(5.762500000000014,675.0)
(5.775000000000015,673.0)
(5.775000000000015,674.0)
(5.783333333333348,673.0)
(5.791666666666681,673.0)
(5.800000000000015,675.0)
(5.800000000000015,674.0)
(5.812500000000015,674.0)
(5.825000000000015,675.0)
(5.825000000000015,675.0)
(5.8375000000000155,675.0)
(5.850000000000016,674.0)
(5.850000000000016,674.0)
(5.862500000000016,675.0)
(5.875000000000016,674.0)
(5.875000000000016,675.0)
(5.875000000000016,673.0)
(5.887500000000016,674.0)
(5.900000000000016,673.0)
(5.900000000000016,675.0)
(5.90833333333335,675.0)
(5.916666666666683,673.0)
(5.925000000000017,674.0)
(5.925000000000017,674.0)
(5.937500000000017,674.0)
(5.950000000000017,674.0)
(5.950000000000017,674.0)
(5.962500000000017,674.0)
(5.975000000000017,675.0)
(5.975000000000017,673.0)
(5.987500000000018,674.0)
(6.000000000000018,673.0)
(6.000000000000018,673.0)
(6.0083333333333515,674.0)
(6.016666666666684,674.0)
(6.025000000000018,673.0)
(6.025000000000018,674.0)
(6.037500000000018,674.0)
(6.0500000000000185,674.0)
(6.0500000000000185,674.0)
(6.062500000000019,675.0)
(6.075000000000019,675.0)
(6.075000000000019,676.0)
(6.083333333333353,674.0)
(6.091666666666685,675.0)
(6.100000000000019,675.0)
(6.100000000000019,676.0)
(6.112500000000019,676.0)
(6.1250000000000195,676.0)
(6.1250000000000195,678.0)
(6.13750000000002,676.0)
(6.15000000000002,678.0)
(6.15000000000002,676.0)
(6.158333333333354,676.0)
(6.1666666666666865,677.0)
(6.17500000000002,677.0)
(6.17500000000002,677.0)
(6.18750000000002,677.0)
(6.200000000000021,677.0)
(6.200000000000021,676.0)
(6.212500000000021,678.0)
(6.225000000000021,676.0)
(6.225000000000021,678.0)
(6.233333333333355,677.0)
(6.241666666666688,678.0)
(6.250000000000021,676.0)
(6.250000000000021,677.0)
(6.275000000000022,677.0)
(6.275000000000022,676.0)
(6.275000000000022,678.0)
(6.287500000000022,677.0)
(6.300000000000022,677.0)
(6.300000000000022,678.0)
(6.312500000000022,677.0)
(6.325000000000022,678.0)
(6.325000000000022,677.0)
(6.333333333333356,676.0)
(6.341666666666689,677.0)
(6.350000000000023,677.0)
(6.350000000000023,678.0)
(6.362500000000023,678.0)
(6.375000000000023,677.0)
(6.375000000000023,678.0)
(6.387500000000023,677.0)
(6.4000000000000234,677.0)
(6.4000000000000234,678.0)
(6.408333333333357,678.0)
(6.41666666666669,677.0)
(6.425000000000024,679.0)
(6.425000000000024,678.0)
(6.437500000000024,680.0)
(6.450000000000024,678.0)
(6.450000000000024,680.0)
(6.462500000000024,680.0)
(6.4750000000000245,679.0)
(6.4750000000000245,678.0)
(6.487500000000025,680.0)
(6.500000000000025,680.0)
(6.500000000000025,679.0)
(6.508333333333359,680.0)
(6.5166666666666915,679.0)
(6.525000000000025,680.0)
(6.525000000000025,680.0)
(6.537500000000025,680.0)
(6.550000000000026,680.0)
(6.550000000000026,680.0)
(6.562500000000026,679.0)
(6.575000000000026,680.0)
(6.575000000000026,679.0)
(6.587500000000026,680.0)
(6.600000000000026,679.0)
(6.600000000000026,680.0)
(6.6125000000000265,680.0)
(6.625000000000027,680.0)
(6.625000000000027,680.0)
(6.63333333333336,679.0)
(6.641666666666693,679.0)
(6.650000000000027,679.0)
(6.650000000000027,679.0)
(6.650000000000027,679.0)
(6.675000000000027,680.0)
(6.675000000000027,680.0)
(6.6875000000000275,680.0)
(6.700000000000028,679.0)
(6.700000000000028,679.0)
(6.7083333333333615,680.0)
(6.716666666666694,680.0)
(6.725000000000028,680.0)
(6.725000000000028,680.0)
(6.737500000000028,679.0)
(6.750000000000028,680.0)
(6.750000000000028,679.0)
(6.762500000000029,680.0)
(6.775000000000029,679.0)
(6.775000000000029,679.0)
(6.7833333333333625,680.0)
(6.791666666666695,679.0)
(6.800000000000029,679.0)
(6.800000000000029,680.0)
(6.812500000000029,680.0)
(6.8250000000000295,680.0)
(6.8250000000000295,680.0)
(6.83750000000003,680.0)
(6.85000000000003,680.0)
(6.85000000000003,680.0)
(6.86250000000003,680.0)
(6.87500000000003,680.0)
(6.87500000000003,680.0)
(6.883333333333364,680.0)
(6.891666666666697,680.0)
(6.9000000000000306,680.0)
(6.9000000000000306,680.0)
(6.912500000000031,680.0)
(6.925000000000031,680.0)
(6.925000000000031,680.0)
(6.937500000000031,680.0)
(6.950000000000031,680.0)
(6.950000000000031,680.0)
(6.962500000000031,680.0)
(6.975000000000032,680.0)
(6.975000000000032,680.0)
(6.983333333333365,680.0)
(6.991666666666698,680.0)
(7.000000000000032,680.0)
(7.000000000000032,680.0)
(7.012500000000032,680.0)
(7.025000000000032,680.0)
(7.025000000000032,680.0)
(7.0375000000000325,680.0)
(7.050000000000033,680.0)
(7.050000000000033,680.0)
(7.062500000000033,680.0)
(7.075000000000033,680.0)
(7.075000000000033,680.0)
(7.083333333333367,680.0)
(7.0916666666667,680.0)
(7.100000000000033,680.0)
(7.100000000000033,680.0)
(7.112500000000034,680.0)
(7.125000000000034,680.0)
(7.125000000000034,680.0)
(7.137500000000034,680.0)
(7.150000000000034,680.0)
(7.150000000000034,680.0)
(7.158333333333368,680.0)
(7.166666666666701,680.0)
(7.1750000000000345,680.0)
(7.1750000000000345,680.0)
(7.187500000000035,680.0)
(7.200000000000035,680.0)
(7.200000000000035,680.0)
(7.212500000000035,680.0)
(7.225000000000035,680.0)
(7.225000000000035,680.0)
(7.233333333333369,680.0)
(7.241666666666702,680.0)
(7.2500000000000355,680.0)
(7.2500000000000355,680.0)
(7.262500000000036,680.0)
(7.275000000000036,680.0)
(7.275000000000036,680.0)
(7.287500000000036,680.0)
(7.300000000000036,680.0)
(7.300000000000036,680.0)
(7.312500000000036,680.0)
(7.325000000000037,680.0)
(7.325000000000037,680.0)
(7.33333333333337,680.0)
(7.341666666666703,680.0)
(7.350000000000037,680.0)
(7.350000000000037,680.0)
(7.362500000000037,680.0)
(7.375000000000037,680.0)
(7.375000000000037,680.0)
(7.3875000000000375,680.0)
(7.400000000000038,680.0)
(7.400000000000038,680.0)
(7.412500000000038,680.0)
(7.425000000000038,680.0)
(7.425000000000038,680.0)
(7.433333333333372,679.0)
(7.441666666666705,680.0)
(7.450000000000038,680.0)
(7.450000000000038,680.0)
(7.4625000000000385,680.0)
(7.475000000000039,680.0)
(7.475000000000039,680.0)
(7.487500000000039,680.0)
(7.500000000000039,680.0)
(7.500000000000039,680.0)
(7.508333333333373,680.0)
(7.516666666666706,680.0)
(7.525000000000039,680.0)
(7.525000000000039,680.0)
(7.53750000000004,680.0)
(7.55000000000004,680.0)
(7.55000000000004,680.0)
(7.56250000000004,680.0)
(7.57500000000004,680.0)
(7.57500000000004,680.0)
(7.58750000000004,680.0)
(7.6000000000000405,680.0)
(7.6000000000000405,680.0)
(7.608333333333374,680.0)
(7.616666666666707,680.0)
(7.625000000000041,680.0)
(7.625000000000041,680.0)
(7.637500000000041,680.0)
(7.650000000000041,680.0)
(7.650000000000041,680.0)
(7.662500000000041,680.0)
(7.675000000000042,680.0)
(7.675000000000042,680.0)
(7.700000000000042,680.0)
(7.700000000000042,679.0)
(7.700000000000042,680.0)
(7.700000000000042,680.0)
(7.712500000000042,680.0)
(7.725000000000042,680.0)
(7.725000000000042,680.0)
(7.733333333333376,680.0)
(7.741666666666709,680.0)
(7.750000000000043,680.0)
(7.750000000000043,680.0)
(7.762500000000043,680.0)
(7.775000000000043,680.0)
(7.775000000000043,680.0)
(7.787500000000043,680.0)
(7.800000000000043,679.0)
(7.800000000000043,681.0)
(7.808333333333377,679.0)
(7.81666666666671,680.0)
(7.825000000000044,679.0)
(7.825000000000044,680.0)
(7.837500000000044,680.0)
(7.850000000000044,680.0)
(7.850000000000044,679.0)
(7.862500000000044,680.0)
(7.875000000000044,680.0)
(7.875000000000044,680.0)
(7.883333333333378,680.0)
(7.891666666666711,679.0)
(7.900000000000045,679.0)
(7.900000000000045,679.0)
(7.912500000000045,680.0)
(7.925000000000045,679.0)
(7.925000000000045,679.0)
(7.937500000000045,679.0)
(7.9500000000000455,678.0)
(7.9500000000000455,678.0)
(7.958333333333379,677.0)
(7.966666666666712,676.0)
(7.975000000000046,677.0)
(7.975000000000046,677.0)
(7.987500000000046,676.0)
(8.000000000000046,676.0)
(8.000000000000046,676.0)
(8.012500000000045,678.0)
(8.025000000000047,676.0)
(8.025000000000047,676.0)
(8.037500000000048,676.0)
(8.050000000000047,676.0)
(8.050000000000047,676.0)
(8.05833333333338,676.0)
(8.066666666666714,677.0)
(8.075000000000047,677.0)
(8.075000000000047,676.0)
(8.075000000000047,676.0)
(8.100000000000048,677.0)
(8.100000000000048,676.0)
(8.112500000000047,677.0)
(8.125000000000048,675.0)
(8.125000000000048,677.0)
(8.137500000000049,677.0)
(8.150000000000048,676.0)
(8.150000000000048,676.0)
(8.158333333333381,676.0)
(8.166666666666716,676.0)
(8.175000000000049,676.0)
(8.175000000000049,675.0)
(8.18750000000005,676.0)
(8.200000000000049,676.0)
(8.200000000000049,676.0)
(8.212500000000048,675.0)
(8.22500000000005,675.0)
(8.22500000000005,675.0)
(8.233333333333382,675.0)
(8.241666666666717,674.0)
(8.25000000000005,674.0)
(8.25000000000005,674.0)
(8.262500000000049,674.0)
(8.27500000000005,674.0)
(8.27500000000005,673.0)
(8.287500000000051,673.0)
(8.30000000000005,673.0)
(8.30000000000005,672.0)
(8.31250000000005,672.0)
(8.32500000000005,673.0)
(8.32500000000005,673.0)
(8.333333333333384,673.0)
(8.341666666666718,672.0)
(8.350000000000051,673.0)
(8.350000000000051,672.0)
(8.36250000000005,672.0)
(8.375000000000052,673.0)
(8.375000000000052,672.0)
(8.387500000000053,672.0)
(8.400000000000052,671.0)
(8.400000000000052,672.0)
(8.408333333333385,673.0)
(8.41666666666672,673.0)
(8.425000000000052,673.0)
(8.425000000000052,672.0)
(8.437500000000053,672.0)
(8.450000000000053,672.0)
(8.450000000000053,672.0)
(8.462500000000052,674.0)
(8.475000000000053,672.0)
(8.475000000000053,672.0)
(8.487500000000054,672.0)
(8.500000000000053,672.0)
(8.500000000000053,672.0)
(8.508333333333386,672.0)
(8.51666666666672,672.0)
(8.525000000000054,672.0)
(8.525000000000054,673.0)
(8.537500000000055,672.0)
(8.550000000000054,672.0)
(8.550000000000054,672.0)
(8.562500000000053,673.0)
(8.575000000000054,672.0)
(8.575000000000054,672.0)
(8.583333333333387,672.0)
(8.591666666666722,672.0)
(8.600000000000055,672.0)
(8.600000000000055,673.0)
(8.612500000000054,672.0)
(8.625000000000055,671.0)
(8.625000000000055,672.0)
(8.637500000000056,672.0)
(8.650000000000055,672.0)
(8.650000000000055,672.0)
(8.658333333333388,672.0)
(8.666666666666723,672.0)
(8.675000000000056,672.0)
(8.675000000000056,672.0)
(8.687500000000057,672.0)
(8.700000000000056,672.0)
(8.700000000000056,671.0)
(8.712500000000055,672.0)
(8.725000000000056,672.0)
(8.725000000000056,672.0)
(8.737500000000058,673.0)
(8.750000000000057,673.0)
(8.750000000000057,671.0)
(8.75833333333339,672.0)
(8.766666666666724,672.0)
(8.775000000000057,673.0)
(8.775000000000057,673.0)
(8.787500000000058,672.0)
(8.800000000000058,672.0)
(8.800000000000058,672.0)
(8.812500000000057,672.0)
(8.825000000000058,672.0)
(8.825000000000058,671.0)
(8.83333333333339,671.0)
(8.841666666666725,672.0)
(8.850000000000058,672.0)
(8.850000000000058,671.0)
(8.862500000000058,672.0)
(8.875000000000059,672.0)
(8.875000000000059,672.0)
(8.900000000000059,672.0)
(8.900000000000059,672.0)
(8.900000000000059,672.0)
(8.908333333333392,672.0)
(8.916666666666726,672.0)
(8.92500000000006,671.0)
(8.92500000000006,671.0)
(8.93750000000006,672.0)
(8.95000000000006,672.0)
(8.95000000000006,672.0)
(8.962500000000059,672.0)
(8.97500000000006,672.0)
(8.97500000000006,672.0)
(8.983333333333393,672.0)
(8.991666666666728,672.0)
(9.00000000000006,672.0)
(9.00000000000006,672.0)
(9.01250000000006,672.0)
(9.02500000000006,672.0)
(9.02500000000006,673.0)
(9.037500000000062,672.0)
(9.050000000000061,673.0)
(9.050000000000061,673.0)
(9.058333333333394,672.0)
(9.066666666666729,672.0)
(9.075000000000061,671.0)
(9.075000000000061,672.0)
(9.087500000000063,672.0)
(9.100000000000062,671.0)
(9.100000000000062,673.0)
(9.112500000000061,672.0)
(9.125000000000062,671.0)
(9.125000000000062,672.0)
(9.137500000000063,672.0)
(9.150000000000063,672.0)
(9.150000000000063,672.0)
(9.158333333333395,672.0)
(9.16666666666673,673.0)
(9.175000000000063,672.0)
(9.175000000000063,672.0)
(9.187500000000064,671.0)
(9.200000000000063,672.0)
(9.200000000000063,672.0)
(9.208333333333396,672.0)
(9.21666666666673,672.0)
(9.225000000000064,672.0)
(9.225000000000064,672.0)
(9.237500000000065,672.0)
(9.250000000000064,671.0)
(9.250000000000064,671.0)
(9.262500000000063,672.0)
(9.275000000000064,671.0)
(9.275000000000064,672.0)
(9.283333333333397,672.0)
(9.291666666666732,672.0)
(9.300000000000065,673.0)
(9.300000000000065,672.0)
(9.312500000000064,671.0)
(9.325000000000065,672.0)
(9.325000000000065,672.0)
(9.337500000000066,672.0)
(9.350000000000065,672.0)
(9.350000000000065,672.0)
(9.362500000000065,671.0)
(9.375000000000066,671.0)
(9.375000000000066,672.0)
(9.383333333333399,672.0)
(9.391666666666733,672.0)
(9.400000000000066,672.0)
(9.400000000000066,672.0)
(9.412500000000065,671.0)
(9.425000000000066,671.0)
(9.425000000000066,672.0)
(9.437500000000068,672.0)
(9.450000000000067,672.0)
(9.450000000000067,671.0)
(9.4583333333334,672.0)
(9.466666666666734,673.0)
(9.475000000000067,672.0)
(9.475000000000067,673.0)
(9.487500000000068,671.0)
(9.500000000000068,672.0)
(9.500000000000068,672.0)
(9.512500000000067,672.0)
(9.525000000000068,673.0)
(9.525000000000068,672.0)
(9.5333333333334,672.0)
(9.541666666666735,672.0)
(9.550000000000068,672.0)
(9.550000000000068,672.0)
(9.562500000000068,672.0)
(9.575000000000069,672.0)
(9.575000000000069,672.0)
(9.58750000000007,672.0)
(9.600000000000069,671.0)
(9.600000000000069,672.0)
(9.608333333333402,673.0)
(9.616666666666736,671.0)
(9.62500000000007,672.0)
(9.62500000000007,672.0)
(9.63750000000007,672.0)
(9.65000000000007,673.0)
(9.65000000000007,672.0)
(9.662500000000069,672.0)
(9.67500000000007,672.0)
(9.67500000000007,671.0)
(9.683333333333403,672.0)
(9.691666666666737,672.0)
(9.70000000000007,671.0)
(9.70000000000007,672.0)
(9.71250000000007,672.0)
(9.72500000000007,671.0)
(9.72500000000007,672.0)
(9.737500000000072,671.0)
(9.750000000000071,673.0)
(9.750000000000071,671.0)
(9.758333333333404,672.0)
(9.766666666666739,672.0)
(9.775000000000071,672.0)
(9.775000000000071,672.0)
(9.787500000000072,672.0)
(9.800000000000072,672.0)
(9.800000000000072,672.0)
(9.812500000000071,671.0)
(9.825000000000072,673.0)
(9.825000000000072,673.0)
(9.833333333333405,673.0)
(9.84166666666674,673.0)
(9.850000000000072,672.0)
(9.850000000000072,672.0)
(9.862500000000072,672.0)
(9.875000000000073,671.0)
(9.875000000000073,672.0)
(9.883333333333406,672.0)
(9.89166666666674,671.0)
(9.900000000000073,672.0)
(9.900000000000073,671.0)
(9.912500000000072,672.0)
(9.925000000000074,672.0)
(9.925000000000074,672.0)
(9.933333333333406,672.0)
(9.941666666666741,672.0)
(9.950000000000074,672.0)
(9.950000000000074,672.0)
(9.962500000000073,672.0)
(9.975000000000074,672.0)
(9.975000000000074,672.0)
(9.987500000000075,671.0)
(10.000000000000075,672.0)
