(5.0000000000000036,-0.168634)
(5.0000000000000036,-0.168596)
(5.008333333333337,-0.095222)
(5.01666666666667,-0.151854)
(5.025000000000004,-0.178492)
(5.025000000000004,-0.171782)
(5.037500000000004,-0.02509)
(5.050000000000004,-0.145081)
(5.050000000000004,-0.181704)
(5.062500000000004,-0.181675)
(5.075000000000005,-0.161634)
(5.075000000000005,-0.274912)
(5.087500000000005,-0.148219)
(5.100000000000005,-0.141514)
(5.100000000000005,-0.181481)
(5.106250000000005,-0.098113)
(5.112500000000005,-0.224758)
(5.118750000000006,-0.128041)
(5.125000000000005,-0.228024)
(5.125000000000005,-0.181306)
(5.1375000000000055,-0.061281)
(5.150000000000006,-0.094581)
(5.150000000000006,-0.131211)
(5.158333333333339,-0.184521)
(5.166666666666672,-0.207818)
(5.175000000000006,-0.08111)
(5.175000000000006,-0.164411)
(5.187500000000006,-0.047711)
(5.200000000000006,-0.107689)
(5.200000000000006,-0.114344)
(5.20833333333334,-0.084336)
(5.216666666666673,-0.05431)
(5.225000000000007,-0.117627)
(5.225000000000007,-0.084281)
(5.237500000000007,0.002426)
(5.250000000000007,-0.13091)
(5.250000000000007,-0.07756)
(5.262500000000007,-0.130859)
(5.2750000000000075,-0.090839)
(5.2750000000000075,-0.097491)
(5.283333333333341,-0.127453)
(5.291666666666674,-0.100747)
(5.300000000000008,-0.144107)
(5.300000000000008,-0.134054)
(5.312500000000008,-0.20403)
(5.325000000000008,-0.167331)
(5.325000000000008,-0.137293)
(5.337500000000008,-0.003936)
(5.3500000000000085,-0.077272)
(5.3500000000000085,-0.210566)
(5.358333333333342,-0.110536)
(5.366666666666675,-0.140511)
(5.375000000000009,-0.213804)
(5.375000000000009,-0.243769)
(5.387500000000009,-0.207062)
(5.400000000000009,-0.017026)
(5.400000000000009,-0.183669)
(5.412500000000009,-0.216955)
(5.42500000000001,-0.190241)
(5.42500000000001,-0.076892)
(5.433333333333343,-0.113529)
(5.441666666666676,-0.23349)
(5.45000000000001,-0.160129)
(5.45000000000001,-0.210046)
(5.46250000000001,-0.143355)
(5.47500000000001,-0.156757)
(5.47500000000001,-0.196642)
(5.4875000000000105,-0.223272)
(5.500000000000011,-0.159897)
(5.500000000000011,-0.199854)
(5.512500000000011,-0.186444)
(5.525000000000011,-0.179813)
(5.525000000000011,-0.283067)
(5.533333333333345,-0.186358)
(5.541666666666678,-0.31298)
(5.550000000000011,-0.212909)
(5.550000000000011,-0.192869)
(5.5625000000000115,-0.156181)
(5.575000000000012,-0.119492)
(5.575000000000012,-0.169404)
(5.587500000000012,-0.176112)
(5.600000000000012,-0.279369)
(5.600000000000012,-0.186005)
(5.608333333333346,0.030688)
(5.616666666666679,-0.092634)
(5.625000000000012,-0.00929)
(5.625000000000012,-0.149251)
(5.633333333333346,-0.132608)
(5.641666666666679,-0.062567)
(5.650000000000013,-0.042567)
(5.650000000000013,-0.099219)
(5.662500000000013,-0.005863)
(5.675000000000013,-0.142521)
(5.675000000000013,0.000829)
(5.687500000000013,-0.185821)
(5.7000000000000135,-0.125775)
(5.7000000000000135,-0.15909)
(5.712500000000014,-0.199057)
(5.725000000000014,-0.082366)
(5.725000000000014,-0.158998)
(5.733333333333348,-0.10231)
(5.7416666666666805,-0.145615)
(5.750000000000014,-0.162246)
(5.750000000000014,-0.055542)
(5.758333333333348,-0.182177)
(5.766666666666681,-0.222075)
(5.775000000000015,-0.252117)
(5.775000000000015,-0.288694)
(5.787500000000015,-0.208624)
(5.800000000000015,-0.331916)
(5.800000000000015,-0.391841)
(5.808333333333349,-0.351772)
(5.8166666666666815,-0.381683)
(5.825000000000015,-0.508254)
(5.825000000000015,-0.514821)
(5.8375000000000155,-0.587911)
(5.850000000000016,-0.591374)
(5.850000000000016,-0.734437)
(5.862500000000016,-0.810947)
(5.875000000000016,-0.924091)
(5.875000000000016,-0.850592)
(5.88333333333335,-0.847066)
(5.891666666666683,-0.913552)
(5.900000000000016,-0.900021)
(5.900000000000016,-0.909843)
(5.9125000000000165,-0.919645)
(5.925000000000017,-0.706136)
(5.925000000000017,-1.002618)
(5.937500000000017,-0.865769)
(5.950000000000017,-0.905583)
(5.950000000000017,-0.902067)
(5.958333333333351,-0.831874)
(5.966666666666684,-1.045017)
(5.975000000000017,-0.918159)
(5.975000000000017,-0.931143)
(5.987500000000018,-0.851308)
(6.000000000000018,-0.867625)
(6.000000000000018,-0.837432)
(6.0083333333333515,-0.790592)
(6.016666666666684,-0.823767)
(6.025000000000018,-0.860253)
(6.025000000000018,-0.763418)
(6.037500000000018,-0.756579)
(6.0500000000000185,-0.846412)
(6.0500000000000185,-0.702897)
(6.062500000000019,-0.909411)
(6.075000000000019,-0.785892)
(6.075000000000019,-0.86905)
(6.087500000000019,-0.718741)
(6.100000000000019,-0.742235)
(6.100000000000019,-0.8919)
(6.108333333333353,-0.811728)
(6.116666666666686,-0.801571)
(6.1250000000000195,-0.801402)
(6.1250000000000195,-0.807879)
(6.13750000000002,-0.857703)
(6.15000000000002,-0.904185)
(6.15000000000002,-0.987318)
(6.16250000000002,-1.087096)
(6.17500000000002,-1.080193)
(6.17500000000002,-1.089976)
(6.183333333333354,-1.139737)
(6.191666666666687,-1.206148)
(6.200000000000021,-1.389215)
(6.200000000000021,-1.358945)
(6.212500000000021,-1.698275)
(6.225000000000021,-1.641955)
(6.225000000000021,-1.644603)
(6.237500000000021,-1.950889)
(6.250000000000021,-1.827168)
(6.250000000000021,-1.890106)
(6.258333333333355,-1.756406)
(6.266666666666688,-2.06897)
(6.275000000000022,-1.769352)
(6.275000000000022,-1.991851)
(6.287500000000022,-1.834782)
(6.300000000000022,-1.914393)
(6.300000000000022,-1.744004)
(6.312500000000022,-2.000284)
(6.325000000000022,-2.039869)
(6.325000000000022,-1.769451)
(6.333333333333356,-1.955708)
(6.341666666666689,-2.065293)
(6.350000000000023,-1.924857)
(6.350000000000023,-1.904446)
(6.362500000000023,-1.870714)
(6.375000000000023,-2.163629)
(6.375000000000023,-1.806543)
(6.387500000000023,-2.175715)
(6.4000000000000234,-1.869482)
(6.4000000000000234,-1.954892)
(6.412500000000024,-1.858624)
(6.425000000000024,-2.091126)
(6.425000000000024,-2.136937)
(6.4333333333333576,-1.980691)
(6.44166666666669,-1.856524)
(6.450000000000024,-2.049435)
(6.450000000000024,-2.105664)
(6.462500000000024,-1.905256)
(6.4750000000000245,-1.954849)
(6.4750000000000245,-1.85778)
(6.487500000000025,-1.790725)
(6.500000000000025,-1.996991)
(6.500000000000025,-1.863267)
(6.508333333333359,-2.232437)
(6.5166666666666915,-1.939526)
(6.525000000000025,-2.012)
(6.525000000000025,-2.361534)
(6.537500000000025,-2.357721)
(6.550000000000026,-2.447212)
(6.550000000000026,-2.54336)
(6.562500000000026,-2.556149)
(6.575000000000026,-2.655623)
(6.575000000000026,-2.661719)
(6.587500000000026,-2.664495)
(6.600000000000026,-2.667271)
(6.600000000000026,-2.70003)
(6.60833333333336,-2.712811)
(6.616666666666693,-2.682239)
(6.625000000000027,-2.71502)
(6.625000000000027,-2.71445)
(6.625000000000027,-2.729975)
(6.650000000000027,-2.730544)
(6.650000000000027,-2.699399)
(6.662500000000027,-2.718829)
(6.675000000000027,-2.711608)
(6.675000000000027,-2.717124)
(6.6875000000000275,-2.703232)
(6.700000000000028,-2.714357)
(6.700000000000028,-2.718757)
(6.712500000000028,-2.741523)
(6.725000000000028,-2.692653)
(6.725000000000028,-2.707628)
(6.733333333333362,-2.709809)
(6.741666666666695,-2.690378)
(6.750000000000028,-2.722587)
(6.750000000000028,-2.698684)
(6.762500000000029,-2.708106)
(6.775000000000029,-2.707535)
(6.775000000000029,-2.72365)
(6.787500000000029,-2.713071)
(6.800000000000029,-2.735832)
(6.800000000000029,-2.695261)
(6.808333333333363,-2.718026)
(6.816666666666696,-2.750781)
(6.8250000000000295,-2.710209)
(6.8250000000000295,-2.692978)
(6.83750000000003,-2.712409)
(6.85000000000003,-2.691843)
(6.85000000000003,-2.674615)
(6.86250000000003,-2.727371)
(6.87500000000003,-2.700133)
(6.87500000000003,-2.705672)
(6.883333333333364,-2.702902)
(6.891666666666697,-2.691781)
(6.9000000000000306,-2.724543)
(6.9000000000000306,-2.697307)
(6.912500000000031,-2.722852)
(6.925000000000031,-2.693428)
(6.925000000000031,-2.765612)
(6.937500000000031,-2.761694)
(6.950000000000031,-2.797772)
(6.950000000000031,-2.783861)
(6.962500000000031,-2.813284)
(6.975000000000032,-2.799351)
(6.975000000000032,-2.818763)
(6.983333333333365,-2.814839)
(6.991666666666698,-2.813661)
(7.000000000000032,-2.814251)
(7.000000000000032,-2.816406)
(7.012500000000032,-2.822488)
(7.025000000000032,-2.821899)
(7.025000000000032,-2.817972)
(7.0375000000000325,-2.817384)
(7.050000000000033,-2.810121)
(7.050000000000033,-2.799542)
(7.062500000000033,-2.821701)
(7.075000000000033,-2.81228)
(7.075000000000033,-2.811101)
(7.083333333333367,-2.807175)
(7.0916666666667,-2.812671)
(7.100000000000033,-2.80327)
(7.100000000000033,-2.828744)
(7.112500000000034,-2.818164)
(7.125000000000034,-2.817575)
(7.125000000000034,-2.806977)
(7.137500000000034,-2.809725)
(7.150000000000034,-2.815809)
(7.150000000000034,-2.811884)
(7.162500000000034,-2.811296)
(7.1750000000000345,-2.797381)
(7.1750000000000345,-2.796793)
(7.183333333333368,-2.786197)
(7.191666666666701,-2.802272)
(7.200000000000035,-2.815031)
(7.200000000000035,-2.81444)
(7.212500000000035,-2.800506)
(7.225000000000035,-2.796582)
(7.225000000000035,-2.806006)
(7.225000000000035,-2.801494)
(7.2500000000000355,-2.805418)
(7.2500000000000355,-2.80758)
(7.258333333333369,-2.803654)
(7.266666666666702,-2.803067)
(7.275000000000036,-2.809152)
(7.275000000000036,-2.815218)
(7.287500000000036,-2.801304)
(7.300000000000036,-2.800716)
(7.300000000000036,-2.793455)
(7.312500000000036,-2.799541)
(7.325000000000037,-2.80229)
(7.325000000000037,-2.785042)
(7.33333333333337,-2.797782)
(7.341666666666703,-2.81052)
(7.350000000000037,-2.799945)
(7.350000000000037,-2.789351)
(7.362500000000037,-2.792102)
(7.375000000000037,-2.788181)
(7.375000000000037,-2.803695)
(7.3875000000000375,-2.79427)
(7.400000000000038,-2.789763)
(7.400000000000038,-2.782506)
(7.412500000000038,-2.784672)
(7.425000000000038,-2.788594)
(7.425000000000038,-2.78959)
(7.433333333333372,-2.787423)
(7.441666666666705,-2.793512)
(7.450000000000038,-2.775681)
(7.450000000000038,-2.775098)
(7.4625000000000385,-2.791177)
(7.475000000000039,-2.790593)
(7.475000000000039,-2.776662)
(7.487500000000039,-2.768842)
(7.500000000000039,-2.786087)
(7.500000000000039,-2.781585)
(7.512500000000039,-2.770428)
(7.525000000000039,-2.777664)
(7.525000000000039,-2.786508)
(7.533333333333373,-2.799251)
(7.541666666666706,-2.781422)
(7.55000000000004,-2.782004)
(7.55000000000004,-2.774168)
(7.56250000000004,-2.780257)
(7.57500000000004,-2.786348)
(7.57500000000004,-2.775756)
(7.58750000000004,-2.765185)
(7.6000000000000405,-2.771257)
(7.6000000000000405,-2.780684)
(7.608333333333374,-2.776765)
(7.616666666666707,-2.772848)
(7.625000000000041,-2.765595)
(7.625000000000041,-2.758364)
(7.637500000000041,-2.764438)
(7.650000000000041,-2.767194)
(7.650000000000041,-2.773288)
(7.662500000000041,-2.769371)
(7.675000000000042,-2.75213)
(7.675000000000042,-2.758224)
(7.687500000000042,-2.75431)
(7.700000000000042,-2.753733)
(7.700000000000042,-2.746482)
(7.700000000000042,-2.745903)
(7.712500000000042,-2.765326)
(7.725000000000042,-2.751423)
(7.725000000000042,-2.734182)
(7.7375000000000425,-2.760258)
(7.750000000000043,-2.72636)
(7.750000000000043,-2.729125)
(7.762500000000043,-2.685222)
(7.775000000000043,-2.71464)
(7.775000000000043,-2.717408)
(7.783333333333377,-2.710188)
(7.79166666666671,-2.742941)
(7.800000000000043,-2.672367)
(7.800000000000043,-2.721244)
(7.8125000000000435,-2.708486)
(7.825000000000044,-2.730665)
(7.825000000000044,-2.733431)
(7.8333333333333774,-2.709527)
(7.84166666666671,-2.712296)
(7.850000000000044,-2.711728)
(7.850000000000044,-2.67727)
(7.862500000000044,-2.687826)
(7.875000000000044,-2.703376)
(7.875000000000044,-2.686128)
(7.887500000000045,-2.702245)
(7.900000000000045,-2.698341)
(7.900000000000045,-2.691103)
(7.9083333333333785,-2.657214)
(7.916666666666711,-2.706635)
(7.925000000000045,-2.679418)
(7.925000000000045,-2.652187)
(7.937500000000045,-2.628296)
(7.9500000000000455,-2.594422)
(7.9500000000000455,-2.610537)
(7.962500000000046,-2.599977)
(7.975000000000046,-2.59278)
(7.975000000000046,-2.598888)
(7.98333333333338,-2.557808)
(7.991666666666712,-2.588356)
(8.000000000000046,-2.557268)
(8.000000000000046,-2.570054)
(8.012500000000045,-2.546201)
(8.025000000000047,-2.488992)
(8.025000000000047,-2.501822)
(8.037500000000048,-2.244645)
(8.050000000000047,-2.297492)
(8.050000000000047,-2.050385)
(8.05833333333338,-1.879969)
(8.066666666666714,-1.699615)
(8.075000000000047,-1.415969)
(8.075000000000047,-1.558978)
(8.087500000000048,-1.655307)
(8.100000000000048,-1.408327)
(8.100000000000048,-1.688017)
(8.112500000000047,-1.481005)
(8.125000000000048,-1.574019)
(8.125000000000048,-1.590361)
(8.137500000000049,-1.336714)
(8.150000000000048,-1.576413)
(8.150000000000048,-1.479414)
(8.158333333333381,-1.372453)
(8.166666666666716,-1.388809)
(8.175000000000049,-1.425161)
(8.175000000000049,-1.51787)
(8.18750000000005,-1.538188)
(8.200000000000049,-1.35422)
(8.200000000000049,-1.500591)
(8.212500000000048,-1.340306)
(8.22500000000005,-1.363346)
(8.22500000000005,-1.60243)
(8.23750000000005,-1.312748)
(8.25000000000005,-1.466383)
(8.25000000000005,-1.445459)
(8.258333333333383,-1.451828)
(8.266666666666717,-1.544841)
(8.27500000000005,-1.377865)
(8.27500000000005,-1.370904)
(8.287500000000051,-1.400632)
(8.30000000000005,-1.340331)
(8.30000000000005,-1.406735)
(8.31250000000005,-1.086471)
(8.32500000000005,-1.066239)
(8.32500000000005,-0.919357)
(8.333333333333384,-0.945838)
(8.341666666666718,-0.87898)
(8.350000000000051,-0.715493)
(8.350000000000051,-0.525352)
(8.36250000000005,-0.63524)
(8.375000000000052,-0.475108)
(8.375000000000052,-0.371579)
(8.387500000000053,-0.458344)
(8.400000000000052,-0.351506)
(8.400000000000052,-0.274786)
(8.412500000000051,-0.231392)
(8.425000000000052,-0.208012)
(8.425000000000052,-0.227958)
(8.433333333333385,-0.274568)
(8.44166666666672,-0.22117)
(8.450000000000053,-0.181125)
(8.450000000000053,-0.251081)
(8.462500000000052,-0.220961)
(8.475000000000053,-0.224349)
(8.475000000000053,-0.270912)
(8.487500000000054,-0.200863)
(8.500000000000053,-0.230832)
(8.500000000000053,-0.254115)
(8.508333333333386,-0.224003)
(8.51666666666672,-0.207388)
(8.525000000000054,-0.153984)
(8.525000000000054,-0.170623)
(8.537500000000055,-0.230585)
(8.550000000000054,-0.150557)
(8.550000000000054,-0.220504)
(8.562500000000053,-0.140475)
(8.575000000000054,-0.190444)
(8.575000000000054,-0.160392)
(8.587500000000055,-0.167003)
(8.600000000000055,-0.030376)
(8.600000000000055,-0.13697)
(8.608333333333388,-0.143607)
(8.616666666666722,-0.150243)
(8.625000000000055,-0.110215)
(8.625000000000055,-0.170177)
(8.637500000000056,-0.093494)
(8.650000000000055,-0.05345)
(8.650000000000055,-0.103446)
(8.662500000000055,-0.133426)
(8.675000000000056,-0.073445)
(8.675000000000056,-0.043402)
(8.683333333333389,-0.070055)
(8.691666666666723,-0.123358)
(8.700000000000056,0.03999)
(8.700000000000056,-0.17)
(8.712500000000055,-0.173309)
(8.725000000000056,-0.136599)
(8.725000000000056,-0.086565)
(8.737500000000058,-0.089923)
(8.750000000000057,-0.166536)
(8.750000000000057,-0.166499)
(8.75833333333339,-0.12647)
(8.766666666666724,-0.153115)
(8.775000000000057,-0.126421)
(8.775000000000057,-0.172998)
(8.787500000000058,-0.176366)
(8.800000000000058,-0.176396)
(8.800000000000058,-0.066314)
(8.812500000000057,-0.066304)
(8.825000000000058,-0.182938)
(8.825000000000058,-0.049599)
(8.837500000000059,-0.076229)
(8.850000000000058,-0.156224)
(8.850000000000058,-0.049531)
(8.858333333333391,-0.086173)
(8.866666666666726,-0.016159)
(8.875000000000059,-0.052826)
(8.875000000000059,-0.166149)
(8.88750000000006,-0.052793)
(8.900000000000059,-0.079441)
(8.900000000000059,-0.07278)
(8.912500000000058,-0.042757)
(8.92500000000006,-0.076072)
(8.92500000000006,0.133923)
(8.933333333333392,-0.069412)
(8.941666666666727,-0.039401)
(8.95000000000006,-0.062748)
(8.95000000000006,-0.082722)
(8.962500000000059,0.040616)
(8.97500000000006,-0.082703)
(8.97500000000006,0.003976)
(8.987500000000061,0.000646)
(9.00000000000006,-0.072699)
(9.00000000000006,0.007325)
(9.008333333333393,-0.049334)
(9.016666666666728,-0.022676)
(9.02500000000006,0.014003)
(9.02500000000006,-0.072667)
(9.037500000000062,-0.015968)
(9.050000000000061,-0.042647)
(9.050000000000061,-0.122613)
(9.06250000000006,0.007417)
(9.075000000000061,-0.04927)
(9.075000000000061,-0.039236)
(9.083333333333394,-0.002588)
(9.091666666666729,-0.169216)
(9.100000000000062,-0.089197)
(9.100000000000062,-0.079143)
(9.112500000000061,-0.162503)
(9.125000000000062,-0.059125)
(9.125000000000062,-0.132444)
(9.137500000000063,-0.029097)
(9.150000000000063,-0.139068)
(9.150000000000063,-0.095719)
(9.158333333333395,-0.052362)
(9.16666666666673,-0.049032)
(9.175000000000063,-0.045684)
(9.175000000000063,-0.078996)
(9.187500000000064,0.034329)
(9.200000000000063,-0.005667)
(9.200000000000063,-0.098973)
(9.212500000000063,-0.062292)
(9.225000000000064,-0.165603)
(9.225000000000064,-0.055581)
(9.237500000000065,0.047745)
(9.250000000000064,-0.092263)
(9.250000000000064,-0.048914)
(9.258333333333397,-0.092234)
(9.266666666666731,-0.005553)
(9.275000000000064,-0.018867)
(9.275000000000064,-0.05218)
(9.287500000000065,0.017815)
(9.300000000000065,0.001145)
(9.300000000000065,-0.045524)
(9.308333333333398,-0.005531)
(9.316666666666732,-0.065497)
(9.325000000000065,-0.045509)
(9.325000000000065,-0.102141)
(9.337500000000066,-0.008806)
(9.350000000000065,-0.025463)
(9.350000000000065,-0.125449)
(9.350000000000065,0.024565)
(9.375000000000066,-0.072103)
(9.375000000000066,-0.075401)
(9.383333333333399,-0.032055)
(9.391666666666733,0.001277)
(9.400000000000066,-0.022056)
(9.400000000000066,-0.035379)
(9.412500000000065,-0.035378)
(9.425000000000066,0.014617)
(9.425000000000066,-0.102027)
(9.437500000000068,0.041308)
(9.450000000000067,-0.092018)
(9.450000000000067,-0.062008)
(9.462500000000066,-0.038662)
(9.475000000000067,-0.061988)
(9.475000000000067,0.00802)
(9.4833333333334,-0.051976)
(9.491666666666735,0.0847)
(9.500000000000068,-0.028648)
(9.500000000000068,-0.001963)
(9.512500000000067,0.098029)
(9.525000000000068,-0.048639)
(9.525000000000068,-0.058623)
(9.537500000000069,0.014715)
(9.550000000000068,-0.025277)
(9.550000000000068,0.011394)
(9.558333333333401,-0.111925)
(9.566666666666736,-0.065236)
(9.575000000000069,-0.055232)
(9.575000000000069,-0.021897)
(9.58750000000007,0.064773)
(9.600000000000069,-0.11855)
(9.600000000000069,-0.051856)
(9.612500000000068,-0.001879)
(9.62500000000007,-0.008527)
(9.62500000000007,-0.041847)
(9.633333333333402,0.004836)
(9.641666666666737,0.078159)
(9.65000000000007,-0.038494)
(9.65000000000007,-0.028512)
(9.662500000000069,0.038155)
(9.67500000000007,-0.045171)
(9.67500000000007,0.074815)
(9.687500000000071,0.018158)
(9.70000000000007,0.024823)
(9.70000000000007,0.071492)
(9.708333333333403,-0.055174)
(9.716666666666738,-0.058502)
(9.72500000000007,0.021491)
(9.72500000000007,-0.051833)
(9.737500000000072,0.03817)
(9.750000000000071,-0.045172)
(9.750000000000071,-0.055161)
(9.775000000000071,-0.035148)
(9.775000000000071,-0.055138)
(9.775000000000071,-0.008476)
(9.783333333333404,0.051534)
(9.791666666666739,-0.051796)
(9.800000000000072,0.064863)
(9.800000000000072,-0.045149)
(9.812500000000071,-0.045142)
(9.825000000000072,0.074857)
(9.825000000000072,0.058188)
(9.837500000000073,0.088168)
(9.850000000000072,0.018148)
(9.850000000000072,0.004823)
(9.858333333333405,0.011473)
(9.86666666666674,-0.061849)
(9.875000000000073,0.011483)
(9.875000000000073,-0.098498)
(9.887500000000074,-0.071833)
(9.900000000000073,0.03484)
(9.900000000000073,-0.055143)
(9.912500000000072,-0.051795)
(9.925000000000074,0.058184)
(9.925000000000074,0.021535)
(9.933333333333406,-0.071792)
(9.941666666666741,-0.00179)
(9.950000000000074,-0.018432)
(9.950000000000074,0.054911)
(9.962500000000073,-0.075076)
(9.975000000000074,-0.045079)
(9.975000000000074,0.008268)
(9.983333333333407,-0.025078)
(9.991666666666742,-0.061733)
(10.000000000000075,0.001612)
