(125.22500000001135,679.0)
(125.22500000001135,680.0)
(125.23333333334469,680.0)
(125.24166666667801,680.0)
(125.25000000001135,679.0)
(125.25000000001135,679.0)
(125.26250000001136,679.0)
(125.27500000001136,679.0)
(125.27500000001136,680.0)
(125.27500000001136,680.0)
(125.27500000001136,679.0)
(125.27500000001136,680.0)
(125.28750000001136,680.0)
(125.30000000001137,679.0)
(125.30000000001137,679.0)
(125.3083333333447,679.0)
(125.31666666667803,679.0)
(125.32500000001137,680.0)
(125.32500000001137,679.0)
(125.33750000001137,679.0)
(125.35000000001138,680.0)
(125.35000000001138,679.0)
(125.36250000001138,678.0)
(125.37500000001138,679.0)
(125.37500000001138,680.0)
(125.38750000001139,680.0)
(125.40000000001139,679.0)
(125.40000000001139,679.0)
(125.40833333334473,679.0)
(125.41666666667805,680.0)
(125.4250000000114,680.0)
(125.4250000000114,679.0)
(125.4375000000114,679.0)
(125.4500000000114,679.0)
(125.4500000000114,680.0)
(125.4500000000114,680.0)
(125.4750000000114,679.0)
(125.4750000000114,680.0)
(125.48333333334475,679.0)
(125.49166666667807,679.0)
(125.50000000001141,680.0)
(125.50000000001141,680.0)
(125.51250000001141,680.0)
(125.52500000001142,679.0)
(125.52500000001142,679.0)
(125.53750000001142,679.0)
(125.55000000001142,680.0)
(125.55000000001142,679.0)
(125.56250000001143,679.0)
(125.57500000001143,679.0)
(125.57500000001143,679.0)
(125.58333333334477,680.0)
(125.5916666666781,679.0)
(125.60000000001143,679.0)
(125.60000000001143,680.0)
(125.61250000001144,680.0)
(125.62500000001144,680.0)
(125.62500000001144,679.0)
(125.63750000001144,680.0)
(125.65000000001145,680.0)
(125.65000000001145,680.0)
(125.66250000001145,679.0)
(125.67500000001145,680.0)
(125.67500000001145,680.0)
(125.68333333334479,680.0)
(125.69166666667812,680.0)
(125.70000000001146,679.0)
(125.70000000001146,679.0)
(125.70000000001146,679.0)
(125.72500000001146,679.0)
(125.72500000001146,679.0)
(125.73750000001147,680.0)
(125.75000000001147,679.0)
(125.75000000001147,680.0)
(125.75833333334481,680.0)
(125.76666666667813,679.0)
(125.77500000001147,679.0)
(125.77500000001147,679.0)
(125.78333333334481,679.0)
(125.79166666667814,680.0)
(125.80000000001148,680.0)
(125.80000000001148,679.0)
(125.81250000001148,680.0)
(125.82500000001149,680.0)
(125.82500000001149,680.0)
(125.83750000001149,680.0)
(125.85000000001149,680.0)
(125.85000000001149,679.0)
(125.85833333334483,679.0)
(125.86666666667816,679.0)
(125.8750000000115,679.0)
(125.8750000000115,679.0)
(125.8875000000115,679.0)
(125.9000000000115,679.0)
(125.9000000000115,679.0)
(125.90833333334484,679.0)
(125.91666666667817,679.0)
(125.92500000001151,679.0)
(125.92500000001151,679.0)
(125.93750000001151,679.0)
(125.95000000001151,680.0)
(125.95000000001151,680.0)
(125.96250000001152,679.0)
(125.97500000001152,679.0)
(125.97500000001152,679.0)
(125.98750000001152,680.0)
(126.00000000001153,679.0)
(126.00000000001153,679.0)
(126.00833333334486,680.0)
(126.01666666667819,679.0)
(126.02500000001153,679.0)
(126.02500000001153,680.0)
(126.03750000001153,679.0)
(126.05000000001154,680.0)
(126.05000000001154,679.0)
(126.06250000001154,680.0)
(126.07500000001154,679.0)
(126.07500000001154,679.0)
(126.08750000001154,679.0)
(126.10000000001155,679.0)
(126.10000000001155,679.0)
(126.10833333334489,679.0)
(126.11666666667821,680.0)
(126.12500000001155,680.0)
(126.12500000001155,680.0)
(126.13750000001156,680.0)
(126.15000000001156,680.0)
(126.15000000001156,680.0)
(126.16250000001156,680.0)
(126.17500000001156,680.0)
(126.17500000001156,679.0)
(126.1833333333449,679.0)
(126.19166666667823,680.0)
(126.20000000001157,680.0)
(126.20000000001157,679.0)
(126.21250000001157,679.0)
(126.22500000001158,680.0)
(126.22500000001158,680.0)
(126.23750000001158,680.0)
(126.25000000001158,680.0)
(126.25000000001158,680.0)
(126.25833333334492,680.0)
(126.26666666667825,680.0)
(126.27500000001159,680.0)
(126.27500000001159,681.0)
(126.28750000001159,680.0)
(126.3000000000116,680.0)
(126.3000000000116,683.0)
(126.3125000000116,680.0)
(126.3250000000116,680.0)
(126.3250000000116,684.0)
(126.33333333334494,683.0)
(126.34166666667826,684.0)
(126.3500000000116,683.0)
(126.3500000000116,684.0)
(126.36250000001161,684.0)
(126.37500000001161,683.0)
(126.37500000001161,683.0)
(126.38750000001161,683.0)
(126.40000000001162,684.0)
(126.40000000001162,684.0)
(126.40833333334496,684.0)
(126.41666666667828,684.0)
(126.42500000001162,684.0)
(126.42500000001162,684.0)
(126.42500000001162,682.0)
(126.45000000001163,685.0)
(126.45000000001163,685.0)
(126.46250000001163,684.0)
(126.47500000001163,684.0)
(126.47500000001163,685.0)
(126.48750000001164,684.0)
(126.50000000001164,683.0)
(126.50000000001164,684.0)
(126.50833333334498,684.0)
(126.5166666666783,684.0)
(126.52500000001164,683.0)
(126.52500000001164,684.0)
(126.53750000001165,683.0)
(126.55000000001165,683.0)
(126.55000000001165,684.0)
(126.56250000001165,684.0)
(126.57500000001166,684.0)
(126.57500000001166,684.0)
(126.58750000001166,683.0)
(126.60000000001166,684.0)
(126.60000000001166,684.0)
(126.608333333345,684.0)
(126.61666666667833,685.0)
(126.62500000001167,684.0)
(126.62500000001167,684.0)
(126.63750000001167,684.0)
(126.65000000001167,685.0)
(126.65000000001167,684.0)
(126.66250000001168,684.0)
(126.67500000001168,685.0)
(126.67500000001168,685.0)
(126.68333333334502,684.0)
(126.69166666667834,685.0)
(126.70000000001168,685.0)
(126.70000000001168,685.0)
(126.71250000001169,686.0)
(126.72500000001169,686.0)
(126.72500000001169,685.0)
(126.73750000001169,688.0)
(126.7500000000117,688.0)
(126.7500000000117,688.0)
(126.7625000000117,690.0)
(126.7750000000117,690.0)
(126.7750000000117,691.0)
(126.7875000000117,692.0)
(126.8000000000117,692.0)
(126.8000000000117,691.0)
(126.80833333334505,691.0)
(126.81666666667837,692.0)
(126.82500000001171,692.0)
(126.82500000001171,693.0)
(126.83750000001172,692.0)
(126.85000000001172,692.0)
(126.85000000001172,691.0)
(126.86250000001172,692.0)
(126.87500000001172,693.0)
(126.87500000001172,693.0)
(126.88333333334506,692.0)
(126.89166666667839,693.0)
(126.90000000001173,693.0)
(126.90000000001173,691.0)
(126.91250000001173,691.0)
(126.92500000001174,692.0)
(126.92500000001174,692.0)
(126.93750000001174,693.0)
(126.95000000001174,691.0)
(126.95000000001174,691.0)
(126.96250000001174,691.0)
(126.97500000001175,693.0)
(126.97500000001175,693.0)
(126.98750000001175,692.0)
(127.00000000001175,693.0)
(127.00000000001175,692.0)
(127.00833333334509,693.0)
(127.01666666667842,693.0)
(127.02500000001176,692.0)
(127.02500000001176,693.0)
(127.03750000001176,692.0)
(127.05000000001176,694.0)
(127.05000000001176,692.0)
(127.06250000001177,692.0)
(127.07500000001177,692.0)
(127.07500000001177,691.0)
(127.08750000001177,693.0)
(127.10000000001178,693.0)
(127.10000000001178,693.0)
(127.11250000001178,691.0)
(127.12500000001178,693.0)
(127.12500000001178,691.0)
(127.13333333334512,693.0)
(127.14166666667845,694.0)
(127.15000000001179,693.0)
(127.15000000001179,694.0)
(127.16250000001179,694.0)
(127.17500000001179,693.0)
(127.17500000001179,695.0)
(127.1875000000118,697.0)
(127.2000000000118,696.0)
(127.2000000000118,698.0)
(127.2125000000118,699.0)
(127.2250000000118,699.0)
(127.2250000000118,699.0)
(127.2375000000118,699.0)
(127.25000000001181,700.0)
(127.25000000001181,699.0)
(127.26250000001181,699.0)
(127.27500000001181,700.0)
(127.27500000001181,700.0)
(127.28333333334515,699.0)
(127.29166666667848,699.0)
(127.30000000001182,699.0)
(127.30000000001182,700.0)
(127.31250000001182,699.0)
(127.32500000001183,701.0)
(127.32500000001183,699.0)
(127.33750000001183,700.0)
(127.35000000001183,700.0)
(127.35000000001183,699.0)
(127.36250000001183,699.0)
(127.37500000001184,699.0)
(127.37500000001184,700.0)
(127.38750000001184,700.0)
(127.40000000001184,700.0)
(127.40000000001184,700.0)
(127.40833333334518,699.0)
(127.41666666667851,699.0)
(127.42500000001185,700.0)
(127.42500000001185,699.0)
(127.43750000001185,699.0)
(127.45000000001185,700.0)
(127.45000000001185,700.0)
(127.46250000001186,700.0)
(127.47500000001186,700.0)
(127.47500000001186,700.0)
(127.48750000001186,699.0)
(127.50000000001187,700.0)
(127.50000000001187,699.0)
(127.51250000001187,700.0)
(127.52500000001187,700.0)
(127.52500000001187,700.0)
(127.53750000001187,699.0)
(127.55000000001188,699.0)
(127.55000000001188,699.0)
(127.55833333334522,700.0)
(127.56666666667854,699.0)
(127.57500000001188,700.0)
(127.57500000001188,699.0)
(127.58750000001189,699.0)
(127.60000000001189,700.0)
(127.60000000001189,699.0)
(127.61250000001189,700.0)
(127.6250000000119,699.0)
(127.6250000000119,700.0)
(127.6375000000119,699.0)
(127.6500000000119,700.0)
(127.6500000000119,700.0)
(127.6625000000119,699.0)
(127.6750000000119,699.0)
(127.6750000000119,700.0)
(127.68750000001191,700.0)
(127.70000000001191,700.0)
(127.70000000001191,699.0)
(127.70833333334525,700.0)
(127.71666666667858,699.0)
(127.72500000001192,699.0)
(127.72500000001192,699.0)
(127.73750000001192,701.0)
(127.75000000001192,701.0)
(127.75000000001192,700.0)
(127.76250000001193,699.0)
(127.77500000001193,701.0)
(127.77500000001193,700.0)
(127.78333333334527,699.0)
(127.7916666666786,700.0)
(127.80000000001193,699.0)
(127.80000000001193,700.0)
(127.81250000001194,700.0)
(127.82500000001194,699.0)
(127.82500000001194,700.0)
(127.83750000001194,699.0)
(127.85000000001195,699.0)
(127.85000000001195,699.0)
(127.86250000001195,700.0)
(127.87500000001195,700.0)
(127.87500000001195,699.0)
(127.88750000001195,700.0)
(127.90000000001196,700.0)
(127.90000000001196,699.0)
(127.9083333333453,700.0)
(127.91666666667862,700.0)
(127.92500000001196,699.0)
(127.92500000001196,699.0)
(127.93750000001197,700.0)
(127.95000000001197,700.0)
(127.95000000001197,699.0)
(127.96250000001197,700.0)
(127.97500000001197,699.0)
(127.97500000001197,700.0)
(127.98750000001198,699.0)
(128.00000000001197,700.0)
(128.00000000001197,700.0)
(128.01250000001198,699.0)
(128.02500000001197,700.0)
(128.02500000001197,699.0)
(128.03750000001196,699.0)
(128.05000000001198,700.0)
(128.05000000001198,700.0)
(128.0583333333453,699.0)
(128.06666666667866,699.0)
(128.07500000001198,700.0)
(128.07500000001198,700.0)
(128.100000000012,699.0)
(128.100000000012,700.0)
(128.100000000012,700.0)
(128.112500000012,700.0)
(128.125000000012,699.0)
(128.125000000012,699.0)
(128.13750000001198,699.0)
(128.150000000012,700.0)
(128.150000000012,699.0)
(128.16250000001202,699.0)
(128.175000000012,700.0)
(128.175000000012,700.0)
(128.18333333334533,701.0)
(128.19166666667869,699.0)
(128.200000000012,700.0)
(128.200000000012,699.0)
(128.21250000001203,699.0)
(128.22500000001202,700.0)
(128.22500000001202,700.0)
(128.23333333334534,701.0)
(128.2416666666787,700.0)
(128.25000000001202,701.0)
(128.25000000001202,700.0)
(128.26250000001204,699.0)
(128.27500000001203,700.0)
(128.27500000001203,700.0)
(128.28750000001202,699.0)
(128.30000000001203,700.0)
(128.30000000001203,699.0)
(128.31250000001205,700.0)
(128.32500000001204,700.0)
(128.32500000001204,700.0)
(128.33333333334537,699.0)
(128.34166666667872,700.0)
(128.35000000001205,700.0)
(128.35000000001205,700.0)
(128.36250000001206,700.0)
(128.37500000001205,700.0)
(128.37500000001205,699.0)
(128.38750000001204,700.0)
(128.40000000001206,700.0)
(128.40000000001206,699.0)
(128.41250000001207,699.0)
(128.42500000001206,700.0)
(128.42500000001206,699.0)
(128.43750000001205,700.0)
(128.45000000001207,700.0)
(128.45000000001207,700.0)
(128.4583333333454,699.0)
(128.46666666667875,699.0)
(128.47500000001207,700.0)
(128.47500000001207,698.0)
(128.48750000001206,696.0)
(128.50000000001208,698.0)
(128.50000000001208,696.0)
(128.5125000000121,694.0)
(128.52500000001208,692.0)
(128.52500000001208,694.0)
(128.53750000001207,693.0)
(128.5500000000121,695.0)
(128.5500000000121,693.0)
(128.5625000000121,693.0)
(128.5750000000121,694.0)
(128.5750000000121,693.0)
(128.58333333334542,693.0)
(128.59166666667878,694.0)
(128.6000000000121,694.0)
(128.6000000000121,694.0)
(128.61250000001212,693.0)
(128.6250000000121,692.0)
(128.6250000000121,693.0)
(128.6375000000121,693.0)
(128.6500000000121,693.0)
(128.6500000000121,693.0)
(128.6500000000121,692.0)
(128.67500000001212,694.0)
(128.67500000001212,693.0)
(128.68333333334544,693.0)
(128.6916666666788,693.0)
(128.70000000001212,692.0)
(128.70000000001212,694.0)
(128.71250000001214,693.0)
(128.72500000001213,694.0)
(128.72500000001213,693.0)
(128.73750000001212,693.0)
(128.75000000001214,693.0)
(128.75000000001214,693.0)
(128.76250000001215,694.0)
(128.77500000001214,692.0)
(128.77500000001214,693.0)
(128.78750000001213,694.0)
(128.80000000001215,694.0)
(128.80000000001215,694.0)
(128.80833333334547,693.0)
(128.81666666667883,692.0)
(128.82500000001215,693.0)
(128.82500000001215,692.0)
(128.83750000001214,692.0)
(128.85000000001216,691.0)
(128.85000000001216,689.0)
(128.86250000001218,690.0)
(128.87500000001216,689.0)
(128.87500000001216,689.0)
(128.8833333333455,688.0)
(128.89166666667884,688.0)
(128.90000000001217,688.0)
(128.90000000001217,688.0)
(128.9125000000122,688.0)
(128.92500000001218,689.0)
(128.92500000001218,688.0)
(128.93750000001216,688.0)
(128.95000000001218,688.0)
(128.95000000001218,688.0)
(128.9625000000122,688.0)
(128.9750000000122,687.0)
(128.9750000000122,687.0)
(128.98750000001218,688.0)
(129.0000000000122,689.0)
(129.0000000000122,687.0)
(129.00833333334552,688.0)
(129.01666666667887,687.0)
(129.0250000000122,688.0)
(129.0250000000122,688.0)
(129.0375000000122,686.0)
(129.0500000000122,687.0)
(129.0500000000122,687.0)
(129.06250000001222,688.0)
(129.0750000000122,687.0)
(129.0750000000122,688.0)
(129.0875000000122,688.0)
(129.10000000001222,687.0)
(129.10000000001222,687.0)
(129.10833333334554,688.0)
(129.1166666666789,688.0)
(129.12500000001222,688.0)
(129.12500000001222,687.0)
(129.1375000000122,685.0)
(129.15000000001223,684.0)
(129.15000000001223,680.0)
(129.15833333334555,680.0)
(129.1666666666789,680.0)
(129.17500000001223,680.0)
(129.17500000001223,680.0)
(129.18750000001222,680.0)
(129.20000000001224,680.0)
(129.20000000001224,680.0)
(129.22500000001224,680.0)
(129.22500000001224,680.0)
(129.25000000001225,680.0)
(129.25000000001225,679.0)
(129.26250000001227,680.0)
(129.27500000001226,680.0)
(129.27500000001226,680.0)
(129.28750000001224,680.0)
(129.30000000001226,679.0)
(129.30000000001226,680.0)
(129.31250000001228,680.0)
(129.32500000001227,680.0)
(129.32500000001227,680.0)
(129.33750000001226,679.0)
(129.35000000001227,680.0)
(129.35000000001227,680.0)
(129.3583333333456,679.0)
(129.36666666667895,680.0)
(129.37500000001228,680.0)
(129.37500000001228,680.0)
(129.38750000001227,680.0)
(129.40000000001228,680.0)
(129.40000000001228,679.0)
(129.4125000000123,680.0)
(129.4250000000123,680.0)
(129.4250000000123,679.0)
(129.43333333334562,680.0)
(129.44166666667897,679.0)
(129.4500000000123,680.0)
(129.4500000000123,680.0)
(129.4625000000123,680.0)
(129.4750000000123,680.0)
(129.4750000000123,680.0)
(129.4875000000123,680.0)
(129.5000000000123,679.0)
(129.5000000000123,680.0)
(129.51250000001232,680.0)
(129.5250000000123,679.0)
(129.5250000000123,680.0)
(129.53333333334564,680.0)
(129.541666666679,680.0)
(129.55000000001232,680.0)
(129.55000000001232,680.0)
(129.55000000001232,680.0)
(129.57500000001232,679.0)
(129.57500000001232,679.0)
(129.5875000000123,680.0)
(129.60000000001233,680.0)
(129.60000000001233,680.0)
(129.60833333334566,680.0)
(129.616666666679,679.0)
(129.62500000001234,679.0)
(129.62500000001234,680.0)
(129.63750000001232,679.0)
(129.65000000001234,679.0)
(129.65000000001234,680.0)
(129.66250000001236,680.0)
(129.67500000001235,679.0)
(129.67500000001235,679.0)
(129.68333333334567,679.0)
(129.69166666667903,679.0)
(129.70000000001235,679.0)
(129.70000000001235,680.0)
(129.71250000001237,680.0)
(129.72500000001236,679.0)
(129.72500000001236,679.0)
(129.73750000001235,680.0)
(129.75000000001236,680.0)
(129.75000000001236,680.0)
(129.76250000001238,680.0)
(129.77500000001237,679.0)
(129.77500000001237,680.0)
(129.78750000001236,680.0)
(129.80000000001237,680.0)
(129.80000000001237,679.0)
(129.8083333333457,680.0)
(129.81666666667905,680.0)
(129.82500000001238,679.0)
(129.82500000001238,680.0)
(129.83750000001237,680.0)
(129.8500000000124,679.0)
(129.8500000000124,680.0)
(129.8625000000124,680.0)
(129.8750000000124,679.0)
(129.8750000000124,680.0)
(129.88333333334572,679.0)
(129.89166666667907,679.0)
(129.9000000000124,679.0)
(129.9000000000124,680.0)
(129.91250000001241,679.0)
(129.9250000000124,680.0)
(129.9250000000124,679.0)
(129.9375000000124,679.0)
(129.9500000000124,679.0)
(129.9500000000124,680.0)
(129.95833333334573,680.0)
(129.9666666666791,679.0)
(129.97500000001241,679.0)
(129.97500000001241,680.0)
(129.9875000000124,680.0)
(130.00000000001242,679.0)
(130.00000000001242,679.0)
(130.01250000001244,679.0)
(130.02500000001243,680.0)
(130.02500000001243,679.0)
(130.03750000001241,679.0)
(130.05000000001243,679.0)
(130.05000000001243,680.0)
(130.05833333334576,679.0)
(130.0666666666791,679.0)
(130.07500000001244,680.0)
(130.07500000001244,680.0)
(130.08750000001243,679.0)
(130.10000000001244,679.0)
(130.10000000001244,679.0)
(130.10833333334577,679.0)
(130.11666666667912,680.0)
(130.12500000001245,679.0)
(130.12500000001245,680.0)
(130.13750000001244,679.0)
(130.15000000001245,679.0)
(130.15000000001245,680.0)
(130.16250000001247,679.0)
(130.17500000001246,680.0)
(130.17500000001246,679.0)
(130.1833333333458,680.0)
(130.19166666667914,679.0)
(130.20000000001247,679.0)
(130.20000000001247,680.0)
(130.21250000001248,680.0)
(130.22500000001247,680.0)
