(10.000000000000075,672.0)
(10.000000000000075,672.0)
(10.00147058823537,670.0)
(10.002941176470664,671.0)
(10.004411764705957,672.0)
(10.005882352941251,672.0)
(10.007352941176546,671.0)
(10.00882352941184,672.0)
(10.010294117647133,671.0)
(10.011764705882428,671.0)
(10.013235294117722,672.0)
(10.014705882353017,672.0)
(10.01617647058831,671.0)
(10.017647058823604,671.0)
(10.019117647058899,672.0)
(10.020588235294193,672.0)
(10.022058823529486,672.0)
(10.02352941176478,671.0)
(10.025000000000075,672.0)
(10.025000000000075,672.0)
(10.026388888888963,672.0)
(10.027777777777853,671.0)
(10.029166666666741,673.0)
(10.030555555555631,671.0)
(10.03194444444452,672.0)
(10.033333333333408,671.0)
(10.034722222222298,672.0)
(10.036111111111186,672.0)
(10.037500000000076,671.0)
(10.038888888888964,672.0)
(10.040277777777852,672.0)
(10.041666666666742,671.0)
(10.04305555555563,672.0)
(10.044444444444519,671.0)
(10.045833333333409,672.0)
(10.047222222222297,672.0)
(10.048611111111187,672.0)
(10.050000000000075,673.0)
(10.050000000000075,672.0)
(10.05147058823537,671.0)
(10.052941176470664,672.0)
(10.054411764705957,671.0)
(10.055882352941252,671.0)
(10.057352941176546,671.0)
(10.05882352941184,670.0)
(10.060294117647134,672.0)
(10.061764705882428,672.0)
(10.063235294117723,672.0)
(10.064705882353017,672.0)
(10.06617647058831,672.0)
(10.067647058823605,671.0)
(10.0691176470589,671.0)
(10.070588235294194,671.0)
(10.072058823529487,672.0)
(10.073529411764781,671.0)
(10.075000000000076,673.0)
(10.075000000000076,672.0)
(10.07647058823537,672.0)
(10.077941176470665,671.0)
(10.079411764705958,672.0)
(10.080882352941252,671.0)
(10.082352941176547,672.0)
(10.083823529411841,671.0)
(10.085294117647134,671.0)
(10.086764705882429,670.0)
(10.088235294117723,671.0)
(10.089705882353018,671.0)
(10.09117647058831,672.0)
(10.092647058823605,672.0)
(10.0941176470589,672.0)
(10.095588235294194,672.0)
(10.097058823529487,672.0)
(10.098529411764781,671.0)
(10.100000000000076,672.0)
(10.100000000000076,672.0)
(10.103571428571504,672.0)
(10.107142857142934,671.0)
(10.110714285714362,671.0)
(10.11428571428579,671.0)
(10.117857142857218,671.0)
(10.121428571428648,672.0)
(10.125000000000076,672.0)
(10.125000000000076,672.0)
(10.127500000000076,671.0)
(10.130000000000077,672.0)
(10.132500000000077,673.0)
(10.135000000000076,671.0)
(10.137500000000077,672.0)
(10.140000000000077,671.0)
(10.142500000000076,672.0)
(10.145000000000076,672.0)
(10.147500000000077,671.0)
(10.150000000000077,671.0)
(10.150000000000077,672.0)
(10.151470588235371,672.0)
(10.152941176470666,672.0)
(10.154411764705959,671.0)
(10.155882352941253,672.0)
(10.157352941176548,672.0)
(10.158823529411842,672.0)
(10.160294117647135,672.0)
(10.16176470588243,671.0)
(10.163235294117724,671.0)
(10.164705882353019,672.0)
(10.166176470588312,672.0)
(10.167647058823606,672.0)
(10.1691176470589,672.0)
(10.170588235294195,672.0)
(10.172058823529488,671.0)
(10.173529411764783,672.0)
(10.175000000000077,671.0)
(10.175000000000077,672.0)
(10.176470588235372,671.0)
(10.177941176470666,672.0)
(10.179411764705959,672.0)
(10.180882352941254,672.0)
(10.182352941176548,672.0)
(10.183823529411843,672.0)
(10.185294117647135,671.0)
(10.18676470588243,671.0)
(10.188235294117725,672.0)
(10.189705882353019,671.0)
(10.191176470588312,672.0)
(10.192647058823606,672.0)
(10.194117647058901,672.0)
(10.195588235294196,672.0)
(10.197058823529488,671.0)
(10.198529411764783,671.0)
(10.200000000000077,672.0)
(10.200000000000077,672.0)
(10.201785714285792,672.0)
(10.203571428571506,671.0)
(10.20535714285722,671.0)
(10.207142857142935,671.0)
(10.208928571428649,672.0)
(10.210714285714364,673.0)
(10.212500000000077,672.0)
(10.214285714285792,672.0)
(10.216071428571507,672.0)
(10.21785714285722,672.0)
(10.219642857142935,672.0)
(10.22142857142865,672.0)
(10.223214285714363,671.0)
(10.225000000000078,671.0)
(10.225000000000078,672.0)
(10.226250000000078,671.0)
(10.227500000000077,672.0)
(10.228750000000078,672.0)
(10.230000000000079,671.0)
(10.231250000000077,672.0)
(10.232500000000078,671.0)
(10.233750000000079,672.0)
(10.235000000000078,671.0)
(10.236250000000078,671.0)
(10.237500000000079,671.0)
(10.238750000000078,671.0)
(10.240000000000078,672.0)
(10.241250000000077,672.0)
(10.242500000000078,671.0)
(10.243750000000079,671.0)
(10.245000000000077,671.0)
(10.246250000000078,671.0)
(10.247500000000079,671.0)
(10.248750000000078,672.0)
(10.250000000000078,672.0)
(10.250000000000078,672.0)
(10.275000000000079,672.0)
(10.275000000000079,671.0)
(10.276666666666745,672.0)
(10.278333333333412,672.0)
(10.28000000000008,671.0)
(10.281666666666744,672.0)
(10.283333333333411,671.0)
(10.285000000000078,672.0)
(10.286666666666745,671.0)
(10.288333333333412,672.0)
(10.290000000000079,672.0)
(10.291666666666746,672.0)
(10.293333333333413,671.0)
(10.295000000000078,672.0)
(10.296666666666745,672.0)
(10.298333333333412,672.0)
(10.300000000000079,672.0)
(10.300000000000079,672.0)
(10.301136363636443,672.0)
(10.302272727272806,672.0)
(10.30340909090917,672.0)
(10.304545454545533,672.0)
(10.305681818181897,673.0)
(10.306818181818262,671.0)
(10.307954545454624,672.0)
(10.309090909090989,672.0)
(10.310227272727351,672.0)
(10.311363636363716,671.0)
(10.312500000000078,671.0)
(10.313636363636443,671.0)
(10.314772727272807,670.0)
(10.31590909090917,672.0)
(10.317045454545534,672.0)
(10.318181818181897,671.0)
(10.31931818181826,671.0)
(10.320454545454625,671.0)
(10.321590909090988,672.0)
(10.322727272727352,672.0)
(10.323863636363715,671.0)
(10.32500000000008,671.0)
(10.32500000000008,671.0)
(10.33000000000008,671.0)
(10.335000000000079,670.0)
(10.34000000000008,672.0)
(10.345000000000079,672.0)
(10.35000000000008,672.0)
(10.35000000000008,672.0)
(10.352777777777858,671.0)
(10.355555555555636,673.0)
(10.358333333333412,671.0)
(10.36111111111119,672.0)
(10.363888888888969,672.0)
(10.366666666666747,671.0)
(10.369444444444524,672.0)
(10.372222222222302,672.0)
(10.37500000000008,672.0)
(10.37500000000008,671.0)
(10.376666666666747,671.0)
(10.378333333333414,672.0)
(10.38000000000008,671.0)
(10.381666666666746,672.0)
(10.383333333333413,672.0)
(10.38500000000008,671.0)
(10.386666666666747,672.0)
(10.388333333333414,672.0)
(10.39000000000008,672.0)
(10.391666666666747,671.0)
(10.393333333333414,671.0)
(10.39500000000008,671.0)
(10.396666666666746,671.0)
(10.398333333333413,671.0)
(10.40000000000008,671.0)
(10.40000000000008,672.0)
(10.40156250000008,672.0)
(10.403125000000081,671.0)
(10.40468750000008,671.0)
(10.40625000000008,672.0)
(10.40781250000008,672.0)
(10.40937500000008,671.0)
(10.410937500000081,672.0)
(10.41250000000008,673.0)
(10.41406250000008,672.0)
(10.41562500000008,672.0)
(10.41718750000008,672.0)
(10.418750000000081,672.0)
(10.420312500000081,672.0)
(10.42187500000008,672.0)
(10.42343750000008,671.0)
(10.42500000000008,672.0)
(10.42500000000008,672.0)
(10.426666666666748,672.0)
(10.428333333333415,672.0)
(10.430000000000081,671.0)
(10.431666666666747,673.0)
(10.433333333333414,671.0)
(10.43500000000008,671.0)
(10.436666666666747,672.0)
(10.438333333333414,672.0)
(10.440000000000081,672.0)
(10.441666666666748,672.0)
(10.443333333333415,672.0)
(10.44500000000008,672.0)
(10.446666666666747,672.0)
(10.448333333333414,672.0)
(10.450000000000081,673.0)
(10.450000000000081,672.0)
(10.451666666666748,672.0)
(10.453333333333415,671.0)
(10.455000000000082,672.0)
(10.456666666666747,671.0)
(10.458333333333414,671.0)
(10.46000000000008,671.0)
(10.461666666666748,671.0)
(10.463333333333415,672.0)
(10.465000000000082,670.0)
(10.466666666666748,672.0)
(10.468333333333415,672.0)
(10.47000000000008,671.0)
(10.471666666666748,672.0)
(10.473333333333414,671.0)
(10.475000000000081,672.0)
(10.475000000000081,672.0)
(10.476666666666748,672.0)
(10.478333333333415,672.0)
(10.480000000000082,671.0)
(10.481666666666747,672.0)
(10.483333333333414,672.0)
(10.485000000000081,672.0)
(10.486666666666748,672.0)
(10.488333333333415,672.0)
(10.490000000000082,672.0)
(10.491666666666749,672.0)
(10.493333333333416,672.0)
(10.495000000000081,672.0)
(10.496666666666748,672.0)
(10.498333333333415,672.0)
(10.500000000000082,672.0)
(10.500000000000082,673.0)
(10.501190476190558,672.0)
(10.502380952381035,673.0)
(10.50357142857151,672.0)
(10.504761904761986,672.0)
(10.505952380952463,672.0)
(10.50714285714294,673.0)
(10.508333333333415,673.0)
(10.509523809523891,674.0)
(10.510714285714368,673.0)
(10.511904761904844,675.0)
(10.51309523809532,673.0)
(10.514285714285796,673.0)
(10.515476190476273,673.0)
(10.51666666666675,674.0)
(10.517857142857224,673.0)
(10.5190476190477,674.0)
(10.520238095238177,674.0)
(10.521428571428654,674.0)
(10.522619047619129,675.0)
(10.523809523809605,674.0)
(10.525000000000082,675.0)
(10.525000000000082,675.0)
(10.526785714285797,674.0)
(10.52857142857151,674.0)
(10.530357142857225,675.0)
(10.53214285714294,675.0)
(10.533928571428653,675.0)
(10.535714285714368,675.0)
(10.537500000000083,675.0)
(10.539285714285796,675.0)
(10.541071428571511,676.0)
(10.542857142857224,676.0)
(10.54464285714294,676.0)
(10.546428571428654,676.0)
(10.548214285714367,676.0)
(10.550000000000082,676.0)
(10.550000000000082,677.0)
(10.551086956521821,677.0)
(10.55217391304356,676.0)
(10.5532608695653,676.0)
(10.554347826087039,677.0)
(10.555434782608778,677.0)
(10.556521739130517,678.0)
(10.557608695652256,678.0)
(10.558695652173995,677.0)
(10.559782608695734,678.0)
(10.560869565217473,678.0)
(10.561956521739212,679.0)
(10.563043478260953,679.0)
(10.564130434782692,679.0)
(10.565217391304431,679.0)
(10.56630434782617,679.0)
(10.56739130434791,679.0)
(10.568478260869648,680.0)
(10.569565217391387,680.0)
(10.570652173913127,679.0)
(10.571739130434866,679.0)
(10.572826086956605,679.0)
(10.573913043478344,680.0)
(10.575000000000083,679.0)
(10.575000000000083,680.0)
(10.578125000000083,679.0)
(10.581250000000082,679.0)
(10.584375000000083,680.0)
(10.587500000000084,680.0)
(10.590625000000083,680.0)
(10.593750000000083,680.0)
(10.596875000000082,679.0)
(10.600000000000083,680.0)
(10.600000000000083,679.0)
(10.60416666666675,679.0)
(10.608333333333416,679.0)
(10.612500000000082,679.0)
(10.61666666666675,680.0)
(10.620833333333417,680.0)
(10.625000000000083,680.0)
(10.625000000000083,679.0)
(10.626136363636448,679.0)
(10.62727272727281,680.0)
(10.628409090909175,680.0)
(10.629545454545537,680.0)
(10.630681818181902,680.0)
(10.631818181818266,680.0)
(10.632954545454629,680.0)
(10.634090909090993,680.0)
(10.635227272727356,680.0)
(10.63636363636372,680.0)
(10.637500000000085,679.0)
(10.638636363636447,680.0)
(10.639772727272812,680.0)
(10.640909090909174,680.0)
(10.642045454545539,680.0)
(10.643181818181901,680.0)
(10.644318181818266,680.0)
(10.64545454545463,680.0)
(10.646590909090992,680.0)
(10.647727272727357,680.0)
(10.64886363636372,680.0)
(10.650000000000084,680.0)
(10.650000000000084,681.0)
(10.65166666666675,680.0)
(10.653333333333418,680.0)
(10.655000000000085,680.0)
(10.65666666666675,680.0)
(10.658333333333417,680.0)
(10.660000000000084,680.0)
(10.66166666666675,680.0)
(10.663333333333417,680.0)
(10.665000000000084,680.0)
(10.666666666666751,680.0)
(10.668333333333418,680.0)
(10.670000000000083,680.0)
(10.67166666666675,680.0)
(10.673333333333417,680.0)
(10.675000000000084,680.0)
(10.675000000000084,680.0)
(10.676136363636449,680.0)
(10.677272727272811,680.0)
(10.678409090909176,680.0)
(10.679545454545538,680.0)
(10.680681818181903,680.0)
(10.681818181818267,680.0)
(10.68295454545463,680.0)
(10.684090909090994,680.0)
(10.685227272727357,680.0)
(10.68636363636372,680.0)
(10.687500000000085,680.0)
(10.688636363636448,680.0)
(10.689772727272812,680.0)
(10.690909090909175,680.0)
(10.69204545454554,680.0)
(10.693181818181902,680.0)
(10.694318181818266,680.0)
(10.69545454545463,680.0)
(10.696590909090993,680.0)
(10.697727272727358,680.0)
(10.69886363636372,680.0)
(10.700000000000085,681.0)
(10.700000000000085,680.0)
(10.701250000000085,680.0)
(10.702500000000084,679.0)
(10.703750000000085,680.0)
(10.705000000000085,680.0)
(10.706250000000084,680.0)
(10.707500000000085,680.0)
(10.708750000000085,680.0)
(10.710000000000084,680.0)
(10.711250000000085,680.0)
(10.712500000000084,680.0)
(10.713750000000084,680.0)
(10.715000000000085,680.0)
(10.716250000000084,680.0)
(10.717500000000085,680.0)
(10.718750000000085,680.0)
(10.720000000000084,680.0)
(10.721250000000085,680.0)
(10.722500000000085,680.0)
(10.723750000000084,681.0)
(10.725000000000085,680.0)
(10.725000000000085,680.0)
(10.726666666666752,680.0)
(10.728333333333419,680.0)
(10.730000000000086,680.0)
(10.73166666666675,680.0)
(10.733333333333418,680.0)
(10.735000000000085,680.0)
(10.736666666666752,680.0)
(10.738333333333419,680.0)
(10.740000000000085,680.0)
(10.741666666666752,680.0)
(10.74333333333342,681.0)
(10.745000000000084,680.0)
(10.746666666666751,680.0)
(10.748333333333418,680.0)
(10.750000000000085,680.0)
(10.750000000000085,680.0)
(10.75147058823538,680.0)
(10.752941176470674,680.0)
(10.754411764705967,680.0)
(10.755882352941262,680.0)
(10.757352941176556,680.0)
(10.75882352941185,681.0)
(10.760294117647144,680.0)
(10.761764705882438,680.0)
(10.763235294117733,681.0)
(10.764705882353027,680.0)
(10.76617647058832,680.0)
(10.767647058823615,680.0)
(10.76911764705891,679.0)
(10.770588235294204,680.0)
(10.772058823529497,680.0)
(10.773529411764791,680.0)
(10.775000000000086,680.0)
(10.775000000000086,680.0)
(10.776666666666753,680.0)
(10.77833333333342,680.0)
(10.780000000000086,679.0)
(10.781666666666752,680.0)
(10.783333333333418,680.0)
(10.785000000000085,680.0)
(10.786666666666752,680.0)
(10.78833333333342,681.0)
(10.790000000000086,681.0)
(10.791666666666753,680.0)
(10.79333333333342,680.0)
(10.795000000000085,680.0)
(10.796666666666752,680.0)
(10.798333333333419,680.0)
(10.800000000000086,680.0)
(10.800000000000086,680.0)
(10.80131578947377,680.0)
(10.802631578947455,680.0)
(10.803947368421138,680.0)
(10.805263157894823,680.0)
(10.806578947368507,680.0)
(10.807894736842192,681.0)
(10.809210526315876,680.0)
(10.81052631578956,680.0)
(10.811842105263244,680.0)
(10.813157894736928,680.0)
(10.814473684210613,680.0)
(10.815789473684296,680.0)
(10.81710526315798,680.0)
(10.818421052631665,680.0)
(10.81973684210535,680.0)
(10.821052631579034,680.0)
(10.822368421052717,680.0)
(10.823684210526402,680.0)
(10.825000000000086,680.0)
(10.825000000000086,680.0)
(10.826666666666753,680.0)
(10.82833333333342,680.0)
(10.830000000000087,680.0)
(10.831666666666752,680.0)
(10.83333333333342,680.0)
(10.835000000000086,680.0)
(10.836666666666753,680.0)
(10.83833333333342,680.0)
(10.840000000000087,680.0)
(10.841666666666754,680.0)
(10.84333333333342,680.0)
(10.845000000000086,680.0)
(10.846666666666753,680.0)
(10.84833333333342,680.0)
(10.850000000000087,680.0)
(10.850000000000087,680.0)
(10.851785714285802,680.0)
(10.853571428571515,680.0)
(10.85535714285723,680.0)
(10.857142857142945,680.0)
(10.858928571428658,680.0)
(10.860714285714373,680.0)
(10.862500000000086,680.0)
(10.864285714285801,680.0)
(10.866071428571516,680.0)
(10.867857142857229,680.0)
(10.869642857142944,680.0)
(10.871428571428659,680.0)
(10.873214285714372,680.0)
(10.875000000000087,680.0)
(10.875000000000087,680.0)
(10.876666666666754,680.0)
(10.878333333333421,680.0)
(10.880000000000088,680.0)
(10.881666666666753,680.0)
(10.88333333333342,680.0)
(10.885000000000087,680.0)
(10.886666666666754,680.0)
(10.88833333333342,680.0)
(10.890000000000088,680.0)
(10.891666666666755,680.0)
(10.893333333333421,680.0)
(10.895000000000087,680.0)
(10.896666666666754,680.0)
(10.89833333333342,680.0)
(10.900000000000087,680.0)
(10.900000000000087,681.0)
(10.901666666666754,680.0)
(10.903333333333421,680.0)
(10.905000000000088,680.0)
(10.906666666666753,680.0)
(10.90833333333342,680.0)
(10.910000000000087,680.0)
(10.911666666666754,680.0)
(10.913333333333421,680.0)
(10.915000000000088,680.0)
(10.916666666666755,680.0)
(10.918333333333422,680.0)
(10.920000000000087,680.0)
(10.921666666666754,680.0)
(10.92333333333342,680.0)
(10.925000000000088,680.0)
(10.925000000000088,680.0)
(10.926666666666755,680.0)
(10.928333333333422,680.0)
(10.930000000000089,680.0)
(10.931666666666754,680.0)
(10.93333333333342,680.0)
(10.935000000000088,680.0)
(10.936666666666754,680.0)
(10.938333333333421,680.0)
(10.940000000000088,680.0)
(10.941666666666755,680.0)
(10.943333333333422,680.0)
(10.945000000000087,680.0)
(10.946666666666754,680.0)
(10.948333333333421,680.0)
(10.950000000000088,681.0)
(10.950000000000088,680.0)
(10.951785714285803,680.0)
(10.953571428571516,680.0)
(10.955357142857231,680.0)
(10.957142857142946,680.0)
(10.95892857142866,680.0)
(10.960714285714374,680.0)
(10.962500000000087,680.0)
(10.964285714285802,680.0)
(10.966071428571517,680.0)
(10.96785714285723,680.0)
(10.969642857142945,680.0)
(10.97142857142866,680.0)
(10.973214285714374,680.0)
(10.975000000000088,680.0)
(10.975000000000088,680.0)
(10.976315789473773,680.0)
(10.977631578947458,681.0)
(10.97894736842114,680.0)
(10.980263157894825,680.0)
(10.98157894736851,680.0)
(10.982894736842194,680.0)
(10.984210526315879,679.0)
(10.985526315789562,680.0)
(10.986842105263246,680.0)
(10.988157894736931,680.0)
(10.989473684210616,680.0)
(10.990789473684298,680.0)
(10.992105263157983,680.0)
(10.993421052631668,680.0)
(10.994736842105352,680.0)
(10.996052631579037,680.0)
(10.99736842105272,680.0)
(10.998684210526404,680.0)
(11.000000000000089,680.0)
(11.000000000000089,680.0)
(11.00156250000009,680.0)
(11.00312500000009,680.0)
(11.004687500000088,680.0)
(11.006250000000088,680.0)
(11.007812500000089,680.0)
(11.00937500000009,680.0)
(11.01093750000009,680.0)
(11.012500000000088,680.0)
(11.014062500000088,680.0)
(11.015625000000089,681.0)
(11.01718750000009,680.0)
(11.01875000000009,680.0)
(11.02031250000009,680.0)
(11.021875000000088,680.0)
(11.023437500000089,680.0)
(11.02500000000009,680.0)
(11.02500000000009,680.0)
(11.02656250000009,680.0)
(11.02812500000009,680.0)
(11.029687500000088,680.0)
(11.031250000000089,680.0)
(11.03281250000009,680.0)
(11.03437500000009,680.0)
(11.03593750000009,680.0)
(11.03750000000009,680.0)
(11.039062500000089,680.0)
(11.04062500000009,680.0)
(11.04218750000009,679.0)
(11.04375000000009,680.0)
(11.04531250000009,680.0)
(11.046875000000089,680.0)
(11.04843750000009,680.0)
(11.05000000000009,680.0)
(11.05000000000009,680.0)
(11.051470588235384,680.0)
(11.052941176470679,680.0)
(11.054411764705971,680.0)
(11.055882352941266,680.0)
(11.05735294117656,680.0)
(11.058823529411855,680.0)
(11.060294117647148,680.0)
(11.061764705882442,680.0)
(11.063235294117737,680.0)
(11.064705882353032,680.0)
(11.066176470588324,680.0)
(11.067647058823619,680.0)
(11.069117647058913,681.0)
(11.070588235294208,680.0)
(11.0720588235295,680.0)
(11.073529411764795,680.0)
(11.07500000000009,680.0)
(11.07500000000009,680.0)
(11.076388888888978,680.0)
(11.077777777777868,680.0)
(11.079166666666756,680.0)
(11.080555555555646,680.0)
(11.081944444444535,680.0)
(11.083333333333423,680.0)
(11.084722222222313,680.0)
(11.086111111111201,680.0)
(11.087500000000091,680.0)
(11.08888888888898,680.0)
(11.090277777777867,680.0)
(11.091666666666757,680.0)
(11.093055555555646,680.0)
(11.094444444444534,680.0)
(11.095833333333424,680.0)
(11.097222222222312,680.0)
(11.098611111111202,680.0)
(11.10000000000009,680.0)
(11.10000000000009,680.0)
(11.101315789473775,680.0)
(11.10263157894746,680.0)
(11.103947368421142,680.0)
(11.105263157894827,680.0)
(11.106578947368511,680.0)
(11.107894736842196,680.0)
(11.10921052631588,680.0)
(11.110526315789564,680.0)
(11.111842105263248,680.0)
(11.113157894736933,680.0)
(11.114473684210617,680.0)
(11.1157894736843,680.0)
(11.117105263157985,680.0)
(11.11842105263167,680.0)
(11.119736842105354,680.0)
(11.121052631579039,680.0)
(11.122368421052721,680.0)
(11.123684210526406,680.0)
(11.12500000000009,680.0)
(11.12500000000009,680.0)
(11.126666666666758,680.0)
(11.128333333333424,680.0)
(11.130000000000091,680.0)
(11.131666666666757,680.0)
(11.133333333333423,680.0)
(11.13500000000009,680.0)
(11.136666666666757,680.0)
(11.138333333333424,680.0)
(11.140000000000091,680.0)
(11.141666666666758,680.0)
(11.143333333333425,680.0)
(11.14500000000009,681.0)
(11.146666666666757,680.0)
(11.148333333333424,680.0)
(11.150000000000091,680.0)
(11.150000000000091,680.0)
(11.151136363636455,680.0)
(11.152272727272818,680.0)
(11.153409090909182,680.0)
(11.154545454545545,680.0)
(11.15568181818191,680.0)
(11.156818181818274,680.0)
(11.157954545454636,680.0)
(11.159090909091,680.0)
(11.160227272727363,680.0)
(11.161363636363728,680.0)
(11.16250000000009,680.0)
(11.163636363636455,680.0)
(11.164772727272819,680.0)
(11.165909090909182,680.0)
(11.167045454545546,681.0)
(11.168181818181909,680.0)
(11.169318181818273,680.0)
(11.170454545454637,680.0)
(11.171590909091,680.0)
(11.172727272727364,680.0)
(11.173863636363727,680.0)
(11.175000000000091,680.0)
(11.175000000000091,680.0)
(11.176666666666758,680.0)
(11.178333333333425,680.0)
(11.180000000000092,680.0)
(11.181666666666757,680.0)
(11.183333333333424,680.0)
(11.185000000000091,680.0)
(11.186666666666758,681.0)
(11.188333333333425,680.0)
(11.190000000000092,680.0)
(11.191666666666759,680.0)
(11.193333333333426,680.0)
(11.19500000000009,680.0)
(11.196666666666758,681.0)
(11.198333333333425,680.0)
(11.200000000000092,680.0)
(11.200000000000092,680.0)
(11.20096153846163,680.0)
(11.201923076923169,680.0)
(11.202884615384708,680.0)
(11.203846153846246,681.0)
(11.204807692307783,680.0)
(11.205769230769322,680.0)
(11.20673076923086,680.0)
(11.2076923076924,680.0)
(11.208653846153938,680.0)
(11.209615384615477,680.0)
(11.210576923077015,680.0)
(11.211538461538554,680.0)
(11.212500000000091,680.0)
(11.21346153846163,681.0)
(11.214423076923168,680.0)
(11.215384615384707,680.0)
(11.216346153846246,680.0)
(11.217307692307784,680.0)
(11.218269230769323,680.0)
(11.219230769230862,680.0)
(11.2201923076924,680.0)
(11.221153846153937,680.0)
(11.222115384615476,680.0)
(11.223076923077015,680.0)
(11.224038461538553,680.0)
(11.225000000000092,680.0)
(11.225000000000092,680.0)
(11.226086956521831,680.0)
(11.22717391304357,680.0)
(11.22826086956531,680.0)
(11.229347826087048,680.0)
(11.230434782608787,680.0)
(11.231521739130526,680.0)
(11.232608695652265,680.0)
(11.233695652174005,680.0)
(11.234782608695744,680.0)
(11.235869565217483,680.0)
(11.236956521739222,680.0)
(11.238043478260963,680.0)
(11.239130434782702,680.0)
(11.24021739130444,680.0)
(11.24130434782618,679.0)
(11.242391304347919,680.0)
(11.243478260869658,680.0)
(11.244565217391397,680.0)
(11.245652173913136,680.0)
(11.246739130434875,680.0)
(11.247826086956614,680.0)
(11.248913043478353,680.0)
(11.250000000000092,680.0)
(11.250000000000092,681.0)
(11.25166666666676,680.0)
(11.253333333333426,680.0)
(11.255000000000093,680.0)
(11.256666666666758,681.0)
(11.258333333333425,680.0)
(11.260000000000092,680.0)
(11.261666666666759,680.0)
(11.263333333333426,680.0)
(11.265000000000093,680.0)
(11.26666666666676,680.0)
(11.268333333333427,680.0)
(11.270000000000092,680.0)
(11.271666666666759,680.0)
(11.273333333333426,680.0)
(11.275000000000093,680.0)
(11.275000000000093,680.0)
(11.27666666666676,680.0)
(11.278333333333427,680.0)
(11.280000000000094,680.0)
(11.281666666666759,680.0)
(11.283333333333426,680.0)
(11.285000000000093,680.0)
(11.28666666666676,680.0)
(11.288333333333426,680.0)
(11.290000000000093,680.0)
(11.29166666666676,680.0)
(11.293333333333427,680.0)
(11.295000000000092,680.0)
(11.29666666666676,680.0)
(11.298333333333426,680.0)
(11.300000000000093,680.0)
(11.300000000000093,680.0)
(11.301785714285808,680.0)
(11.303571428571521,680.0)
(11.305357142857236,680.0)
(11.307142857142951,680.0)
(11.308928571428664,680.0)
(11.31071428571438,680.0)
(11.312500000000092,680.0)
(11.314285714285807,680.0)
(11.316071428571522,680.0)
(11.317857142857235,680.0)
(11.31964285714295,680.0)
(11.321428571428665,680.0)
(11.323214285714378,680.0)
(11.325000000000093,680.0)
(11.325000000000093,680.0)
(11.326136363636458,680.0)
(11.32727272727282,680.0)
(11.328409090909185,679.0)
(11.329545454545547,680.0)
(11.330681818181912,680.0)
(11.331818181818276,680.0)
(11.332954545454639,680.0)
(11.334090909091003,680.0)
(11.335227272727366,680.0)
(11.33636363636373,680.0)
(11.337500000000095,680.0)
(11.338636363636457,680.0)
(11.339772727272821,680.0)
(11.340909090909184,680.0)
(11.342045454545548,680.0)
(11.343181818181911,680.0)
(11.344318181818275,680.0)
(11.34545454545464,680.0)
(11.346590909091002,679.0)
(11.347727272727367,680.0)
(11.34886363636373,680.0)
(11.350000000000094,680.0)
(11.350000000000094,680.0)
(11.351785714285809,679.0)
(11.353571428571522,679.0)
(11.355357142857237,680.0)
(11.357142857142952,679.0)
(11.358928571428665,680.0)
(11.36071428571438,679.0)
(11.362500000000093,680.0)
(11.364285714285808,680.0)
(11.366071428571523,680.0)
(11.367857142857236,680.0)
(11.369642857142951,680.0)
(11.371428571428666,680.0)
(11.37321428571438,680.0)
(11.375000000000094,680.0)
(11.375000000000094,680.0)
(11.376666666666761,680.0)
(11.378333333333428,680.0)
(11.380000000000095,679.0)
(11.38166666666676,679.0)
(11.383333333333427,679.0)
(11.385000000000094,679.0)
(11.38666666666676,679.0)
(11.388333333333428,679.0)
(11.390000000000095,680.0)
(11.391666666666762,680.0)
(11.393333333333429,680.0)
(11.395000000000094,680.0)
(11.39666666666676,679.0)
(11.398333333333428,679.0)
(11.400000000000095,680.0)
(11.400000000000095,680.0)
(11.401923076923172,679.0)
(11.40384615384625,680.0)
(11.405769230769325,680.0)
(11.407692307692402,680.0)
(11.40961538461548,680.0)
(11.411538461538557,680.0)
(11.413461538461632,680.0)
(11.41538461538471,680.0)
(11.417307692307787,680.0)
(11.419230769230865,680.0)
(11.42115384615394,679.0)
(11.423076923077017,680.0)
(11.425000000000095,679.0)
(11.425000000000095,679.0)
(11.430000000000096,679.0)
(11.435000000000095,678.0)
(11.440000000000095,679.0)
(11.445000000000094,679.0)
(11.450000000000095,679.0)
(11.450000000000095,679.0)
(11.452500000000095,680.0)
(11.455000000000096,679.0)
(11.457500000000095,679.0)
(11.460000000000095,678.0)
(11.462500000000095,679.0)
(11.465000000000096,679.0)
(11.467500000000095,679.0)
(11.470000000000095,678.0)
(11.472500000000096,677.0)
(11.475000000000096,676.0)
(11.475000000000096,677.0)
(11.476190476190572,676.0)
(11.477380952381049,676.0)
(11.478571428571524,676.0)
(11.479761904762,675.0)
(11.480952380952477,675.0)
(11.482142857142954,675.0)
(11.483333333333428,674.0)
(11.484523809523905,674.0)
(11.485714285714382,674.0)
(11.486904761904858,674.0)
(11.488095238095333,673.0)
(11.48928571428581,673.0)
(11.490476190476286,672.0)
(11.491666666666763,673.0)
(11.492857142857238,674.0)
(11.494047619047715,673.0)
(11.495238095238191,673.0)
(11.496428571428668,673.0)
(11.497619047619143,674.0)
(11.49880952380962,673.0)
(11.500000000000096,673.0)
(11.500000000000096,673.0)
(11.501388888888984,674.0)
(11.502777777777874,674.0)
(11.504166666666762,673.0)
(11.505555555555652,673.0)
(11.50694444444454,674.0)
(11.508333333333429,673.0)
(11.509722222222319,673.0)
(11.511111111111207,673.0)
(11.512500000000095,674.0)
(11.513888888888985,674.0)
(11.515277777777873,673.0)
(11.516666666666763,674.0)
(11.518055555555652,673.0)
(11.51944444444454,673.0)
(11.52083333333343,672.0)
(11.522222222222318,673.0)
(11.523611111111208,673.0)
(11.525000000000096,673.0)
(11.525000000000096,674.0)
(11.526785714285811,673.0)
(11.528571428571524,673.0)
(11.53035714285724,673.0)
(11.532142857142954,673.0)
(11.533928571428667,673.0)
(11.535714285714382,673.0)
(11.537500000000097,674.0)
(11.53928571428581,673.0)
(11.541071428571525,673.0)
(11.542857142857239,673.0)
(11.544642857142954,674.0)
(11.546428571428669,673.0)
(11.548214285714382,673.0)
(11.550000000000097,673.0)
(11.550000000000097,674.0)
(11.551315789473781,672.0)
(11.552631578947466,673.0)
(11.553947368421149,674.0)
(11.555263157894833,674.0)
(11.556578947368518,674.0)
(11.557894736842202,673.0)
(11.559210526315887,673.0)
(11.56052631578957,673.0)
(11.561842105263255,673.0)
(11.56315789473694,673.0)
(11.564473684210624,673.0)
(11.565789473684307,673.0)
(11.567105263157991,673.0)
(11.568421052631676,672.0)
(11.56973684210536,673.0)
(11.571052631579045,674.0)
(11.572368421052728,673.0)
(11.573684210526412,673.0)
(11.575000000000097,674.0)
(11.575000000000097,673.0)
(11.576666666666764,673.0)
(11.57833333333343,673.0)
(11.580000000000098,673.0)
(11.581666666666763,673.0)
(11.58333333333343,673.0)
(11.585000000000097,673.0)
(11.586666666666764,673.0)
(11.58833333333343,673.0)
(11.590000000000098,673.0)
(11.591666666666764,672.0)
(11.593333333333431,672.0)
(11.595000000000097,673.0)
(11.596666666666763,673.0)
(11.59833333333343,672.0)
(11.600000000000097,672.0)
(11.600000000000097,673.0)
(11.601388888888986,673.0)
(11.602777777777876,673.0)
(11.604166666666764,673.0)
(11.605555555555654,673.0)
(11.606944444444542,673.0)
(11.60833333333343,673.0)
(11.60972222222232,673.0)
(11.611111111111208,673.0)
(11.612500000000097,673.0)
(11.613888888888987,672.0)
(11.615277777777875,673.0)
(11.616666666666765,673.0)
(11.618055555555653,673.0)
(11.619444444444541,673.0)
(11.620833333333431,673.0)
(11.62222222222232,673.0)
(11.62361111111121,673.0)
(11.625000000000098,672.0)
(11.625000000000098,673.0)
(11.630000000000098,673.0)
(11.635000000000097,672.0)
(11.640000000000098,674.0)
(11.645000000000097,672.0)
(11.650000000000098,673.0)
(11.650000000000098,673.0)
(11.652272727272825,673.0)
(11.654545454545552,673.0)
(11.65681818181828,673.0)
(11.659090909091008,672.0)
(11.661363636363735,673.0)
(11.663636363636462,673.0)
(11.665909090909189,674.0)
(11.668181818181916,672.0)
(11.670454545454644,673.0)
(11.672727272727371,673.0)
(11.675000000000098,673.0)
(11.675000000000098,672.0)
(11.676562500000099,673.0)
(11.6781250000001,673.0)
(11.679687500000098,672.0)
(11.681250000000098,673.0)
(11.682812500000098,673.0)
(11.684375000000099,672.0)
(11.6859375000001,673.0)
(11.6875000000001,672.0)
(11.689062500000098,673.0)
(11.690625000000098,673.0)
(11.692187500000099,673.0)
(11.6937500000001,673.0)
(11.6953125000001,673.0)
(11.696875000000098,672.0)
(11.698437500000098,673.0)
(11.700000000000099,673.0)
(11.700000000000099,673.0)
(11.7015625000001,673.0)
(11.7031250000001,673.0)
(11.704687500000098,672.0)
(11.706250000000098,673.0)
(11.707812500000099,672.0)
(11.7093750000001,673.0)
(11.7109375000001,673.0)
(11.712500000000098,673.0)
(11.714062500000098,672.0)
(11.715625000000099,673.0)
(11.7171875000001,673.0)
(11.7187500000001,673.0)
(11.7203125000001,673.0)
(11.721875000000098,673.0)
(11.723437500000099,672.0)
(11.7250000000001,673.0)
(11.7250000000001,672.0)
(11.7265625000001,672.0)
(11.7281250000001,673.0)
(11.729687500000098,673.0)
(11.731250000000099,672.0)
(11.7328125000001,672.0)
(11.7343750000001,673.0)
(11.7359375000001,672.0)
(11.7375000000001,673.0)
(11.739062500000099,672.0)
(11.7406250000001,673.0)
(11.7421875000001,672.0)
(11.7437500000001,673.0)
(11.7453125000001,672.0)
(11.746875000000099,672.0)
(11.7484375000001,674.0)
(11.7500000000001,673.0)
(11.7500000000001,673.0)
(11.751785714285814,673.0)
(11.753571428571528,673.0)
(11.755357142857243,673.0)
(11.757142857142957,672.0)
(11.75892857142867,673.0)
(11.760714285714386,673.0)
(11.762500000000099,672.0)
(11.764285714285814,672.0)
(11.766071428571529,673.0)
(11.767857142857242,673.0)
(11.769642857142957,673.0)
(11.771428571428672,673.0)
(11.773214285714385,674.0)
(11.7750000000001,673.0)
(11.7750000000001,673.0)
(11.775961538461639,673.0)
(11.776923076923177,673.0)
(11.777884615384716,673.0)
(11.778846153846255,673.0)
(11.779807692307791,672.0)
(11.78076923076933,673.0)
(11.781730769230869,673.0)
(11.782692307692407,673.0)
(11.783653846153946,672.0)
(11.784615384615485,672.0)
(11.785576923077024,673.0)
(11.786538461538562,672.0)
(11.787500000000101,673.0)
(11.788461538461638,673.0)
(11.789423076923176,673.0)
(11.790384615384715,673.0)
(11.791346153846254,673.0)
(11.792307692307793,673.0)
(11.793269230769331,672.0)
(11.79423076923087,673.0)
(11.795192307692409,673.0)
(11.796153846153945,673.0)
(11.797115384615484,673.0)
(11.798076923077023,672.0)
(11.799038461538562,673.0)
(11.8000000000001,673.0)
(11.8000000000001,673.0)
(11.801666666666767,673.0)
(11.803333333333434,672.0)
(11.805000000000101,673.0)
(11.806666666666766,674.0)
(11.808333333333433,673.0)
(11.8100000000001,673.0)
(11.811666666666767,673.0)
(11.813333333333434,673.0)
(11.8150000000001,672.0)
(11.816666666666768,672.0)
(11.818333333333435,672.0)
(11.8200000000001,673.0)
(11.821666666666767,673.0)
(11.823333333333434,673.0)
(11.8250000000001,672.0)
(11.8250000000001,673.0)
(11.826562500000101,673.0)
(11.828125000000101,672.0)
(11.8296875000001,673.0)
(11.8312500000001,672.0)
(11.8328125000001,673.0)
(11.834375000000101,672.0)
(11.835937500000101,672.0)
(11.837500000000102,672.0)
(11.8390625000001,673.0)
(11.8406250000001,673.0)
(11.842187500000101,673.0)
(11.843750000000101,673.0)
(11.845312500000102,673.0)
(11.8468750000001,673.0)
(11.8484375000001,672.0)
(11.850000000000101,673.0)
(11.850000000000101,673.0)
(11.851666666666768,673.0)
(11.853333333333435,672.0)
(11.855000000000102,672.0)
(11.856666666666767,673.0)
(11.858333333333434,673.0)
(11.8600000000001,673.0)
(11.861666666666768,672.0)
(11.863333333333435,673.0)
(11.865000000000101,673.0)
(11.866666666666768,672.0)
(11.868333333333435,673.0)
(11.8700000000001,673.0)
(11.871666666666767,673.0)
(11.873333333333434,673.0)
(11.875000000000101,672.0)
(11.875000000000101,673.0)
(11.876190476190578,672.0)
(11.877380952381055,672.0)
(11.87857142857153,672.0)
(11.879761904762006,673.0)
(11.880952380952483,673.0)
(11.88214285714296,674.0)
(11.883333333333434,673.0)
(11.88452380952391,673.0)
(11.885714285714387,673.0)
(11.886904761904864,673.0)
(11.888095238095339,673.0)
(11.889285714285815,672.0)
(11.890476190476292,672.0)
(11.891666666666769,672.0)
(11.892857142857244,673.0)
(11.89404761904772,674.0)
(11.895238095238197,673.0)
(11.896428571428673,673.0)
(11.897619047619148,672.0)
(11.898809523809625,674.0)
(11.900000000000102,673.0)
(11.900000000000102,673.0)
(11.901562500000102,673.0)
(11.903125000000102,673.0)
(11.904687500000101,673.0)
(11.906250000000101,673.0)
(11.907812500000102,673.0)
(11.909375000000102,672.0)
(11.910937500000102,673.0)
(11.912500000000101,673.0)
(11.914062500000101,672.0)
(11.915625000000102,673.0)
(11.917187500000102,673.0)
(11.918750000000102,672.0)
(11.920312500000103,673.0)
(11.921875000000101,674.0)
(11.923437500000102,672.0)
(11.925000000000102,673.0)
(11.925000000000102,673.0)
(11.926785714285817,673.0)
(11.92857142857153,673.0)
(11.930357142857245,673.0)
(11.93214285714296,673.0)
(11.933928571428673,672.0)
(11.935714285714388,672.0)
(11.937500000000103,673.0)
(11.939285714285816,673.0)
(11.941071428571531,672.0)
(11.942857142857244,674.0)
(11.94464285714296,673.0)
(11.946428571428674,672.0)
(11.948214285714387,673.0)
(11.950000000000102,673.0)
(11.950000000000102,673.0)
(11.95138888888899,673.0)
(11.95277777777788,672.0)
(11.954166666666769,673.0)
(11.955555555555659,673.0)
(11.956944444444547,673.0)
(11.958333333333435,671.0)
(11.959722222222325,672.0)
(11.961111111111213,673.0)
(11.962500000000102,673.0)
(11.963888888888992,673.0)
(11.96527777777788,672.0)
(11.96666666666677,673.0)
(11.968055555555658,673.0)
(11.969444444444546,672.0)
(11.970833333333436,672.0)
(11.972222222222324,673.0)
(11.973611111111214,673.0)
(11.975000000000103,672.0)
(11.975000000000103,672.0)
(11.976388888888991,672.0)
(11.97777777777788,673.0)
(11.979166666666769,673.0)
(11.980555555555659,672.0)
(11.981944444444547,672.0)
(11.983333333333436,673.0)
(11.984722222222326,672.0)
(11.986111111111214,672.0)
(11.987500000000104,672.0)
(11.988888888888992,673.0)
(11.99027777777788,672.0)
(11.99166666666677,672.0)
(11.993055555555658,673.0)
(11.994444444444547,672.0)
(11.995833333333437,672.0)
(11.997222222222325,673.0)
(11.998611111111215,672.0)
(12.000000000000103,672.0)
(12.000000000000103,673.0)
(12.001562500000103,673.0)
(12.003125000000104,673.0)
(12.004687500000102,672.0)
(12.006250000000103,672.0)
(12.007812500000103,672.0)
(12.009375000000103,672.0)
(12.010937500000104,672.0)
(12.012500000000102,673.0)
(12.014062500000103,672.0)
(12.015625000000103,673.0)
(12.017187500000103,672.0)
(12.018750000000104,672.0)
(12.020312500000104,672.0)
(12.021875000000103,673.0)
(12.023437500000103,673.0)
(12.025000000000103,673.0)
(12.025000000000103,673.0)
(12.026315789473788,673.0)
(12.027631578947473,672.0)
(12.028947368421155,673.0)
(12.03026315789484,673.0)
(12.031578947368525,672.0)
(12.03289473684221,673.0)
(12.034210526315894,672.0)
(12.035526315789577,673.0)
(12.036842105263261,673.0)
(12.038157894736946,673.0)
(12.03947368421063,673.0)
(12.040789473684313,673.0)
(12.042105263157998,673.0)
(12.043421052631682,673.0)
(12.044736842105367,673.0)
(12.046052631579052,673.0)
(12.047368421052735,672.0)
(12.04868421052642,674.0)
(12.050000000000104,673.0)
(12.050000000000104,673.0)
(12.05166666666677,673.0)
(12.053333333333438,673.0)
(12.055000000000105,672.0)
(12.05666666666677,673.0)
(12.058333333333437,673.0)
(12.060000000000104,673.0)
(12.06166666666677,673.0)
(12.063333333333437,673.0)
(12.065000000000104,673.0)
(12.066666666666771,673.0)
(12.068333333333438,673.0)
(12.070000000000103,673.0)
(12.07166666666677,673.0)
(12.073333333333437,672.0)
(12.075000000000104,672.0)
(12.075000000000104,672.0)
(12.076785714285819,673.0)
(12.078571428571532,673.0)
(12.080357142857247,673.0)
(12.082142857142962,672.0)
(12.083928571428675,673.0)
(12.08571428571439,673.0)
(12.087500000000105,673.0)
(12.089285714285818,673.0)
(12.091071428571533,673.0)
(12.092857142857246,672.0)
(12.094642857142961,673.0)
(12.096428571428676,673.0)
(12.09821428571439,672.0)
(12.100000000000104,673.0)
(12.100000000000104,673.0)
(12.10178571428582,673.0)
(12.103571428571533,672.0)
(12.105357142857248,673.0)
(12.107142857142962,674.0)
(12.108928571428676,673.0)
(12.11071428571439,672.0)
(12.112500000000104,672.0)
(12.114285714285819,672.0)
(12.116071428571534,673.0)
(12.117857142857247,673.0)
(12.119642857142962,672.0)
(12.121428571428677,673.0)
(12.12321428571439,673.0)
(12.125000000000105,672.0)
(12.125000000000105,672.0)
(12.126666666666772,672.0)
(12.128333333333439,672.0)
(12.130000000000106,673.0)
(12.13166666666677,673.0)
(12.133333333333438,672.0)
(12.135000000000105,673.0)
(12.136666666666772,672.0)
(12.138333333333438,673.0)
(12.140000000000105,672.0)
(12.141666666666772,673.0)
(12.14333333333344,672.0)
(12.145000000000104,673.0)
(12.146666666666771,672.0)
(12.148333333333438,673.0)
(12.150000000000105,672.0)
(12.150000000000105,673.0)
(12.1514705882354,673.0)
(12.152941176470694,672.0)
(12.154411764705987,674.0)
(12.155882352941282,673.0)
(12.157352941176576,672.0)
(12.15882352941187,673.0)
(12.160294117647164,673.0)
(12.161764705882458,673.0)
(12.163235294117753,673.0)
(12.164705882353047,673.0)
(12.16617647058834,673.0)
(12.167647058823635,674.0)
(12.169117647058929,674.0)
(12.170588235294224,674.0)
(12.172058823529516,673.0)
(12.173529411764811,674.0)
(12.175000000000106,674.0)
(12.175000000000106,675.0)
(12.176388888888994,675.0)
(12.177777777777884,675.0)
(12.179166666666772,674.0)
(12.180555555555662,675.0)
(12.18194444444455,675.0)
(12.183333333333438,675.0)
(12.184722222222328,675.0)
(12.186111111111217,675.0)
(12.187500000000107,676.0)
(12.188888888888995,676.0)
(12.190277777777883,676.0)
(12.191666666666773,676.0)
(12.193055555555661,676.0)
(12.19444444444455,676.0)
(12.19583333333344,676.0)
(12.197222222222328,677.0)
(12.198611111111218,677.0)
(12.200000000000106,677.0)
(12.200000000000106,679.0)
(12.201250000000107,678.0)
(12.202500000000105,680.0)
(12.203750000000106,679.0)
(12.205000000000107,677.0)
(12.206250000000106,678.0)
(12.207500000000106,680.0)
(12.208750000000107,680.0)
(12.210000000000106,680.0)
(12.211250000000106,679.0)
(12.212500000000105,680.0)
(12.213750000000106,680.0)
(12.215000000000106,680.0)
(12.216250000000105,680.0)
(12.217500000000106,680.0)
(12.218750000000107,680.0)
(12.220000000000105,680.0)
(12.221250000000106,680.0)
(12.222500000000107,680.0)
(12.223750000000106,680.0)
(12.225000000000106,680.0)
(12.225000000000106,679.0)
(12.250000000000107,679.0)
(12.250000000000107,680.0)
(12.275000000000107,679.0)
(12.275000000000107,680.0)
(12.27708333333344,680.0)
(12.279166666666773,679.0)
(12.281250000000107,680.0)
(12.28333333333344,680.0)
(12.285416666666773,680.0)
(12.287500000000108,679.0)
(12.289583333333441,680.0)
(12.291666666666774,680.0)
(12.293750000000108,679.0)
(12.29583333333344,680.0)
(12.297916666666774,680.0)
(12.300000000000107,680.0)
(12.300000000000107,680.0)
(12.301315789473792,680.0)
(12.302631578947476,680.0)
(12.30394736842116,679.0)
(12.305263157894844,680.0)
(12.306578947368529,680.0)
(12.307894736842213,680.0)
(12.309210526315898,680.0)
(12.31052631578958,680.0)
(12.311842105263265,679.0)
(12.31315789473695,680.0)
(12.314473684210634,680.0)
(12.315789473684317,679.0)
(12.317105263158002,680.0)
(12.318421052631686,680.0)
(12.319736842105371,680.0)
(12.321052631579056,680.0)
(12.322368421052738,680.0)
(12.323684210526423,680.0)
(12.325000000000108,680.0)
(12.325000000000108,680.0)
(12.326388888888996,680.0)
(12.327777777777886,680.0)
(12.329166666666774,680.0)
(12.330555555555664,680.0)
(12.331944444444552,680.0)
(12.33333333333344,680.0)
(12.33472222222233,680.0)
(12.336111111111219,680.0)
(12.337500000000109,680.0)
(12.338888888888997,680.0)
(12.340277777777885,680.0)
(12.341666666666775,680.0)
(12.343055555555663,680.0)
(12.344444444444552,680.0)
(12.345833333333442,680.0)
(12.34722222222233,680.0)
(12.34861111111122,681.0)
(12.350000000000108,680.0)
(12.350000000000108,680.0)
(12.351136363636472,680.0)
(12.352272727272835,681.0)
(12.3534090909092,680.0)
(12.354545454545562,680.0)
(12.355681818181926,680.0)
(12.35681818181829,680.0)
(12.357954545454653,680.0)
(12.359090909091018,680.0)
(12.36022727272738,680.0)
(12.361363636363745,680.0)
(12.362500000000107,680.0)
(12.363636363636472,680.0)
(12.364772727272836,680.0)
(12.365909090909199,680.0)
(12.367045454545563,680.0)
(12.368181818181926,680.0)
(12.36931818181829,680.0)
(12.370454545454654,680.0)
(12.371590909091017,681.0)
(12.372727272727381,680.0)
(12.373863636363744,680.0)
(12.375000000000108,680.0)
(12.375000000000108,680.0)
(12.383333333333441,681.0)
(12.391666666666776,680.0)
(12.400000000000109,680.0)
(12.400000000000109,680.0)
(12.402500000000108,680.0)
(12.40500000000011,680.0)
(12.407500000000109,680.0)
(12.410000000000108,680.0)
(12.412500000000108,680.0)
(12.41500000000011,680.0)
(12.417500000000109,680.0)
(12.420000000000108,680.0)
(12.42250000000011,680.0)
(12.425000000000109,680.0)
(12.425000000000109,680.0)
(12.426190476190586,679.0)
(12.427380952381062,680.0)
(12.428571428571537,680.0)
(12.429761904762014,680.0)
(12.43095238095249,680.0)
(12.432142857142967,680.0)
(12.433333333333442,680.0)
(12.434523809523919,680.0)
(12.435714285714395,680.0)
(12.436904761904872,680.0)
(12.438095238095347,680.0)
(12.439285714285823,680.0)
(12.4404761904763,680.0)
(12.441666666666777,680.0)
(12.442857142857251,680.0)
(12.444047619047728,680.0)
(12.445238095238205,680.0)
(12.446428571428681,680.0)
(12.447619047619156,680.0)
(12.448809523809633,680.0)
(12.45000000000011,680.0)
(12.45000000000011,680.0)
(12.451666666666776,680.0)
(12.453333333333443,680.0)
(12.45500000000011,680.0)
(12.456666666666775,680.0)
(12.458333333333442,680.0)
(12.46000000000011,680.0)
(12.461666666666776,681.0)
(12.463333333333443,680.0)
(12.46500000000011,680.0)
(12.466666666666777,680.0)
(12.468333333333444,680.0)
(12.470000000000109,680.0)
(12.471666666666776,680.0)
(12.473333333333443,680.0)
(12.47500000000011,680.0)
(12.47500000000011,680.0)
(12.476666666666777,680.0)
(12.478333333333444,680.0)
(12.48000000000011,680.0)
(12.481666666666776,680.0)
(12.483333333333443,680.0)
(12.48500000000011,680.0)
(12.486666666666776,680.0)
(12.488333333333443,680.0)
(12.49000000000011,680.0)
(12.491666666666777,680.0)
(12.493333333333444,680.0)
(12.49500000000011,680.0)
(12.496666666666776,680.0)
(12.498333333333443,680.0)
(12.50000000000011,680.0)
(12.50000000000011,680.0)
(12.501666666666777,680.0)
(12.503333333333444,680.0)
(12.505000000000111,680.0)
(12.506666666666776,680.0)
(12.508333333333443,680.0)
(12.51000000000011,680.0)
(12.511666666666777,680.0)
(12.513333333333444,680.0)
(12.51500000000011,680.0)
(12.516666666666778,680.0)
(12.518333333333445,680.0)
(12.52000000000011,680.0)
(12.521666666666777,680.0)
(12.523333333333444,680.0)
(12.52500000000011,680.0)
(12.52500000000011,680.0)
(12.526388888888999,680.0)
(12.527777777777889,680.0)
(12.529166666666777,680.0)
(12.530555555555667,680.0)
(12.531944444444555,680.0)
(12.533333333333443,680.0)
(12.534722222222333,680.0)
(12.536111111111222,680.0)
(12.537500000000112,680.0)
(12.538888888889,680.0)
(12.540277777777888,680.0)
(12.541666666666778,680.0)
(12.543055555555666,680.0)
(12.544444444444554,681.0)
(12.545833333333444,680.0)
(12.547222222222333,680.0)
(12.548611111111223,680.0)
(12.55000000000011,680.0)
(12.55000000000011,680.0)
(12.551785714285826,680.0)
(12.553571428571539,680.0)
(12.555357142857254,680.0)
(12.557142857142969,680.0)
(12.558928571428682,681.0)
(12.560714285714397,680.0)
(12.56250000000011,680.0)
(12.564285714285825,680.0)
(12.56607142857154,680.0)
(12.567857142857253,680.0)
(12.569642857142968,680.0)
(12.571428571428683,680.0)
(12.573214285714396,680.0)
(12.575000000000111,680.0)
(12.575000000000111,680.0)
(12.58125000000011,680.0)
(12.587500000000112,680.0)
(12.593750000000112,680.0)
(12.600000000000112,680.0)
(12.600000000000112,680.0)
(12.601666666666778,680.0)
(12.603333333333445,680.0)
(12.605000000000112,680.0)
(12.606666666666777,680.0)
(12.608333333333444,680.0)
(12.610000000000111,680.0)
(12.611666666666778,680.0)
(12.613333333333445,680.0)
(12.615000000000112,680.0)
(12.616666666666779,680.0)
(12.618333333333446,680.0)
(12.620000000000111,680.0)
(12.621666666666778,680.0)
(12.623333333333445,680.0)
(12.625000000000112,680.0)
(12.625000000000112,680.0)
(12.626562500000112,680.0)
(12.628125000000113,680.0)
(12.629687500000111,680.0)
(12.631250000000112,680.0)
(12.632812500000112,680.0)
(12.634375000000112,680.0)
(12.635937500000113,680.0)
(12.637500000000113,680.0)
(12.639062500000112,680.0)
(12.640625000000112,680.0)
(12.642187500000112,680.0)
(12.643750000000113,680.0)
(12.645312500000113,680.0)
(12.646875000000112,680.0)
(12.648437500000112,680.0)
(12.650000000000112,680.0)
(12.650000000000112,680.0)
(12.651562500000113,680.0)
(12.653125000000113,680.0)
(12.654687500000112,680.0)
(12.656250000000112,680.0)
(12.657812500000112,680.0)
(12.659375000000113,680.0)
(12.660937500000113,680.0)
(12.662500000000112,680.0)
(12.664062500000112,680.0)
(12.665625000000112,681.0)
(12.667187500000113,680.0)
(12.668750000000113,680.0)
(12.670312500000113,680.0)
(12.671875000000112,681.0)
(12.673437500000112,681.0)
(12.675000000000113,680.0)
(12.675000000000113,680.0)
(12.67666666666678,680.0)
(12.678333333333446,680.0)
(12.680000000000113,680.0)
(12.681666666666779,680.0)
(12.683333333333445,680.0)
(12.685000000000112,680.0)
(12.68666666666678,680.0)
(12.688333333333446,680.0)
(12.690000000000113,681.0)
(12.69166666666678,681.0)
(12.693333333333447,680.0)
(12.695000000000112,680.0)
(12.69666666666678,680.0)
(12.698333333333446,680.0)
(12.700000000000113,680.0)
(12.700000000000113,680.0)
(12.70166666666678,680.0)
(12.703333333333447,680.0)
(12.705000000000114,680.0)
(12.706666666666779,680.0)
(12.708333333333446,680.0)
(12.710000000000113,680.0)
(12.71166666666678,680.0)
(12.713333333333447,681.0)
(12.715000000000114,680.0)
(12.71666666666678,680.0)
(12.718333333333447,680.0)
(12.720000000000113,680.0)
(12.72166666666678,680.0)
(12.723333333333446,680.0)
(12.725000000000113,680.0)
(12.725000000000113,680.0)
(12.72666666666678,680.0)
(12.728333333333447,680.0)
(12.730000000000114,680.0)
(12.73166666666678,680.0)
(12.733333333333446,680.0)
(12.735000000000113,680.0)
(12.73666666666678,680.0)
(12.738333333333447,680.0)
(12.740000000000114,680.0)
(12.74166666666678,680.0)
(12.743333333333448,680.0)
(12.745000000000113,680.0)
(12.74666666666678,680.0)
(12.748333333333447,680.0)
(12.750000000000114,680.0)
(12.750000000000114,680.0)
(12.751315789473798,680.0)
(12.752631578947483,680.0)
(12.753947368421166,680.0)
(12.75526315789485,680.0)
(12.756578947368535,680.0)
(12.75789473684222,680.0)
(12.759210526315904,680.0)
(12.760526315789587,680.0)
(12.761842105263272,680.0)
(12.763157894736956,680.0)
(12.76447368421064,680.0)
(12.765789473684324,680.0)
(12.767105263158008,680.0)
(12.768421052631693,680.0)
(12.769736842105377,680.0)
(12.771052631579062,680.0)
(12.772368421052745,680.0)
(12.77368421052643,680.0)
(12.775000000000114,680.0)
(12.775000000000114,680.0)
(12.776562500000114,680.0)
(12.778125000000115,680.0)
(12.779687500000113,680.0)
(12.781250000000114,680.0)
(12.782812500000114,680.0)
(12.784375000000114,680.0)
(12.785937500000115,680.0)
(12.787500000000115,680.0)
(12.789062500000114,680.0)
(12.790625000000114,680.0)
(12.792187500000114,680.0)
(12.793750000000115,680.0)
(12.795312500000115,680.0)
(12.796875000000114,680.0)
(12.798437500000114,680.0)
(12.800000000000114,680.0)
(12.800000000000114,680.0)
(12.801388888889003,680.0)
(12.802777777777893,680.0)
(12.80416666666678,680.0)
(12.80555555555567,680.0)
(12.806944444444559,680.0)
(12.808333333333447,681.0)
(12.809722222222337,680.0)
(12.811111111111225,680.0)
(12.812500000000114,680.0)
(12.813888888889004,680.0)
(12.815277777777892,680.0)
(12.816666666666782,680.0)
(12.81805555555567,680.0)
(12.819444444444558,680.0)
(12.820833333333448,680.0)
(12.822222222222337,680.0)
(12.823611111111227,680.0)
(12.825000000000115,680.0)
(12.825000000000115,680.0)
(12.82678571428583,680.0)
(12.828571428571543,680.0)
(12.830357142857258,680.0)
(12.832142857142973,680.0)
(12.833928571428686,680.0)
(12.8357142857144,680.0)
(12.837500000000116,680.0)
(12.839285714285829,680.0)
(12.841071428571544,680.0)
(12.842857142857257,680.0)
(12.844642857142972,680.0)
(12.846428571428687,680.0)
(12.8482142857144,680.0)
(12.850000000000115,680.0)
(12.850000000000115,680.0)
(12.8513157894738,680.0)
(12.852631578947484,680.0)
(12.853947368421167,680.0)
(12.855263157894852,680.0)
(12.856578947368536,680.0)
(12.857894736842221,680.0)
(12.859210526315906,680.0)
(12.860526315789588,680.0)
(12.861842105263273,680.0)
(12.863157894736958,680.0)
(12.864473684210642,680.0)
(12.865789473684325,680.0)
(12.86710526315801,680.0)
(12.868421052631694,680.0)
(12.869736842105379,680.0)
(12.871052631579063,680.0)
(12.872368421052746,680.0)
(12.87368421052643,680.0)
(12.875000000000115,680.0)
(12.875000000000115,680.0)
(12.876562500000116,680.0)
(12.878125000000116,680.0)
(12.879687500000115,680.0)
(12.881250000000115,680.0)
(12.882812500000115,680.0)
(12.884375000000116,680.0)
(12.885937500000116,680.0)
(12.887500000000117,680.0)
(12.889062500000115,680.0)
(12.890625000000115,680.0)
(12.892187500000116,680.0)
(12.893750000000116,680.0)
(12.895312500000117,680.0)
(12.896875000000115,680.0)
(12.898437500000115,680.0)
(12.900000000000116,680.0)
(12.900000000000116,680.0)
(12.90113636363648,680.0)
(12.902272727272843,680.0)
(12.903409090909207,680.0)
(12.90454545454557,680.0)
(12.905681818181934,680.0)
(12.906818181818299,680.0)
(12.907954545454661,680.0)
(12.909090909091026,680.0)
(12.910227272727388,680.0)
(12.911363636363753,680.0)
(12.912500000000115,680.0)
(12.91363636363648,680.0)
(12.914772727272844,680.0)
(12.915909090909206,680.0)
(12.91704545454557,680.0)
(12.918181818181933,680.0)
(12.919318181818298,680.0)
(12.920454545454662,680.0)
(12.921590909091025,680.0)
(12.92272727272739,680.0)
(12.923863636363752,680.0)
(12.925000000000116,680.0)
(12.925000000000116,680.0)
(12.926562500000117,680.0)
(12.928125000000117,680.0)
(12.929687500000115,680.0)
(12.931250000000116,680.0)
(12.932812500000116,680.0)
(12.934375000000117,680.0)
(12.935937500000117,680.0)
(12.937500000000117,680.0)
(12.939062500000116,680.0)
(12.940625000000116,680.0)
(12.942187500000117,680.0)
(12.943750000000117,680.0)
(12.945312500000117,680.0)
(12.946875000000116,680.0)
(12.948437500000116,680.0)
(12.950000000000117,680.0)
(12.950000000000117,680.0)
(12.951315789473801,680.0)
(12.952631578947486,680.0)
(12.953947368421169,680.0)
(12.955263157894853,680.0)
(12.956578947368538,680.0)
(12.957894736842222,680.0)
(12.959210526315907,680.0)
(12.96052631578959,680.0)
(12.961842105263274,681.0)
(12.963157894736959,680.0)
(12.964473684210644,680.0)
(12.965789473684326,680.0)
(12.967105263158011,680.0)
(12.968421052631696,680.0)
(12.96973684210538,680.0)
(12.971052631579065,681.0)
(12.972368421052748,680.0)
(12.973684210526432,680.0)
(12.975000000000117,680.0)
(12.975000000000117,680.0)
(12.976785714285832,680.0)
(12.978571428571545,680.0)
(12.98035714285726,680.0)
(12.982142857142975,681.0)
(12.983928571428688,680.0)
(12.985714285714403,680.0)
(12.987500000000118,680.0)
(12.989285714285831,680.0)
(12.991071428571546,680.0)
(12.99285714285726,680.0)
(12.994642857142974,680.0)
(12.99642857142869,680.0)
(12.998214285714402,680.0)
(13.000000000000117,680.0)
(13.000000000000117,680.0)
(13.001562500000118,680.0)
(13.003125000000118,680.0)
(13.004687500000117,680.0)
(13.006250000000117,680.0)
(13.007812500000117,680.0)
(13.009375000000118,680.0)
(13.010937500000118,680.0)
(13.012500000000117,680.0)
(13.014062500000117,680.0)
(13.015625000000117,681.0)
(13.017187500000118,680.0)
(13.018750000000118,680.0)
(13.020312500000118,680.0)
(13.021875000000117,680.0)
(13.023437500000117,680.0)
(13.025000000000118,681.0)
(13.025000000000118,680.0)
(13.026388888889006,680.0)
(13.027777777777896,680.0)
(13.029166666666784,681.0)
(13.030555555555674,680.0)
(13.031944444444562,680.0)
(13.03333333333345,680.0)
(13.03472222222234,680.0)
(13.036111111111229,680.0)
(13.037500000000119,680.0)
(13.038888888889007,680.0)
(13.040277777777895,680.0)
(13.041666666666785,680.0)
(13.043055555555673,680.0)
(13.044444444444562,680.0)
(13.045833333333452,680.0)
(13.04722222222234,680.0)
(13.04861111111123,680.0)
(13.050000000000118,680.0)
(13.050000000000118,680.0)
(13.052083333333451,680.0)
(13.054166666666784,680.0)
(13.056250000000118,680.0)
(13.05833333333345,680.0)
(13.060416666666784,680.0)
(13.062500000000117,680.0)
(13.064583333333452,680.0)
(13.066666666666785,680.0)
(13.068750000000119,680.0)
(13.070833333333452,680.0)
(13.072916666666785,680.0)
(13.075000000000118,680.0)
(13.075000000000118,680.0)
(13.078125000000119,680.0)
(13.081250000000118,680.0)
(13.084375000000119,680.0)
(13.08750000000012,680.0)
(13.090625000000118,680.0)
(13.093750000000119,680.0)
(13.096875000000118,680.0)
(13.100000000000119,680.0)
(13.100000000000119,680.0)
(13.101388888889007,680.0)
(13.102777777777897,680.0)
(13.104166666666785,680.0)
(13.105555555555675,680.0)
(13.106944444444563,680.0)
(13.108333333333452,680.0)
(13.109722222222342,680.0)
(13.11111111111123,680.0)
(13.112500000000118,680.0)
(13.113888888889008,680.0)
(13.115277777777896,680.0)
(13.116666666666786,680.0)
(13.118055555555674,679.0)
(13.119444444444563,680.0)
(13.120833333333453,680.0)
(13.12222222222234,680.0)
(13.12361111111123,678.0)
(13.125000000000119,680.0)
(13.125000000000119,680.0)
(13.126388888889007,679.0)
(13.127777777777897,680.0)
(13.129166666666785,680.0)
(13.130555555555675,680.0)
(13.131944444444564,680.0)
(13.133333333333452,680.0)
(13.134722222222342,679.0)
(13.13611111111123,680.0)
(13.13750000000012,680.0)
(13.138888888889008,680.0)
(13.140277777777897,680.0)
(13.141666666666787,678.0)
(13.143055555555675,680.0)
(13.144444444444563,679.0)
(13.145833333333453,679.0)
(13.147222222222341,678.0)
(13.148611111111231,678.0)
(13.15000000000012,678.0)
(13.15000000000012,677.0)
(13.151388888889008,678.0)
(13.152777777777898,677.0)
(13.154166666666786,677.0)
(13.155555555555676,676.0)
(13.156944444444564,677.0)
(13.158333333333452,677.0)
(13.159722222222342,675.0)
(13.16111111111123,676.0)
(13.162500000000119,677.0)
(13.163888888889009,676.0)
(13.165277777777897,676.0)
(13.166666666666787,675.0)
(13.168055555555675,675.0)
(13.169444444444563,674.0)
(13.170833333333453,674.0)
(13.172222222222342,674.0)
(13.173611111111232,674.0)
(13.17500000000012,675.0)
(13.17500000000012,673.0)
(13.176470588235414,674.0)
(13.177941176470709,674.0)
(13.179411764706002,674.0)
(13.180882352941296,674.0)
(13.18235294117659,673.0)
(13.183823529411885,673.0)
(13.185294117647178,673.0)
(13.186764705882473,674.0)
(13.188235294117767,674.0)
(13.189705882353062,673.0)
(13.191176470588355,674.0)
(13.192647058823649,674.0)
(13.194117647058944,674.0)
(13.195588235294238,673.0)
(13.197058823529531,673.0)
(13.198529411764826,673.0)
(13.20000000000012,674.0)
(13.20000000000012,673.0)
(13.203571428571548,674.0)
(13.207142857142978,673.0)
(13.210714285714406,674.0)
(13.214285714285834,675.0)
(13.217857142857262,672.0)
(13.221428571428692,673.0)
(13.22500000000012,672.0)
(13.22500000000012,673.0)
(13.237500000000122,673.0)
(13.25000000000012,674.0)
(13.25000000000012,673.0)
(13.254166666666787,674.0)
(13.258333333333454,674.0)
(13.26250000000012,674.0)
(13.266666666666788,674.0)
(13.270833333333455,674.0)
(13.275000000000121,673.0)
(13.275000000000121,673.0)
(13.276315789473806,673.0)
(13.27763157894749,673.0)
(13.278947368421173,673.0)
(13.280263157894858,673.0)
(13.281578947368542,674.0)
(13.282894736842227,673.0)
(13.284210526315912,673.0)
(13.285526315789594,673.0)
(13.286842105263279,673.0)
(13.288157894736964,672.0)
(13.289473684210648,673.0)
(13.290789473684331,673.0)
(13.292105263158016,674.0)
(13.2934210526317,673.0)
(13.294736842105385,673.0)
(13.29605263157907,674.0)
(13.297368421052752,674.0)
(13.298684210526437,674.0)
(13.300000000000122,673.0)
(13.300000000000122,673.0)
(13.3027777777779,673.0)
(13.305555555555678,673.0)
(13.308333333333454,673.0)
(13.311111111111233,673.0)
(13.31388888888901,673.0)
(13.316666666666789,673.0)
(13.319444444444565,673.0)
(13.322222222222344,674.0)
(13.325000000000122,673.0)
(13.325000000000122,674.0)
(13.326666666666789,673.0)
(13.328333333333456,673.0)
(13.330000000000123,673.0)
(13.331666666666788,673.0)
(13.333333333333455,673.0)
(13.335000000000122,672.0)
(13.336666666666789,674.0)
(13.338333333333455,673.0)
(13.340000000000122,673.0)
(13.34166666666679,674.0)
(13.343333333333456,673.0)
(13.345000000000121,673.0)
(13.346666666666788,673.0)
(13.348333333333455,675.0)
(13.350000000000122,672.0)
(13.350000000000122,672.0)
(13.350892857142979,673.0)
(13.351785714285837,672.0)
(13.352678571428694,673.0)
(13.35357142857155,673.0)
(13.354464285714409,673.0)
(13.355357142857265,673.0)
(13.356250000000122,673.0)
(13.35714285714298,673.0)
(13.358035714285837,673.0)
(13.358928571428693,673.0)
(13.359821428571552,673.0)
(13.360714285714408,673.0)
(13.361607142857265,673.0)
(13.362500000000122,673.0)
(13.36339285714298,674.0)
(13.364285714285836,674.0)
(13.365178571428693,673.0)
(13.366071428571551,672.0)
(13.366964285714408,673.0)
(13.367857142857265,673.0)
(13.368750000000123,673.0)
(13.36964285714298,673.0)
(13.370535714285836,673.0)
(13.371428571428694,673.0)
(13.372321428571551,673.0)
(13.373214285714408,672.0)
(13.374107142857266,672.0)
(13.375000000000123,673.0)
(13.375000000000123,673.0)
(13.3761904761906,672.0)
(13.377380952381076,673.0)
(13.37857142857155,673.0)
(13.379761904762027,672.0)
(13.380952380952504,673.0)
(13.38214285714298,672.0)
(13.383333333333455,673.0)
(13.384523809523932,673.0)
(13.385714285714409,673.0)
(13.386904761904885,673.0)
(13.38809523809536,673.0)
(13.389285714285837,673.0)
(13.390476190476313,673.0)
(13.39166666666679,673.0)
(13.392857142857265,673.0)
(13.394047619047742,673.0)
(13.395238095238218,673.0)
(13.396428571428695,672.0)
(13.39761904761917,673.0)
(13.398809523809646,673.0)
(13.400000000000123,672.0)
(13.400000000000123,673.0)
(13.401785714285838,673.0)
(13.403571428571551,673.0)
(13.405357142857266,673.0)
(13.407142857142981,672.0)
(13.408928571428694,673.0)
(13.410714285714409,673.0)
(13.412500000000122,673.0)
(13.414285714285837,673.0)
(13.416071428571552,673.0)
(13.417857142857265,672.0)
(13.41964285714298,673.0)
(13.421428571428695,673.0)
(13.423214285714408,673.0)
(13.425000000000123,672.0)
(13.425000000000123,673.0)
(13.426785714285838,672.0)
(13.428571428571551,672.0)
(13.430357142857266,673.0)
(13.432142857142981,673.0)
(13.433928571428694,673.0)
(13.43571428571441,674.0)
(13.437500000000124,673.0)
(13.439285714285838,673.0)
(13.441071428571552,673.0)
(13.442857142857266,673.0)
(13.44464285714298,673.0)
(13.446428571428696,673.0)
(13.448214285714409,673.0)
(13.450000000000124,673.0)
(13.450000000000124,673.0)
(13.451785714285839,673.0)
(13.453571428571552,672.0)
(13.455357142857267,672.0)
(13.457142857142982,673.0)
(13.458928571428695,672.0)
(13.46071428571441,673.0)
(13.462500000000123,673.0)
(13.464285714285838,673.0)
(13.466071428571553,673.0)
(13.467857142857266,674.0)
(13.469642857142981,673.0)
(13.471428571428696,673.0)
(13.473214285714409,673.0)
(13.475000000000124,672.0)
(13.475000000000124,672.0)
(13.476666666666791,673.0)
(13.478333333333458,672.0)
(13.480000000000125,673.0)
(13.48166666666679,672.0)
(13.483333333333457,673.0)
(13.485000000000124,673.0)
(13.48666666666679,673.0)
(13.488333333333458,673.0)
(13.490000000000125,674.0)
(13.491666666666791,674.0)
(13.493333333333458,672.0)
(13.495000000000124,673.0)
(13.49666666666679,673.0)
(13.498333333333457,672.0)
(13.500000000000124,673.0)
(13.500000000000124,672.0)
(13.50178571428584,673.0)
(13.503571428571552,672.0)
(13.505357142857267,675.0)
(13.507142857142982,674.0)
(13.508928571428696,673.0)
(13.51071428571441,673.0)
(13.512500000000124,673.0)
(13.514285714285839,673.0)
(13.516071428571554,673.0)
(13.517857142857267,673.0)
(13.519642857142982,673.0)
(13.521428571428697,673.0)
(13.52321428571441,673.0)
(13.525000000000125,673.0)
(13.525000000000125,673.0)
(13.526388888889013,673.0)
(13.527777777777903,672.0)
(13.529166666666791,673.0)
(13.530555555555681,672.0)
(13.53194444444457,673.0)
(13.533333333333458,673.0)
(13.534722222222348,672.0)
(13.536111111111236,672.0)
(13.537500000000126,673.0)
(13.538888888889014,673.0)
(13.540277777777902,672.0)
(13.541666666666792,672.0)
(13.54305555555568,673.0)
(13.544444444444569,674.0)
(13.545833333333459,672.0)
(13.547222222222347,673.0)
(13.548611111111237,673.0)
(13.550000000000125,673.0)
(13.550000000000125,673.0)
(13.55178571428584,673.0)
(13.553571428571553,673.0)
(13.555357142857268,673.0)
(13.557142857142983,673.0)
(13.558928571428696,673.0)
(13.560714285714411,673.0)
(13.562500000000124,674.0)
(13.56428571428584,673.0)
(13.566071428571554,672.0)
(13.567857142857267,673.0)
(13.569642857142982,673.0)
(13.571428571428697,672.0)
(13.57321428571441,672.0)
(13.575000000000125,673.0)
(13.575000000000125,672.0)
(13.576388888889014,673.0)
(13.577777777777904,673.0)
(13.579166666666792,673.0)
(13.580555555555682,673.0)
(13.58194444444457,672.0)
(13.583333333333458,672.0)
(13.584722222222348,673.0)
(13.586111111111236,672.0)
(13.587500000000126,673.0)
(13.588888888889015,673.0)
(13.590277777777903,673.0)
(13.591666666666793,673.0)
(13.593055555555681,672.0)
(13.59444444444457,673.0)
(13.59583333333346,673.0)
(13.597222222222348,672.0)
(13.598611111111238,672.0)
(13.600000000000126,673.0)
(13.600000000000126,673.0)
(13.601666666666793,673.0)
(13.60333333333346,672.0)
(13.605000000000127,673.0)
(13.606666666666792,673.0)
(13.608333333333459,673.0)
(13.610000000000126,673.0)
(13.611666666666792,673.0)
(13.61333333333346,671.0)
(13.615000000000126,673.0)
(13.616666666666793,673.0)
(13.61833333333346,673.0)
(13.620000000000125,673.0)
(13.621666666666792,672.0)
(13.62333333333346,674.0)
(13.625000000000126,673.0)
(13.625000000000126,673.0)
(13.626562500000126,673.0)
(13.628125000000127,673.0)
(13.629687500000125,673.0)
(13.631250000000126,674.0)
(13.632812500000126,674.0)
(13.634375000000126,673.0)
(13.635937500000127,673.0)
(13.637500000000127,673.0)
(13.639062500000126,673.0)
(13.640625000000126,672.0)
(13.642187500000126,673.0)
(13.643750000000127,673.0)
(13.645312500000127,672.0)
(13.646875000000126,672.0)
(13.648437500000126,672.0)
(13.650000000000126,673.0)
(13.650000000000126,673.0)
(13.651562500000127,673.0)
(13.653125000000127,673.0)
(13.654687500000126,673.0)
(13.656250000000126,673.0)
(13.657812500000126,673.0)
(13.659375000000127,673.0)
(13.660937500000127,673.0)
(13.662500000000126,673.0)
(13.664062500000126,672.0)
(13.665625000000126,672.0)
(13.667187500000127,672.0)
(13.668750000000127,672.0)
(13.670312500000128,672.0)
(13.671875000000126,673.0)
(13.673437500000126,673.0)
(13.675000000000127,673.0)
(13.675000000000127,672.0)
(13.676562500000127,673.0)
(13.678125000000128,673.0)
(13.679687500000126,673.0)
(13.681250000000126,672.0)
(13.682812500000127,672.0)
(13.684375000000127,672.0)
(13.685937500000128,673.0)
(13.687500000000128,673.0)
(13.689062500000126,673.0)
(13.690625000000127,673.0)
(13.692187500000127,673.0)
(13.693750000000128,672.0)
(13.695312500000128,673.0)
(13.696875000000126,673.0)
(13.698437500000127,673.0)
(13.700000000000127,673.0)
(13.700000000000127,673.0)
(13.701562500000128,672.0)
(13.703125000000128,672.0)
(13.704687500000126,673.0)
(13.706250000000127,672.0)
(13.707812500000127,673.0)
(13.709375000000128,673.0)
(13.710937500000128,673.0)
(13.712500000000126,672.0)
(13.714062500000127,672.0)
(13.715625000000127,673.0)
(13.717187500000128,672.0)
(13.718750000000128,672.0)
(13.720312500000128,673.0)
(13.721875000000127,673.0)
(13.723437500000127,672.0)
(13.725000000000128,673.0)
(13.725000000000128,672.0)
(13.726562500000128,672.0)
(13.728125000000128,672.0)
(13.729687500000127,673.0)
(13.731250000000127,672.0)
(13.732812500000128,673.0)
(13.734375000000128,672.0)
(13.735937500000128,673.0)
(13.737500000000129,672.0)
(13.739062500000127,673.0)
(13.740625000000128,673.0)
(13.742187500000128,672.0)
(13.743750000000128,673.0)
(13.745312500000129,673.0)
(13.746875000000127,672.0)
(13.748437500000128,672.0)
(13.750000000000128,673.0)
(13.750000000000128,673.0)
(13.751562500000128,673.0)
(13.753125000000129,673.0)
(13.754687500000127,674.0)
(13.756250000000128,672.0)
(13.757812500000128,672.0)
(13.759375000000128,672.0)
(13.760937500000129,672.0)
(13.762500000000127,672.0)
(13.764062500000128,673.0)
(13.765625000000128,673.0)
(13.767187500000128,673.0)
(13.768750000000129,673.0)
(13.770312500000129,672.0)
(13.771875000000128,673.0)
(13.773437500000128,673.0)
(13.775000000000128,674.0)
(13.775000000000128,673.0)
(13.776785714285843,672.0)
(13.778571428571556,673.0)
(13.780357142857271,672.0)
(13.782142857142986,672.0)
(13.7839285714287,672.0)
(13.785714285714414,672.0)
(13.78750000000013,673.0)
(13.789285714285842,673.0)
(13.791071428571557,673.0)
(13.79285714285727,673.0)
(13.794642857142986,673.0)
(13.7964285714287,672.0)
(13.798214285714414,672.0)
(13.800000000000129,672.0)
(13.800000000000129,673.0)
(13.801562500000129,673.0)
(13.80312500000013,673.0)
(13.804687500000128,672.0)
(13.806250000000128,672.0)
(13.807812500000129,673.0)
(13.809375000000129,673.0)
(13.81093750000013,673.0)
(13.812500000000128,673.0)
(13.814062500000128,672.0)
(13.815625000000129,672.0)
(13.817187500000129,672.0)
(13.81875000000013,672.0)
(13.82031250000013,672.0)
(13.821875000000128,673.0)
(13.823437500000129,673.0)
(13.825000000000129,672.0)
(13.825000000000129,673.0)
(13.826666666666796,674.0)
(13.828333333333463,673.0)
(13.83000000000013,673.0)
(13.831666666666795,673.0)
(13.833333333333462,672.0)
(13.835000000000129,673.0)
(13.836666666666796,672.0)
(13.838333333333463,673.0)
(13.84000000000013,673.0)
(13.841666666666796,672.0)
(13.843333333333463,672.0)
(13.845000000000129,673.0)
(13.846666666666795,672.0)
(13.848333333333462,672.0)
(13.85000000000013,673.0)
(13.85000000000013,672.0)
(13.851470588235424,672.0)
(13.852941176470718,673.0)
(13.854411764706011,673.0)
(13.855882352941306,673.0)
(13.8573529411766,673.0)
(13.858823529411895,672.0)
(13.860294117647188,672.0)
(13.861764705882482,672.0)
(13.863235294117777,673.0)
(13.864705882353071,672.0)
(13.866176470588364,673.0)
(13.867647058823659,671.0)
(13.869117647058953,672.0)
(13.870588235294248,672.0)
(13.87205882352954,672.0)
(13.873529411764835,672.0)
(13.87500000000013,672.0)
(13.87500000000013,672.0)
(13.87656250000013,673.0)
(13.87812500000013,673.0)
(13.879687500000129,673.0)
(13.88125000000013,672.0)
(13.88281250000013,674.0)
(13.88437500000013,672.0)
(13.88593750000013,673.0)
(13.88750000000013,673.0)
(13.88906250000013,672.0)
(13.89062500000013,672.0)
(13.89218750000013,673.0)
(13.89375000000013,673.0)
(13.89531250000013,673.0)
(13.89687500000013,672.0)
(13.89843750000013,672.0)
(13.90000000000013,672.0)
(13.90000000000013,671.0)
(13.901470588235425,673.0)
(13.90294117647072,672.0)
(13.904411764706012,672.0)
(13.905882352941306,672.0)
(13.907352941176601,673.0)
(13.908823529411896,673.0)
(13.910294117647188,672.0)
(13.911764705882483,672.0)
(13.913235294117777,672.0)
(13.914705882353072,673.0)
(13.916176470588365,672.0)
(13.91764705882366,673.0)
(13.919117647058954,672.0)
(13.920588235294248,672.0)
(13.922058823529541,673.0)
(13.923529411764836,673.0)
(13.92500000000013,673.0)
(13.92500000000013,672.0)
(13.933333333333463,672.0)
(13.941666666666798,673.0)
(13.95000000000013,672.0)
(13.95000000000013,673.0)
(13.952272727272858,673.0)
(13.954545454545585,672.0)
(13.956818181818313,672.0)
(13.95909090909104,672.0)
(13.961363636363767,672.0)
(13.963636363636494,672.0)
(13.965909090909221,673.0)
(13.968181818181948,673.0)
(13.970454545454677,673.0)
(13.972727272727404,672.0)
(13.975000000000131,672.0)
(13.975000000000131,673.0)
(13.97857142857156,672.0)
(13.982142857142989,673.0)
(13.985714285714417,673.0)
(13.989285714285845,672.0)
(13.992857142857273,673.0)
(13.996428571428703,673.0)
(14.000000000000131,672.0)
(14.000000000000131,672.0)
(14.001315789473816,672.0)
(14.0026315789475,673.0)
(14.003947368421183,672.0)
(14.005263157894868,672.0)
(14.006578947368553,672.0)
(14.007894736842237,671.0)
(14.009210526315922,672.0)
(14.010526315789605,673.0)
(14.01184210526329,672.0)
(14.013157894736974,673.0)
(14.014473684210659,672.0)
(14.015789473684341,672.0)
(14.017105263158026,673.0)
(14.01842105263171,673.0)
(14.019736842105395,673.0)
(14.02105263157908,672.0)
(14.022368421052763,672.0)
(14.023684210526447,672.0)
(14.025000000000132,672.0)
(14.025000000000132,672.0)
(14.026250000000132,671.0)
(14.027500000000131,672.0)
(14.028750000000132,672.0)
(14.030000000000133,672.0)
(14.031250000000131,672.0)
(14.032500000000132,671.0)
(14.033750000000133,672.0)
(14.035000000000132,673.0)
(14.036250000000132,673.0)
(14.037500000000133,672.0)
(14.038750000000132,672.0)
(14.040000000000132,673.0)
(14.041250000000131,672.0)
(14.042500000000132,673.0)
(14.043750000000133,672.0)
(14.045000000000131,673.0)
(14.046250000000132,673.0)
(14.047500000000133,673.0)
(14.048750000000132,672.0)
(14.050000000000132,672.0)
(14.050000000000132,672.0)
(14.051785714285847,672.0)
(14.05357142857156,672.0)
(14.055357142857275,673.0)
(14.05714285714299,673.0)
(14.058928571428703,672.0)
(14.060714285714418,673.0)
(14.062500000000131,672.0)
(14.064285714285846,672.0)
(14.066071428571561,672.0)
(14.067857142857275,673.0)
(14.06964285714299,672.0)
(14.071428571428704,672.0)
(14.073214285714418,672.0)
(14.075000000000133,672.0)
(14.075000000000133,672.0)
(14.07727272727286,672.0)
(14.079545454545586,672.0)
(14.081818181818315,673.0)
(14.084090909091042,672.0)
(14.08636363636377,673.0)
(14.088636363636496,672.0)
(14.090909090909223,672.0)
(14.09318181818195,673.0)
(14.095454545454679,673.0)
(14.097727272727406,673.0)
(14.100000000000133,672.0)
(14.100000000000133,673.0)
(14.100000000000133,672.0)
(14.112500000000132,672.0)
(14.125000000000133,672.0)
(14.125000000000133,673.0)
(14.127083333333466,673.0)
(14.1291666666668,672.0)
(14.131250000000133,673.0)
(14.133333333333466,673.0)
(14.1354166666668,673.0)
(14.137500000000134,672.0)
(14.139583333333468,673.0)
(14.1416666666668,673.0)
(14.143750000000134,672.0)
(14.145833333333467,673.0)
(14.1479166666668,673.0)
(14.150000000000134,672.0)
(14.150000000000134,672.0)
(14.175000000000134,673.0)
(14.175000000000134,672.0)
(14.187500000000135,673.0)
(14.200000000000134,673.0)
(14.200000000000134,672.0)
(14.201562500000135,673.0)
(14.203125000000135,672.0)
(14.204687500000134,672.0)
(14.206250000000134,673.0)
(14.207812500000134,673.0)
(14.209375000000135,672.0)
(14.210937500000135,673.0)
(14.212500000000134,672.0)
(14.214062500000134,673.0)
(14.215625000000134,672.0)
(14.217187500000135,672.0)
(14.218750000000135,672.0)
(14.220312500000135,672.0)
(14.221875000000134,673.0)
(14.223437500000134,672.0)
(14.225000000000135,673.0)
(14.225000000000135,672.0)
(14.226666666666802,672.0)
(14.228333333333469,672.0)
(14.230000000000135,672.0)
(14.2316666666668,673.0)
(14.233333333333468,672.0)
(14.235000000000134,673.0)
(14.236666666666801,672.0)
(14.238333333333468,673.0)
(14.240000000000135,672.0)
(14.241666666666802,673.0)
(14.243333333333469,672.0)
(14.245000000000134,672.0)
(14.246666666666801,673.0)
(14.248333333333468,673.0)
(14.250000000000135,672.0)
(14.250000000000135,673.0)
(14.251666666666802,672.0)
(14.253333333333469,673.0)
(14.255000000000136,672.0)
(14.256666666666801,672.0)
(14.258333333333468,673.0)
(14.260000000000135,672.0)
(14.261666666666802,672.0)
(14.263333333333469,672.0)
(14.265000000000136,672.0)
(14.266666666666802,672.0)
(14.26833333333347,672.0)
(14.270000000000135,673.0)
(14.271666666666802,672.0)
(14.273333333333468,673.0)
(14.275000000000135,672.0)
(14.275000000000135,673.0)
(14.27678571428585,673.0)
(14.278571428571563,672.0)
(14.280357142857278,672.0)
(14.282142857142993,673.0)
(14.283928571428707,671.0)
(14.285714285714421,673.0)
(14.287500000000136,673.0)
(14.28928571428585,673.0)
(14.291071428571565,672.0)
(14.292857142857278,673.0)
(14.294642857142993,672.0)
(14.296428571428708,673.0)
(14.29821428571442,672.0)
(14.300000000000136,672.0)
(14.300000000000136,672.0)
(14.301666666666803,673.0)
(14.30333333333347,671.0)
(14.305000000000136,673.0)
(14.306666666666802,671.0)
(14.308333333333469,672.0)
(14.310000000000136,672.0)
(14.311666666666802,672.0)
(14.31333333333347,673.0)
(14.315000000000136,672.0)
(14.316666666666803,673.0)
(14.31833333333347,673.0)
(14.320000000000135,672.0)
(14.321666666666802,672.0)
(14.32333333333347,673.0)
(14.325000000000136,673.0)
(14.325000000000136,672.0)
(14.326562500000136,673.0)
(14.328125000000137,672.0)
(14.329687500000135,673.0)
(14.331250000000136,672.0)
(14.332812500000136,672.0)
(14.334375000000136,673.0)
(14.335937500000137,673.0)
(14.337500000000137,673.0)
(14.339062500000136,672.0)
(14.340625000000136,672.0)
(14.342187500000136,672.0)
(14.343750000000137,672.0)
(14.345312500000137,673.0)
(14.346875000000136,672.0)
(14.348437500000136,672.0)
(14.350000000000136,672.0)
(14.350000000000136,673.0)
(14.351562500000137,672.0)
(14.353125000000137,672.0)
(14.354687500000136,673.0)
(14.356250000000136,672.0)
(14.357812500000136,672.0)
(14.359375000000137,673.0)
(14.360937500000137,673.0)
(14.362500000000136,672.0)
(14.364062500000136,673.0)
(14.365625000000136,672.0)
(14.367187500000137,673.0)
(14.368750000000137,672.0)
(14.370312500000137,672.0)
(14.371875000000136,673.0)
(14.373437500000136,672.0)
(14.375000000000137,672.0)
(14.375000000000137,673.0)
(14.376470588235431,673.0)
(14.377941176470726,673.0)
(14.379411764706019,671.0)
(14.380882352941313,673.0)
(14.382352941176608,672.0)
(14.383823529411902,672.0)
(14.385294117647195,672.0)
(14.38676470588249,672.0)
(14.388235294117784,673.0)
(14.389705882353079,672.0)
(14.391176470588372,672.0)
(14.392647058823666,673.0)
(14.39411764705896,671.0)
(14.395588235294255,672.0)
(14.397058823529548,672.0)
(14.398529411764843,672.0)
(14.400000000000137,672.0)
(14.400000000000137,672.0)
(14.401785714285852,672.0)
(14.403571428571565,672.0)
(14.40535714285728,673.0)
(14.407142857142995,673.0)
(14.408928571428708,673.0)
(14.410714285714423,673.0)
(14.412500000000136,672.0)
(14.414285714285851,673.0)
(14.416071428571566,672.0)
(14.41785714285728,673.0)
(14.419642857142994,672.0)
(14.42142857142871,672.0)
(14.423214285714423,673.0)
(14.425000000000137,672.0)
(14.425000000000137,672.0)
(14.426315789473822,673.0)
(14.427631578947507,672.0)
(14.42894736842119,671.0)
(14.430263157894874,673.0)
(14.431578947368559,672.0)
(14.432894736842243,672.0)
(14.434210526315928,673.0)
(14.43552631578961,672.0)
(14.436842105263295,672.0)
(14.43815789473698,673.0)
(14.439473684210665,673.0)
(14.440789473684347,673.0)
(14.442105263158032,672.0)
(14.443421052631717,672.0)
(14.444736842105401,673.0)
(14.446052631579086,673.0)
(14.447368421052769,673.0)
(14.448684210526453,673.0)
(14.450000000000138,673.0)
(14.450000000000138,672.0)
(14.451470588235432,673.0)
(14.452941176470727,673.0)
(14.45441176470602,673.0)
(14.455882352941314,672.0)
(14.457352941176609,672.0)
(14.458823529411903,672.0)
(14.460294117647196,672.0)
(14.46176470588249,672.0)
(14.463235294117785,673.0)
(14.46470588235308,673.0)
(14.466176470588373,673.0)
(14.467647058823667,672.0)
(14.469117647058962,672.0)
(14.470588235294256,672.0)
(14.472058823529549,673.0)
(14.473529411764844,672.0)
(14.475000000000138,672.0)
(14.475000000000138,672.0)
(14.476470588235433,672.0)
(14.477941176470727,673.0)
(14.47941176470602,672.0)
(14.480882352941315,673.0)
(14.48235294117661,672.0)
(14.483823529411904,672.0)
(14.485294117647197,673.0)
(14.486764705882491,673.0)
(14.488235294117786,673.0)
(14.48970588235308,671.0)
(14.491176470588373,672.0)
(14.492647058823668,672.0)
(14.494117647058962,672.0)
(14.495588235294257,672.0)
(14.49705882352955,673.0)
(14.498529411764844,673.0)
(14.500000000000139,672.0)
(14.500000000000139,672.0)
(14.501666666666805,672.0)
(14.503333333333472,673.0)
(14.50500000000014,673.0)
(14.506666666666804,673.0)
(14.508333333333471,672.0)
(14.510000000000138,673.0)
(14.511666666666805,672.0)
(14.513333333333472,673.0)
(14.51500000000014,672.0)
(14.516666666666806,672.0)
(14.518333333333473,672.0)
(14.520000000000138,672.0)
(14.521666666666805,673.0)
(14.523333333333472,673.0)
(14.525000000000139,672.0)
(14.525000000000139,672.0)
(14.52656250000014,672.0)
(14.52812500000014,672.0)
(14.529687500000138,672.0)
(14.531250000000139,673.0)
(14.532812500000139,671.0)
(14.53437500000014,672.0)
(14.53593750000014,672.0)
(14.53750000000014,671.0)
(14.539062500000139,672.0)
(14.540625000000139,672.0)
(14.54218750000014,672.0)
(14.54375000000014,672.0)
(14.54531250000014,673.0)
(14.546875000000139,672.0)
(14.548437500000139,673.0)
(14.55000000000014,672.0)
(14.55000000000014,672.0)
(14.55156250000014,672.0)
(14.55312500000014,673.0)
(14.554687500000139,672.0)
(14.556250000000139,672.0)
(14.55781250000014,672.0)
(14.55937500000014,672.0)
(14.56093750000014,671.0)
(14.562500000000139,672.0)
(14.564062500000139,673.0)
(14.56562500000014,672.0)
(14.56718750000014,673.0)
(14.56875000000014,672.0)
(14.57031250000014,673.0)
(14.571875000000139,673.0)
(14.57343750000014,672.0)
(14.57500000000014,672.0)
(14.57500000000014,672.0)
(14.57656250000014,673.0)
(14.57812500000014,673.0)
(14.579687500000139,672.0)
(14.58125000000014,672.0)
(14.58281250000014,672.0)
(14.58437500000014,672.0)
(14.58593750000014,673.0)
(14.58750000000014,672.0)
(14.58906250000014,673.0)
(14.59062500000014,672.0)
(14.59218750000014,673.0)
(14.59375000000014,672.0)
(14.59531250000014,673.0)
(14.59687500000014,672.0)
(14.59843750000014,672.0)
(14.60000000000014,673.0)
(14.60000000000014,672.0)
(14.601388888889028,673.0)
(14.602777777777918,672.0)
(14.604166666666806,673.0)
(14.605555555555696,671.0)
(14.606944444444585,673.0)
(14.608333333333473,673.0)
(14.609722222222363,673.0)
(14.611111111111251,673.0)
(14.61250000000014,673.0)
(14.61388888888903,673.0)
(14.615277777777917,673.0)
(14.616666666666807,673.0)
(14.618055555555696,672.0)
(14.619444444444584,673.0)
(14.620833333333474,673.0)
(14.622222222222362,673.0)
(14.623611111111252,673.0)
(14.62500000000014,672.0)
(14.62500000000014,673.0)
(14.62656250000014,672.0)
(14.628125000000141,673.0)
(14.62968750000014,673.0)
(14.63125000000014,673.0)
(14.63281250000014,673.0)
(14.63437500000014,673.0)
(14.635937500000141,672.0)
(14.637500000000141,674.0)
(14.63906250000014,673.0)
(14.64062500000014,672.0)
(14.64218750000014,673.0)
(14.643750000000141,673.0)
(14.645312500000141,672.0)
(14.64687500000014,674.0)
(14.64843750000014,673.0)
(14.65000000000014,672.0)
(14.65000000000014,672.0)
(14.651470588235435,673.0)
(14.65294117647073,673.0)
(14.654411764706023,673.0)
(14.655882352941317,672.0)
(14.657352941176612,672.0)
(14.658823529411906,672.0)
(14.660294117647199,673.0)
(14.661764705882494,673.0)
(14.663235294117788,672.0)
(14.664705882353083,673.0)
(14.666176470588375,672.0)
(14.66764705882367,673.0)
(14.669117647058965,673.0)
(14.67058823529426,672.0)
(14.672058823529552,673.0)
(14.673529411764846,673.0)
(14.675000000000141,673.0)
(14.675000000000141,672.0)
(14.676562500000141,673.0)
(14.678125000000142,673.0)
(14.67968750000014,673.0)
(14.68125000000014,673.0)
(14.682812500000141,673.0)
(14.684375000000141,673.0)
(14.685937500000142,673.0)
(14.687500000000142,672.0)
(14.68906250000014,673.0)
(14.690625000000141,673.0)
(14.692187500000141,674.0)
(14.693750000000142,673.0)
(14.695312500000142,674.0)
(14.69687500000014,673.0)
(14.698437500000141,673.0)
(14.700000000000141,673.0)
(14.700000000000141,672.0)
(14.702272727272868,673.0)
(14.704545454545595,672.0)
(14.706818181818324,673.0)
(14.709090909091051,673.0)
(14.711363636363778,673.0)
(14.713636363636505,672.0)
(14.715909090909232,672.0)
(14.718181818181959,673.0)
(14.720454545454688,672.0)
(14.722727272727415,674.0)
(14.725000000000142,673.0)
(14.725000000000142,673.0)
(14.750000000000142,672.0)
(14.750000000000142,673.0)
(14.755000000000143,672.0)
(14.760000000000142,673.0)
(14.765000000000143,672.0)
(14.770000000000142,672.0)
(14.775000000000142,673.0)
(14.775000000000142,672.0)
(14.77638888888903,672.0)
(14.77777777777792,672.0)
(14.779166666666809,673.0)
(14.780555555555699,673.0)
(14.781944444444587,672.0)
(14.783333333333475,673.0)
(14.784722222222365,673.0)
(14.786111111111254,673.0)
(14.787500000000144,672.0)
(14.788888888889032,672.0)
(14.79027777777792,672.0)
(14.79166666666681,673.0)
(14.793055555555698,672.0)
(14.794444444444586,673.0)
(14.795833333333476,673.0)
(14.797222222222365,673.0)
(14.798611111111255,673.0)
(14.800000000000143,673.0)
(14.800000000000143,672.0)
(14.80166666666681,673.0)
(14.803333333333477,672.0)
(14.805000000000144,673.0)
(14.806666666666809,673.0)
(14.808333333333476,673.0)
(14.810000000000143,673.0)
(14.81166666666681,673.0)
(14.813333333333476,673.0)
(14.815000000000143,673.0)
(14.81666666666681,672.0)
(14.818333333333477,673.0)
(14.820000000000142,673.0)
(14.82166666666681,673.0)
(14.823333333333476,673.0)
(14.825000000000143,672.0)
(14.825000000000143,673.0)
(14.826388888889031,672.0)
(14.827777777777921,674.0)
(14.82916666666681,673.0)
(14.8305555555557,672.0)
(14.831944444444588,673.0)
(14.833333333333476,672.0)
(14.834722222222366,673.0)
(14.836111111111254,672.0)
(14.837500000000144,673.0)
(14.838888888889032,673.0)
(14.84027777777792,674.0)
(14.84166666666681,672.0)
(14.843055555555699,673.0)
(14.844444444444587,673.0)
(14.845833333333477,673.0)
(14.847222222222365,674.0)
(14.848611111111255,673.0)
(14.850000000000144,673.0)
(14.850000000000144,673.0)
(14.851136363636508,673.0)
(14.85227272727287,673.0)
(14.853409090909235,672.0)
(14.854545454545597,674.0)
(14.855681818181962,673.0)
(14.856818181818326,672.0)
(14.857954545454689,673.0)
(14.859090909091053,673.0)
(14.860227272727416,673.0)
(14.86136363636378,673.0)
(14.862500000000143,673.0)
(14.863636363636507,673.0)
(14.864772727272872,673.0)
(14.865909090909234,673.0)
(14.867045454545599,673.0)
(14.868181818181961,672.0)
(14.869318181818326,674.0)
(14.87045454545469,672.0)
(14.871590909091053,672.0)
(14.872727272727417,673.0)
(14.87386363636378,673.0)
(14.875000000000144,672.0)
(14.875000000000144,673.0)
(14.877777777777922,673.0)
(14.8805555555557,673.0)
(14.883333333333477,672.0)
(14.886111111111255,673.0)
(14.888888888889033,673.0)
(14.891666666666811,673.0)
(14.894444444444588,673.0)
(14.897222222222366,673.0)
(14.900000000000144,673.0)
(14.900000000000144,672.0)
(14.900000000000144,673.0)
(14.906250000000144,673.0)
(14.912500000000144,673.0)
(14.918750000000145,672.0)
(14.925000000000145,673.0)
(14.925000000000145,673.0)
(14.92647058823544,672.0)
(14.927941176470734,672.0)
(14.929411764706026,674.0)
(14.930882352941321,673.0)
(14.932352941176616,672.0)
(14.93382352941191,673.0)
(14.935294117647203,673.0)
(14.936764705882497,673.0)
(14.938235294117792,672.0)
(14.939705882353087,673.0)
(14.94117647058838,673.0)
(14.942647058823674,673.0)
(14.944117647058969,673.0)
(14.945588235294263,672.0)
(14.947058823529556,672.0)
(14.94852941176485,673.0)
(14.950000000000145,672.0)
(14.950000000000145,673.0)
(14.951666666666812,673.0)
(14.953333333333479,673.0)
(14.955000000000146,673.0)
(14.95666666666681,673.0)
(14.958333333333478,674.0)
(14.960000000000145,673.0)
(14.961666666666812,673.0)
(14.963333333333479,672.0)
(14.965000000000146,672.0)
(14.966666666666812,673.0)
(14.96833333333348,674.0)
(14.970000000000145,673.0)
(14.971666666666811,672.0)
(14.973333333333478,672.0)
(14.975000000000145,673.0)
(14.975000000000145,673.0)
(14.976190476190622,673.0)
(14.977380952381099,672.0)
(14.978571428571573,673.0)
(14.97976190476205,673.0)
(14.980952380952527,673.0)
(14.982142857143003,672.0)
(14.983333333333478,673.0)
(14.984523809523955,674.0)
(14.985714285714431,673.0)
(14.986904761904908,673.0)
(14.988095238095383,673.0)
(14.98928571428586,673.0)
(14.990476190476336,673.0)
(14.991666666666813,672.0)
(14.992857142857288,672.0)
(14.994047619047764,673.0)
(14.995238095238241,673.0)
(14.996428571428718,673.0)
(14.997619047619192,674.0)
(14.998809523809669,672.0)
(15.000000000000146,673.0)
