(10.000000000000075,8617.0)
(10.000000000000075,8619.0)
(10.002777777777853,8619.0)
(10.005555555555631,8621.0)
(10.008333333333407,8622.0)
(10.011111111111186,8620.0)
(10.013888888888964,8623.0)
(10.016666666666742,8618.0)
(10.019444444444519,8623.0)
(10.022222222222297,8625.0)
(10.025000000000075,8622.0)
(10.025000000000075,8621.0)
(10.02678571428579,8619.0)
(10.028571428571503,8622.0)
(10.030357142857218,8618.0)
(10.032142857142933,8621.0)
(10.033928571428646,8619.0)
(10.035714285714361,8624.0)
(10.037500000000076,8617.0)
(10.03928571428579,8619.0)
(10.041071428571504,8623.0)
(10.042857142857217,8619.0)
(10.044642857142932,8618.0)
(10.046428571428647,8621.0)
(10.04821428571436,8619.0)
(10.050000000000075,8626.0)
(10.050000000000075,8620.0)
(10.052777777777854,8617.0)
(10.055555555555632,8616.0)
(10.058333333333408,8623.0)
(10.061111111111186,8622.0)
(10.063888888888965,8612.0)
(10.066666666666743,8617.0)
(10.06944444444452,8620.0)
(10.072222222222297,8623.0)
(10.075000000000076,8626.0)
(10.075000000000076,8624.0)
(10.078125000000076,8624.0)
(10.081250000000075,8622.0)
(10.084375000000076,8624.0)
(10.087500000000077,8624.0)
(10.090625000000076,8625.0)
(10.093750000000076,8620.0)
(10.096875000000075,8624.0)
(10.100000000000076,8621.0)
(10.100000000000076,8619.0)
(10.103125000000077,8618.0)
(10.106250000000076,8619.0)
(10.109375000000076,8616.0)
(10.112500000000075,8616.0)
(10.115625000000076,8622.0)
(10.118750000000077,8615.0)
(10.121875000000076,8621.0)
(10.125000000000076,8619.0)
(10.125000000000076,8617.0)
(10.127777777777855,8625.0)
(10.130555555555633,8617.0)
(10.13333333333341,8622.0)
(10.136111111111187,8622.0)
(10.138888888888966,8620.0)
(10.141666666666744,8621.0)
(10.14444444444452,8617.0)
(10.147222222222299,8624.0)
(10.150000000000077,8625.0)
(10.150000000000077,8618.0)
(10.153125000000077,8617.0)
(10.156250000000076,8625.0)
(10.159375000000077,8619.0)
(10.162500000000076,8622.0)
(10.165625000000077,8625.0)
(10.168750000000077,8623.0)
(10.171875000000076,8615.0)
(10.175000000000077,8620.0)
(10.175000000000077,8616.0)
(10.178125000000078,8623.0)
(10.181250000000077,8616.0)
(10.184375000000077,8620.0)
(10.187500000000078,8615.0)
(10.190625000000077,8614.0)
(10.193750000000078,8622.0)
(10.196875000000077,8622.0)
(10.200000000000077,8622.0)
(10.200000000000077,8616.0)
(10.203125000000078,8624.0)
(10.206250000000077,8622.0)
(10.209375000000078,8621.0)
(10.212500000000077,8621.0)
(10.215625000000077,8624.0)
(10.218750000000078,8622.0)
(10.221875000000077,8622.0)
(10.225000000000078,8623.0)
(10.225000000000078,8625.0)
(10.228125000000079,8620.0)
(10.231250000000077,8619.0)
(10.234375000000078,8624.0)
(10.237500000000079,8615.0)
(10.240625000000078,8625.0)
(10.243750000000079,8620.0)
(10.246875000000077,8622.0)
(10.250000000000078,8623.0)
(10.250000000000078,8613.0)
(10.253125000000079,8625.0)
(10.256250000000078,8619.0)
(10.259375000000079,8623.0)
(10.262500000000077,8613.0)
(10.265625000000078,8618.0)
(10.268750000000079,8614.0)
(10.271875000000078,8622.0)
(10.275000000000079,8617.0)
(10.275000000000079,8619.0)
(10.277777777777857,8622.0)
(10.280555555555635,8618.0)
(10.283333333333411,8623.0)
(10.28611111111119,8614.0)
(10.288888888888968,8622.0)
(10.291666666666746,8623.0)
(10.294444444444522,8626.0)
(10.2972222222223,8620.0)
(10.300000000000079,8623.0)
(10.300000000000079,8617.0)
(10.303571428571507,8621.0)
(10.307142857142937,8617.0)
(10.310714285714365,8615.0)
(10.314285714285793,8615.0)
(10.317857142857221,8623.0)
(10.321428571428651,8617.0)
(10.32500000000008,8614.0)
(10.32500000000008,8616.0)
(10.327777777777857,8618.0)
(10.330555555555636,8617.0)
(10.333333333333412,8622.0)
(10.33611111111119,8622.0)
(10.338888888888969,8610.0)
(10.341666666666747,8621.0)
(10.344444444444523,8619.0)
(10.347222222222301,8617.0)
(10.35000000000008,8617.0)
(10.35000000000008,8625.0)
(10.353571428571508,8622.0)
(10.357142857142938,8619.0)
(10.360714285714366,8624.0)
(10.364285714285794,8619.0)
(10.367857142857222,8620.0)
(10.371428571428652,8610.0)
(10.37500000000008,8614.0)
(10.37500000000008,8621.0)
(10.377777777777858,8617.0)
(10.380555555555636,8622.0)
(10.383333333333413,8619.0)
(10.386111111111191,8614.0)
(10.38888888888897,8626.0)
(10.391666666666747,8618.0)
(10.394444444444524,8619.0)
(10.397222222222302,8621.0)
(10.40000000000008,8618.0)
(10.40000000000008,8622.0)
(10.403125000000081,8616.0)
(10.40625000000008,8620.0)
(10.40937500000008,8619.0)
(10.41250000000008,8619.0)
(10.41562500000008,8624.0)
(10.418750000000081,8621.0)
(10.42187500000008,8621.0)
(10.42500000000008,8621.0)
(10.42500000000008,8629.0)
(10.433333333333414,8627.0)
(10.441666666666748,8618.0)
(10.450000000000081,8622.0)
(10.450000000000081,8621.0)
(10.45625000000008,8619.0)
(10.46250000000008,8621.0)
(10.468750000000082,8618.0)
(10.475000000000081,8619.0)
(10.475000000000081,8622.0)
(10.47777777777786,8619.0)
(10.480555555555638,8618.0)
(10.483333333333414,8619.0)
(10.486111111111192,8621.0)
(10.48888888888897,8619.0)
(10.491666666666749,8621.0)
(10.494444444444525,8626.0)
(10.497222222222304,8621.0)
(10.500000000000082,8618.0)
(10.500000000000082,8624.0)
(10.508333333333415,8619.0)
(10.51666666666675,8625.0)
(10.525000000000082,8626.0)
(10.525000000000082,8622.0)
(10.525000000000082,8619.0)
(10.533333333333415,8615.0)
(10.54166666666675,8624.0)
(10.550000000000082,8619.0)
(10.550000000000082,8624.0)
(10.553125000000083,8623.0)
(10.556250000000082,8617.0)
(10.559375000000083,8618.0)
(10.562500000000082,8619.0)
(10.565625000000082,8620.0)
(10.568750000000083,8619.0)
(10.571875000000082,8622.0)
(10.575000000000083,8622.0)
(10.575000000000083,8617.0)
(10.578125000000083,8624.0)
(10.581250000000082,8615.0)
(10.584375000000083,8619.0)
(10.587500000000084,8617.0)
(10.590625000000083,8621.0)
(10.593750000000083,8618.0)
(10.596875000000082,8618.0)
(10.600000000000083,8614.0)
(10.600000000000083,8617.0)
(10.603571428571511,8619.0)
(10.607142857142941,8620.0)
(10.61071428571437,8621.0)
(10.614285714285797,8612.0)
(10.617857142857225,8620.0)
(10.621428571428655,8616.0)
(10.625000000000083,8622.0)
(10.625000000000083,8617.0)
(10.628125000000084,8622.0)
(10.631250000000083,8621.0)
(10.634375000000084,8622.0)
(10.637500000000085,8625.0)
(10.640625000000083,8617.0)
(10.643750000000084,8614.0)
(10.646875000000083,8618.0)
(10.650000000000084,8621.0)
(10.650000000000084,8621.0)
(10.652777777777862,8624.0)
(10.65555555555564,8618.0)
(10.658333333333417,8613.0)
(10.661111111111195,8621.0)
(10.663888888888973,8614.0)
(10.666666666666751,8613.0)
(10.669444444444528,8621.0)
(10.672222222222306,8618.0)
(10.675000000000084,8617.0)
(10.675000000000084,8616.0)
(10.678571428571512,8620.0)
(10.682142857142942,8615.0)
(10.68571428571437,8619.0)
(10.689285714285798,8615.0)
(10.692857142857227,8622.0)
(10.696428571428656,8624.0)
(10.700000000000085,8621.0)
(10.700000000000085,8620.0)
(10.703125000000085,8625.0)
(10.706250000000084,8619.0)
(10.709375000000085,8612.0)
(10.712500000000084,8619.0)
(10.715625000000085,8615.0)
(10.718750000000085,8619.0)
(10.721875000000084,8622.0)
(10.725000000000085,8621.0)
(10.725000000000085,8617.0)
(10.733333333333418,8613.0)
(10.741666666666752,8619.0)
(10.750000000000085,8617.0)
(10.750000000000085,8620.0)
(10.756250000000085,8618.0)
(10.762500000000085,8616.0)
(10.768750000000086,8613.0)
(10.775000000000086,8613.0)
(10.775000000000086,8618.0)
(10.778125000000086,8620.0)
(10.781250000000085,8612.0)
(10.784375000000086,8612.0)
(10.787500000000087,8622.0)
(10.790625000000086,8611.0)
(10.793750000000086,8616.0)
(10.796875000000085,8624.0)
(10.800000000000086,8621.0)
(10.800000000000086,8617.0)
(10.802500000000085,8622.0)
(10.805000000000087,8617.0)
(10.807500000000086,8620.0)
(10.810000000000086,8620.0)
(10.812500000000085,8612.0)
(10.815000000000087,8623.0)
(10.817500000000086,8624.0)
(10.820000000000086,8616.0)
(10.822500000000087,8623.0)
(10.825000000000086,8616.0)
(10.825000000000086,8616.0)
(10.828571428571514,8623.0)
(10.832142857142944,8624.0)
(10.835714285714372,8619.0)
(10.8392857142858,8622.0)
(10.842857142857229,8614.0)
(10.846428571428659,8614.0)
(10.850000000000087,8615.0)
(10.850000000000087,8618.0)
(10.852777777777865,8619.0)
(10.855555555555643,8617.0)
(10.85833333333342,8616.0)
(10.861111111111198,8622.0)
(10.863888888888976,8610.0)
(10.866666666666754,8613.0)
(10.86944444444453,8619.0)
(10.872222222222309,8618.0)
(10.875000000000087,8622.0)
(10.875000000000087,8615.0)
(10.878125000000088,8615.0)
(10.881250000000087,8621.0)
(10.884375000000087,8620.0)
(10.887500000000088,8620.0)
(10.890625000000087,8622.0)
(10.893750000000088,8619.0)
(10.896875000000087,8617.0)
(10.900000000000087,8621.0)
(10.900000000000087,8613.0)
(10.903125000000088,8618.0)
(10.906250000000087,8613.0)
(10.909375000000088,8618.0)
(10.912500000000087,8614.0)
(10.915625000000087,8607.0)
(10.918750000000088,8614.0)
(10.921875000000087,8614.0)
(10.925000000000088,8618.0)
(10.925000000000088,8622.0)
(10.927777777777866,8620.0)
(10.930555555555644,8618.0)
(10.93333333333342,8612.0)
(10.936111111111199,8619.0)
(10.938888888888977,8614.0)
(10.941666666666755,8617.0)
(10.944444444444532,8615.0)
(10.94722222222231,8621.0)
(10.950000000000088,8623.0)
(10.950000000000088,8619.0)
(10.953125000000089,8616.0)
(10.956250000000088,8616.0)
(10.959375000000088,8623.0)
(10.962500000000087,8620.0)
(10.965625000000088,8624.0)
(10.968750000000089,8622.0)
(10.971875000000088,8620.0)
(10.975000000000088,8618.0)
(10.975000000000088,8612.0)
(10.97812500000009,8620.0)
(10.981250000000088,8621.0)
(10.984375000000089,8621.0)
(10.98750000000009,8616.0)
(10.990625000000088,8624.0)
(10.99375000000009,8617.0)
(10.996875000000088,8616.0)
(11.000000000000089,8619.0)
(11.000000000000089,8618.0)
(11.00312500000009,8620.0)
(11.006250000000088,8620.0)
(11.00937500000009,8623.0)
(11.012500000000088,8618.0)
(11.015625000000089,8619.0)
(11.01875000000009,8620.0)
(11.021875000000088,8621.0)
(11.02500000000009,8618.0)
(11.02500000000009,8621.0)
(11.02812500000009,8621.0)
(11.031250000000089,8616.0)
(11.03437500000009,8616.0)
(11.03750000000009,8621.0)
(11.04062500000009,8615.0)
(11.04375000000009,8617.0)
(11.046875000000089,8624.0)
(11.05000000000009,8618.0)
(11.05000000000009,8619.0)
(11.05312500000009,8619.0)
(11.05625000000009,8618.0)
(11.05937500000009,8615.0)
(11.062500000000089,8620.0)
(11.06562500000009,8621.0)
(11.06875000000009,8618.0)
(11.07187500000009,8620.0)
(11.07500000000009,8624.0)
(11.07500000000009,8615.0)
(11.07812500000009,8618.0)
(11.08125000000009,8625.0)
(11.08437500000009,8620.0)
(11.087500000000091,8616.0)
(11.09062500000009,8620.0)
(11.09375000000009,8618.0)
(11.09687500000009,8621.0)
(11.10000000000009,8617.0)
(11.10000000000009,8617.0)
(11.103125000000091,8620.0)
(11.10625000000009,8614.0)
(11.10937500000009,8623.0)
(11.11250000000009,8614.0)
(11.11562500000009,8608.0)
(11.118750000000091,8613.0)
(11.12187500000009,8614.0)
(11.12500000000009,8616.0)
(11.12500000000009,8620.0)
(11.128125000000091,8618.0)
(11.13125000000009,8619.0)
(11.134375000000091,8612.0)
(11.137500000000092,8617.0)
(11.14062500000009,8618.0)
(11.143750000000091,8611.0)
(11.14687500000009,8616.0)
(11.150000000000091,8609.0)
(11.150000000000091,8609.0)
(11.153125000000092,8617.0)
(11.15625000000009,8621.0)
(11.159375000000091,8617.0)
(11.16250000000009,8622.0)
(11.165625000000091,8622.0)
(11.168750000000092,8618.0)
(11.17187500000009,8617.0)
(11.175000000000091,8621.0)
(11.175000000000091,8620.0)
(11.178125000000092,8620.0)
(11.181250000000091,8619.0)
(11.184375000000092,8615.0)
(11.187500000000092,8619.0)
(11.190625000000091,8619.0)
(11.193750000000092,8619.0)
(11.196875000000091,8620.0)
(11.200000000000092,8618.0)
(11.200000000000092,8613.0)
(11.20357142857152,8620.0)
(11.20714285714295,8624.0)
(11.210714285714378,8613.0)
(11.214285714285806,8616.0)
(11.217857142857234,8621.0)
(11.221428571428664,8617.0)
(11.225000000000092,8619.0)
(11.225000000000092,8620.0)
(11.228125000000093,8618.0)
(11.231250000000092,8620.0)
(11.234375000000092,8617.0)
(11.237500000000093,8611.0)
(11.240625000000092,8619.0)
(11.243750000000093,8623.0)
(11.246875000000092,8621.0)
(11.250000000000092,8624.0)
(11.250000000000092,8623.0)
(11.256250000000092,8624.0)
(11.262500000000092,8627.0)
(11.268750000000093,8622.0)
(11.275000000000093,8625.0)
(11.275000000000093,8626.0)
(11.287500000000094,8626.0)
(11.300000000000093,8624.0)
(11.300000000000093,8623.0)
(11.300000000000093,8623.0)
(11.303125000000094,8623.0)
(11.306250000000093,8620.0)
(11.309375000000093,8624.0)
(11.312500000000092,8625.0)
(11.315625000000093,8626.0)
(11.318750000000094,8624.0)
(11.321875000000093,8626.0)
(11.325000000000093,8628.0)
(11.325000000000093,8628.0)
(11.328125000000094,8627.0)
(11.331250000000093,8631.0)
(11.334375000000094,8631.0)
(11.337500000000095,8637.0)
(11.340625000000093,8630.0)
(11.343750000000094,8640.0)
(11.346875000000093,8635.0)
(11.350000000000094,8640.0)
(11.350000000000094,8646.0)
(11.353125000000095,8643.0)
(11.356250000000093,8642.0)
(11.359375000000094,8644.0)
(11.362500000000093,8654.0)
(11.365625000000094,8654.0)
(11.368750000000095,8661.0)
(11.371875000000093,8657.0)
(11.375000000000094,8669.0)
(11.375000000000094,8671.0)
(11.378125000000095,8683.0)
(11.381250000000094,8680.0)
(11.384375000000095,8680.0)
(11.387500000000095,8685.0)
(11.390625000000094,8688.0)
(11.393750000000095,8691.0)
(11.396875000000094,8701.0)
(11.400000000000095,8709.0)
(11.400000000000095,8700.0)
(11.403125000000095,8719.0)
(11.406250000000094,8721.0)
(11.409375000000095,8730.0)
(11.412500000000094,8730.0)
(11.415625000000095,8729.0)
(11.418750000000095,8733.0)
(11.421875000000094,8731.0)
(11.425000000000095,8730.0)
(11.425000000000095,8732.0)
(11.428125000000096,8733.0)
(11.431250000000095,8732.0)
(11.434375000000095,8732.0)
(11.437500000000096,8732.0)
(11.440625000000095,8734.0)
(11.443750000000096,8731.0)
(11.446875000000095,8731.0)
(11.450000000000095,8731.0)
(11.450000000000095,8732.0)
(11.453125000000096,8733.0)
(11.456250000000095,8732.0)
(11.459375000000096,8730.0)
(11.462500000000095,8732.0)
(11.465625000000095,8732.0)
(11.468750000000096,8733.0)
(11.471875000000095,8733.0)
(11.475000000000096,8732.0)
(11.475000000000096,8730.0)
(11.477777777777874,8733.0)
(11.480555555555652,8731.0)
(11.483333333333428,8733.0)
(11.486111111111207,8732.0)
(11.488888888888985,8734.0)
(11.491666666666763,8733.0)
(11.49444444444454,8733.0)
(11.497222222222318,8731.0)
(11.500000000000096,8730.0)
(11.500000000000096,8732.0)
(11.503125000000097,8732.0)
(11.506250000000096,8730.0)
(11.509375000000096,8734.0)
(11.512500000000095,8733.0)
(11.515625000000096,8733.0)
(11.518750000000097,8734.0)
(11.521875000000096,8731.0)
(11.525000000000096,8733.0)
(11.525000000000096,8729.0)
(11.528125000000097,8732.0)
(11.531250000000096,8729.0)
(11.534375000000097,8732.0)
(11.537500000000097,8733.0)
(11.540625000000096,8733.0)
(11.543750000000097,8733.0)
(11.546875000000096,8732.0)
(11.550000000000097,8732.0)
(11.550000000000097,8732.0)
(11.55833333333343,8734.0)
(11.566666666666764,8731.0)
(11.575000000000097,8732.0)
(11.575000000000097,8733.0)
(11.600000000000097,8732.0)
(11.600000000000097,8732.0)
(11.612500000000097,8732.0)
(11.625000000000098,8730.0)
(11.625000000000098,8731.0)
(11.628125000000098,8732.0)
(11.631250000000097,8732.0)
(11.634375000000098,8731.0)
(11.637500000000099,8732.0)
(11.640625000000098,8732.0)
(11.643750000000098,8733.0)
(11.646875000000097,8730.0)
(11.650000000000098,8731.0)
(11.650000000000098,8733.0)
(11.653125000000099,8732.0)
(11.656250000000098,8731.0)
(11.659375000000098,8734.0)
(11.662500000000097,8730.0)
(11.665625000000098,8733.0)
(11.668750000000099,8731.0)
(11.671875000000098,8731.0)
(11.675000000000098,8731.0)
(11.675000000000098,8731.0)
(11.677777777777877,8731.0)
(11.680555555555655,8731.0)
(11.683333333333431,8732.0)
(11.68611111111121,8732.0)
(11.688888888888988,8729.0)
(11.691666666666766,8731.0)
(11.694444444444542,8731.0)
(11.69722222222232,8733.0)
(11.700000000000099,8733.0)
(11.700000000000099,8732.0)
(11.7031250000001,8734.0)
(11.706250000000098,8733.0)
(11.7093750000001,8733.0)
(11.712500000000098,8728.0)
(11.715625000000099,8732.0)
(11.7187500000001,8732.0)
(11.721875000000098,8731.0)
(11.7250000000001,8733.0)
(11.7250000000001,8732.0)
(11.728571428571527,8733.0)
(11.732142857142957,8731.0)
(11.735714285714385,8733.0)
(11.739285714285813,8733.0)
(11.742857142857241,8731.0)
(11.746428571428671,8733.0)
(11.7500000000001,8733.0)
(11.7500000000001,8733.0)
(11.7500000000001,8735.0)
(11.7531250000001,8731.0)
(11.7562500000001,8731.0)
(11.7593750000001,8738.0)
(11.762500000000099,8734.0)
(11.7656250000001,8736.0)
(11.7687500000001,8737.0)
(11.7718750000001,8741.0)
(11.7750000000001,8735.0)
(11.7750000000001,8743.0)
(11.7781250000001,8735.0)
(11.7812500000001,8744.0)
(11.7843750000001,8740.0)
(11.787500000000101,8740.0)
(11.7906250000001,8741.0)
(11.7937500000001,8744.0)
(11.7968750000001,8743.0)
(11.8000000000001,8745.0)
(11.8000000000001,8740.0)
(11.803125000000101,8739.0)
(11.8062500000001,8740.0)
(11.8093750000001,8743.0)
(11.8125000000001,8743.0)
(11.8156250000001,8740.0)
(11.818750000000101,8743.0)
(11.8218750000001,8742.0)
(11.8250000000001,8744.0)
(11.8250000000001,8744.0)
(11.828125000000101,8746.0)
(11.8312500000001,8746.0)
(11.834375000000101,8749.0)
(11.837500000000102,8744.0)
(11.8406250000001,8740.0)
(11.843750000000101,8744.0)
(11.8468750000001,8739.0)
(11.850000000000101,8744.0)
(11.850000000000101,8747.0)
(11.853125000000102,8740.0)
(11.8562500000001,8746.0)
(11.859375000000101,8745.0)
(11.8625000000001,8739.0)
(11.865625000000101,8741.0)
(11.868750000000102,8747.0)
(11.8718750000001,8750.0)
(11.875000000000101,8751.0)
(11.875000000000101,8747.0)
(11.878125000000102,8745.0)
(11.881250000000101,8743.0)
(11.884375000000102,8749.0)
(11.887500000000102,8746.0)
(11.890625000000101,8754.0)
(11.893750000000102,8752.0)
(11.896875000000101,8742.0)
(11.900000000000102,8748.0)
(11.900000000000102,8749.0)
(11.90357142857153,8744.0)
(11.90714285714296,8753.0)
(11.910714285714388,8749.0)
(11.914285714285816,8752.0)
(11.917857142857244,8752.0)
(11.921428571428674,8752.0)
(11.925000000000102,8749.0)
(11.925000000000102,8745.0)
(11.92777777777788,8745.0)
(11.930555555555658,8755.0)
(11.933333333333435,8750.0)
(11.936111111111213,8755.0)
(11.938888888888991,8751.0)
(11.94166666666677,8749.0)
(11.944444444444546,8750.0)
(11.947222222222324,8754.0)
(11.950000000000102,8756.0)
(11.950000000000102,8758.0)
(11.956250000000102,8758.0)
(11.962500000000102,8768.0)
(11.968750000000103,8750.0)
(11.975000000000103,8757.0)
(11.975000000000103,8761.0)
(11.975000000000103,8754.0)
(11.987500000000104,8750.0)
(12.000000000000103,8753.0)
(12.000000000000103,8753.0)
(12.003125000000104,8758.0)
(12.006250000000103,8764.0)
(12.009375000000103,8748.0)
(12.012500000000102,8753.0)
(12.015625000000103,8766.0)
(12.018750000000104,8757.0)
(12.021875000000103,8756.0)
(12.025000000000103,8748.0)
(12.025000000000103,8756.0)
(12.028125000000104,8744.0)
(12.031250000000103,8752.0)
(12.034375000000104,8750.0)
(12.037500000000104,8751.0)
(12.040625000000103,8750.0)
(12.043750000000104,8753.0)
(12.046875000000103,8748.0)
(12.050000000000104,8754.0)
(12.050000000000104,8750.0)
(12.053571428571532,8747.0)
(12.057142857142962,8750.0)
(12.06071428571439,8763.0)
(12.064285714285818,8750.0)
(12.067857142857246,8750.0)
(12.071428571428676,8748.0)
(12.075000000000104,8754.0)
(12.075000000000104,8756.0)
(12.078125000000105,8757.0)
(12.081250000000104,8758.0)
(12.084375000000104,8761.0)
(12.087500000000105,8756.0)
(12.090625000000104,8760.0)
(12.093750000000105,8754.0)
(12.096875000000104,8755.0)
(12.100000000000104,8751.0)
(12.100000000000104,8760.0)
(12.103125000000105,8758.0)
(12.106250000000104,8759.0)
(12.109375000000105,8746.0)
(12.112500000000104,8759.0)
(12.115625000000104,8758.0)
(12.118750000000105,8752.0)
(12.121875000000104,8756.0)
(12.125000000000105,8759.0)
(12.125000000000105,8756.0)
(12.128125000000106,8758.0)
(12.131250000000104,8765.0)
(12.134375000000105,8751.0)
(12.137500000000106,8753.0)
(12.140625000000105,8765.0)
(12.143750000000106,8762.0)
(12.146875000000104,8762.0)
(12.150000000000105,8757.0)
(12.150000000000105,8762.0)
(12.153125000000106,8759.0)
(12.156250000000105,8756.0)
(12.159375000000106,8758.0)
(12.162500000000104,8756.0)
(12.165625000000105,8756.0)
(12.168750000000106,8753.0)
(12.171875000000105,8752.0)
(12.175000000000106,8755.0)
(12.175000000000106,8759.0)
(12.177777777777884,8751.0)
(12.180555555555662,8765.0)
(12.183333333333438,8754.0)
(12.186111111111217,8765.0)
(12.188888888888995,8770.0)
(12.191666666666773,8761.0)
(12.19444444444455,8769.0)
(12.197222222222328,8766.0)
(12.200000000000106,8761.0)
(12.200000000000106,8781.0)
(12.203125000000107,8776.0)
(12.206250000000106,8782.0)
(12.209375000000106,8785.0)
(12.212500000000105,8796.0)
(12.215625000000106,8792.0)
(12.218750000000107,8802.0)
(12.221875000000106,8804.0)
(12.225000000000106,8806.0)
(12.225000000000106,8805.0)
(12.228125000000107,8810.0)
(12.231250000000106,8814.0)
(12.234375000000107,8814.0)
(12.237500000000107,8815.0)
(12.240625000000106,8814.0)
(12.243750000000107,8822.0)
(12.246875000000106,8827.0)
(12.250000000000107,8821.0)
(12.250000000000107,8825.0)
(12.253125000000107,8828.0)
(12.256250000000106,8827.0)
(12.259375000000107,8837.0)
(12.262500000000106,8837.0)
(12.265625000000107,8840.0)
(12.268750000000107,8836.0)
(12.271875000000106,8839.0)
(12.275000000000107,8841.0)
(12.275000000000107,8849.0)
(12.278125000000108,8847.0)
(12.281250000000107,8847.0)
(12.284375000000107,8848.0)
(12.287500000000108,8852.0)
(12.290625000000107,8854.0)
(12.293750000000108,8856.0)
(12.296875000000107,8854.0)
(12.300000000000107,8854.0)
(12.300000000000107,8851.0)
(12.303571428571535,8854.0)
(12.307142857142965,8851.0)
(12.310714285714393,8848.0)
(12.314285714285822,8857.0)
(12.31785714285725,8850.0)
(12.32142857142868,8850.0)
(12.325000000000108,8853.0)
(12.325000000000108,8850.0)
(12.328125000000108,8850.0)
(12.331250000000107,8855.0)
(12.334375000000108,8849.0)
(12.337500000000109,8856.0)
(12.340625000000108,8853.0)
(12.343750000000108,8850.0)
(12.346875000000107,8854.0)
(12.350000000000108,8853.0)
(12.350000000000108,8849.0)
(12.353125000000109,8854.0)
(12.356250000000108,8849.0)
(12.359375000000108,8852.0)
(12.362500000000107,8853.0)
(12.365625000000108,8853.0)
(12.368750000000109,8849.0)
(12.371875000000108,8854.0)
(12.375000000000108,8847.0)
(12.375000000000108,8852.0)
(12.378125000000109,8846.0)
(12.381250000000108,8854.0)
(12.384375000000109,8854.0)
(12.38750000000011,8845.0)
(12.390625000000108,8851.0)
(12.393750000000109,8857.0)
(12.396875000000108,8850.0)
(12.400000000000109,8858.0)
(12.400000000000109,8855.0)
(12.40312500000011,8849.0)
(12.406250000000108,8858.0)
(12.409375000000109,8852.0)
(12.412500000000108,8861.0)
(12.415625000000109,8859.0)
(12.41875000000011,8855.0)
(12.421875000000108,8855.0)
(12.425000000000109,8854.0)
(12.425000000000109,8853.0)
(12.428571428571537,8851.0)
(12.432142857142967,8856.0)
(12.435714285714395,8853.0)
(12.439285714285823,8852.0)
(12.442857142857251,8857.0)
(12.446428571428681,8857.0)
(12.45000000000011,8852.0)
(12.45000000000011,8854.0)
(12.45312500000011,8857.0)
(12.456250000000109,8854.0)
(12.45937500000011,8855.0)
(12.462500000000109,8855.0)
(12.46562500000011,8858.0)
(12.46875000000011,8852.0)
(12.471875000000109,8856.0)
(12.47500000000011,8855.0)
(12.47500000000011,8854.0)
(12.47812500000011,8854.0)
(12.48125000000011,8854.0)
(12.48437500000011,8858.0)
(12.48750000000011,8851.0)
(12.49062500000011,8858.0)
(12.49375000000011,8858.0)
(12.49687500000011,8854.0)
(12.50000000000011,8856.0)
(12.50000000000011,8857.0)
(12.51250000000011,8854.0)
(12.52500000000011,8855.0)
(12.52500000000011,8858.0)
(12.52500000000011,8860.0)
(12.533333333333443,8852.0)
(12.541666666666778,8856.0)
(12.55000000000011,8853.0)
(12.55000000000011,8855.0)
(12.55250000000011,8852.0)
(12.555000000000112,8857.0)
(12.557500000000111,8858.0)
(12.56000000000011,8854.0)
(12.56250000000011,8858.0)
(12.565000000000111,8860.0)
(12.567500000000111,8855.0)
(12.57000000000011,8854.0)
(12.572500000000112,8854.0)
(12.575000000000111,8856.0)
(12.575000000000111,8854.0)
(12.57857142857154,8850.0)
(12.58214285714297,8852.0)
(12.585714285714397,8855.0)
(12.589285714285825,8850.0)
(12.592857142857254,8852.0)
(12.596428571428683,8854.0)
(12.600000000000112,8858.0)
(12.600000000000112,8853.0)
(12.602500000000111,8855.0)
(12.605000000000112,8860.0)
(12.607500000000112,8854.0)
(12.610000000000111,8865.0)
(12.61250000000011,8860.0)
(12.615000000000112,8863.0)
(12.617500000000112,8860.0)
(12.620000000000111,8860.0)
(12.622500000000112,8859.0)
(12.625000000000112,8858.0)
(12.625000000000112,8853.0)
(12.637500000000113,8857.0)
(12.650000000000112,8854.0)
(12.650000000000112,8859.0)
(12.656250000000112,8862.0)
(12.662500000000112,8851.0)
(12.668750000000113,8862.0)
(12.675000000000113,8864.0)
(12.675000000000113,8870.0)
(12.67777777777789,8866.0)
(12.680555555555669,8861.0)
(12.683333333333445,8868.0)
(12.686111111111224,8865.0)
(12.688888888889002,8870.0)
(12.69166666666678,8865.0)
(12.694444444444557,8874.0)
(12.697222222222335,8875.0)
(12.700000000000113,8876.0)
(12.700000000000113,8867.0)
(12.703125000000114,8876.0)
(12.706250000000113,8871.0)
(12.709375000000113,8879.0)
(12.712500000000112,8879.0)
(12.715625000000113,8876.0)
(12.718750000000114,8874.0)
(12.721875000000113,8881.0)
(12.725000000000113,8881.0)
(12.725000000000113,8885.0)
(12.728571428571541,8885.0)
(12.732142857142971,8888.0)
(12.7357142857144,8878.0)
(12.739285714285828,8885.0)
(12.742857142857256,8896.0)
(12.746428571428686,8892.0)
(12.750000000000114,8897.0)
(12.750000000000114,8889.0)
(12.753571428571542,8892.0)
(12.757142857142972,8895.0)
(12.7607142857144,8900.0)
(12.764285714285828,8900.0)
(12.767857142857256,8901.0)
(12.771428571428686,8901.0)
(12.775000000000114,8901.0)
(12.775000000000114,8904.0)
(12.777777777777892,8901.0)
(12.78055555555567,8899.0)
(12.783333333333447,8900.0)
(12.786111111111225,8904.0)
(12.788888888889003,8903.0)
(12.791666666666782,8900.0)
(12.794444444444558,8901.0)
(12.797222222222336,8903.0)
(12.800000000000114,8904.0)
(12.800000000000114,8902.0)
(12.803571428571543,8903.0)
(12.807142857142972,8901.0)
(12.8107142857144,8901.0)
(12.814285714285829,8902.0)
(12.817857142857257,8902.0)
(12.821428571428687,8901.0)
(12.825000000000115,8901.0)
(12.825000000000115,8902.0)
(12.828125000000115,8901.0)
(12.831250000000114,8900.0)
(12.834375000000115,8900.0)
(12.837500000000116,8897.0)
(12.840625000000115,8899.0)
(12.843750000000115,8898.0)
(12.846875000000114,8900.0)
(12.850000000000115,8900.0)
(12.850000000000115,8903.0)
(12.852500000000115,8903.0)
(12.855000000000116,8904.0)
(12.857500000000115,8902.0)
(12.860000000000115,8901.0)
(12.862500000000114,8906.0)
(12.865000000000116,8900.0)
(12.867500000000115,8901.0)
(12.870000000000115,8901.0)
(12.872500000000116,8898.0)
(12.875000000000115,8900.0)
(12.875000000000115,8903.0)
(12.878125000000116,8899.0)
(12.881250000000115,8905.0)
(12.884375000000116,8904.0)
(12.887500000000117,8906.0)
(12.890625000000115,8904.0)
(12.893750000000116,8904.0)
(12.896875000000115,8903.0)
(12.900000000000116,8903.0)
(12.900000000000116,8904.0)
(12.902500000000115,8900.0)
(12.905000000000117,8904.0)
(12.907500000000116,8904.0)
(12.910000000000116,8902.0)
(12.912500000000115,8901.0)
(12.915000000000116,8903.0)
(12.917500000000116,8904.0)
(12.920000000000115,8900.0)
(12.922500000000117,8902.0)
(12.925000000000116,8900.0)
(12.925000000000116,8902.0)
(12.928125000000117,8900.0)
(12.931250000000116,8899.0)
(12.934375000000117,8901.0)
(12.937500000000117,8904.0)
(12.940625000000116,8902.0)
(12.943750000000117,8896.0)
(12.946875000000116,8903.0)
(12.950000000000117,8904.0)
(12.950000000000117,8902.0)
(12.953125000000117,8902.0)
(12.956250000000116,8902.0)
(12.959375000000117,8904.0)
(12.962500000000116,8903.0)
(12.965625000000117,8903.0)
(12.968750000000117,8903.0)
(12.971875000000116,8904.0)
(12.975000000000117,8901.0)
(12.975000000000117,8903.0)
(12.978125000000118,8900.0)
(12.981250000000117,8904.0)
(12.984375000000117,8902.0)
(12.987500000000118,8905.0)
(12.990625000000117,8898.0)
(12.993750000000118,8903.0)
(12.996875000000117,8901.0)
(13.000000000000117,8903.0)
(13.000000000000117,8897.0)
(13.003125000000118,8904.0)
(13.006250000000117,8905.0)
(13.009375000000118,8903.0)
(13.012500000000117,8903.0)
(13.015625000000117,8895.0)
(13.018750000000118,8898.0)
(13.021875000000117,8895.0)
(13.025000000000118,8901.0)
(13.025000000000118,8903.0)
(13.028571428571546,8904.0)
(13.032142857142976,8902.0)
(13.035714285714404,8901.0)
(13.039285714285832,8900.0)
(13.04285714285726,8904.0)
(13.04642857142869,8899.0)
(13.050000000000118,8903.0)
(13.050000000000118,8901.0)
(13.053125000000119,8903.0)
(13.056250000000118,8904.0)
(13.059375000000118,8900.0)
(13.062500000000117,8894.0)
(13.065625000000118,8898.0)
(13.068750000000119,8903.0)
(13.071875000000118,8902.0)
(13.075000000000118,8902.0)
(13.075000000000118,8898.0)
(13.078125000000119,8901.0)
(13.081250000000118,8903.0)
(13.084375000000119,8900.0)
(13.08750000000012,8895.0)
(13.090625000000118,8898.0)
(13.093750000000119,8894.0)
(13.096875000000118,8892.0)
(13.100000000000119,8895.0)
(13.100000000000119,8887.0)
(13.10312500000012,8891.0)
(13.106250000000118,8893.0)
(13.109375000000119,8889.0)
(13.112500000000118,8888.0)
(13.115625000000119,8897.0)
(13.11875000000012,8894.0)
(13.121875000000118,8889.0)
(13.125000000000119,8889.0)
(13.125000000000119,8881.0)
(13.12812500000012,8896.0)
(13.131250000000119,8889.0)
(13.13437500000012,8886.0)
(13.13750000000012,8895.0)
(13.140625000000119,8885.0)
(13.14375000000012,8888.0)
(13.146875000000119,8889.0)
(13.15000000000012,8884.0)
(13.15000000000012,8890.0)
(13.153571428571547,8884.0)
(13.157142857142977,8886.0)
(13.160714285714405,8892.0)
(13.164285714285834,8885.0)
(13.167857142857262,8888.0)
(13.171428571428692,8891.0)
(13.17500000000012,8889.0)
(13.17500000000012,8889.0)
(13.17812500000012,8887.0)
(13.18125000000012,8881.0)
(13.18437500000012,8893.0)
(13.18750000000012,8893.0)
(13.19062500000012,8893.0)
(13.19375000000012,8882.0)
(13.19687500000012,8890.0)
(13.20000000000012,8891.0)
(13.20000000000012,8888.0)
(13.20312500000012,8890.0)
(13.20625000000012,8891.0)
(13.20937500000012,8887.0)
(13.21250000000012,8891.0)
(13.21562500000012,8886.0)
(13.21875000000012,8883.0)
(13.22187500000012,8890.0)
(13.22500000000012,8887.0)
(13.22500000000012,8889.0)
(13.228125000000121,8882.0)
(13.23125000000012,8893.0)
(13.23437500000012,8895.0)
(13.237500000000122,8886.0)
(13.24062500000012,8894.0)
(13.243750000000121,8895.0)
(13.24687500000012,8890.0)
(13.25000000000012,8891.0)
(13.25000000000012,8891.0)
(13.253125000000122,8890.0)
(13.25625000000012,8895.0)
(13.259375000000121,8891.0)
(13.26250000000012,8878.0)
(13.26562500000012,8882.0)
(13.268750000000122,8893.0)
(13.27187500000012,8894.0)
(13.275000000000121,8882.0)
(13.275000000000121,8890.0)
(13.278125000000122,8893.0)
(13.28125000000012,8880.0)
(13.284375000000122,8885.0)
(13.287500000000122,8876.0)
(13.290625000000121,8886.0)
(13.293750000000122,8885.0)
(13.29687500000012,8880.0)
(13.300000000000122,8883.0)
(13.300000000000122,8882.0)
(13.3027777777779,8881.0)
(13.305555555555678,8882.0)
(13.308333333333454,8885.0)
(13.311111111111233,8890.0)
(13.31388888888901,8883.0)
(13.316666666666789,8882.0)
(13.319444444444565,8888.0)
(13.322222222222344,8881.0)
(13.325000000000122,8882.0)
(13.325000000000122,8889.0)
(13.32857142857155,8884.0)
(13.33214285714298,8891.0)
(13.335714285714408,8894.0)
(13.339285714285836,8887.0)
(13.342857142857264,8884.0)
(13.346428571428694,8882.0)
(13.350000000000122,8888.0)
(13.350000000000122,8888.0)
(13.352500000000122,8884.0)
(13.355000000000123,8877.0)
(13.357500000000122,8883.0)
(13.360000000000122,8889.0)
(13.362500000000122,8879.0)
(13.365000000000123,8883.0)
(13.367500000000122,8882.0)
(13.370000000000122,8884.0)
(13.372500000000123,8888.0)
(13.375000000000123,8889.0)
(13.375000000000123,8884.0)
(13.381250000000122,8892.0)
(13.387500000000124,8887.0)
(13.393750000000123,8887.0)
(13.400000000000123,8884.0)
(13.400000000000123,8883.0)
(13.412500000000122,8882.0)
(13.425000000000123,8880.0)
(13.425000000000123,8885.0)
(13.427777777777901,8883.0)
(13.43055555555568,8886.0)
(13.433333333333456,8878.0)
(13.436111111111234,8885.0)
(13.438888888889013,8880.0)
(13.44166666666679,8884.0)
(13.444444444444567,8892.0)
(13.447222222222345,8887.0)
(13.450000000000124,8891.0)
(13.450000000000124,8889.0)
(13.453125000000124,8887.0)
(13.456250000000123,8871.0)
(13.459375000000124,8878.0)
(13.462500000000123,8886.0)
(13.465625000000124,8888.0)
(13.468750000000124,8886.0)
(13.471875000000123,8881.0)
(13.475000000000124,8884.0)
(13.475000000000124,8892.0)
(13.478571428571552,8883.0)
(13.482142857142982,8889.0)
(13.48571428571441,8876.0)
(13.489285714285838,8879.0)
(13.492857142857266,8883.0)
(13.496428571428696,8879.0)
(13.500000000000124,8872.0)
(13.500000000000124,8879.0)
(13.503125000000125,8891.0)
(13.506250000000124,8885.0)
(13.509375000000125,8880.0)
(13.512500000000124,8885.0)
(13.515625000000124,8877.0)
(13.518750000000125,8877.0)
(13.521875000000124,8880.0)
(13.525000000000125,8878.0)
(13.525000000000125,8871.0)
(13.550000000000125,8873.0)
(13.550000000000125,8884.0)
(13.575000000000125,8873.0)
(13.575000000000125,8874.0)
(13.583333333333458,8869.0)
(13.591666666666793,8867.0)
(13.600000000000126,8872.0)
(13.600000000000126,8862.0)
(13.602777777777904,8855.0)
(13.605555555555682,8869.0)
(13.608333333333459,8869.0)
(13.611111111111237,8868.0)
(13.613888888889015,8866.0)
(13.616666666666793,8863.0)
(13.61944444444457,8870.0)
(13.622222222222348,8859.0)
(13.625000000000126,8861.0)
(13.625000000000126,8857.0)
(13.628571428571554,8856.0)
(13.632142857142984,8856.0)
(13.635714285714412,8857.0)
(13.63928571428584,8853.0)
(13.642857142857268,8848.0)
(13.646428571428698,8848.0)
(13.650000000000126,8851.0)
(13.650000000000126,8850.0)
(13.653125000000127,8855.0)
(13.656250000000126,8851.0)
(13.659375000000127,8851.0)
(13.662500000000126,8852.0)
(13.665625000000126,8847.0)
(13.668750000000127,8850.0)
(13.671875000000126,8846.0)
(13.675000000000127,8844.0)
(13.675000000000127,8848.0)
(13.678125000000128,8846.0)
(13.681250000000126,8848.0)
(13.684375000000127,8852.0)
(13.687500000000128,8852.0)
(13.690625000000127,8854.0)
(13.693750000000128,8851.0)
(13.696875000000126,8856.0)
(13.700000000000127,8851.0)
(13.700000000000127,8849.0)
(13.703125000000128,8852.0)
(13.706250000000127,8852.0)
(13.709375000000128,8847.0)
(13.712500000000126,8847.0)
(13.715625000000127,8847.0)
(13.718750000000128,8846.0)
(13.721875000000127,8851.0)
(13.725000000000128,8851.0)
(13.725000000000128,8851.0)
(13.728571428571556,8853.0)
(13.732142857142986,8852.0)
(13.735714285714414,8850.0)
(13.739285714285842,8850.0)
(13.74285714285727,8853.0)
(13.7464285714287,8851.0)
(13.750000000000128,8855.0)
(13.750000000000128,8853.0)
(13.753125000000129,8852.0)
(13.756250000000128,8853.0)
(13.759375000000128,8847.0)
(13.762500000000127,8853.0)
(13.765625000000128,8852.0)
(13.768750000000129,8850.0)
(13.771875000000128,8855.0)
(13.775000000000128,8855.0)
(13.775000000000128,8852.0)
(13.778125000000129,8852.0)
(13.781250000000128,8854.0)
(13.784375000000129,8853.0)
(13.78750000000013,8851.0)
(13.790625000000128,8850.0)
(13.793750000000129,8851.0)
(13.796875000000128,8853.0)
(13.800000000000129,8856.0)
(13.800000000000129,8854.0)
(13.803571428571557,8851.0)
(13.807142857142987,8855.0)
(13.810714285714415,8851.0)
(13.814285714285843,8851.0)
(13.817857142857271,8850.0)
(13.8214285714287,8854.0)
(13.825000000000129,8853.0)
(13.825000000000129,8853.0)
(13.82812500000013,8853.0)
(13.831250000000129,8854.0)
(13.83437500000013,8851.0)
(13.83750000000013,8854.0)
(13.840625000000129,8851.0)
(13.84375000000013,8850.0)
(13.846875000000129,8853.0)
(13.85000000000013,8849.0)
(13.85000000000013,8851.0)
(13.85312500000013,8850.0)
(13.856250000000129,8853.0)
(13.85937500000013,8849.0)
(13.862500000000129,8849.0)
(13.86562500000013,8846.0)
(13.86875000000013,8854.0)
(13.871875000000129,8845.0)
(13.87500000000013,8854.0)
(13.87500000000013,8853.0)
(13.87812500000013,8848.0)
(13.88125000000013,8855.0)
(13.88437500000013,8850.0)
(13.88750000000013,8849.0)
(13.89062500000013,8854.0)
(13.89375000000013,8851.0)
(13.89687500000013,8851.0)
(13.90000000000013,8851.0)
(13.90000000000013,8851.0)
(13.903571428571558,8851.0)
(13.907142857142988,8853.0)
(13.910714285714416,8852.0)
(13.914285714285844,8852.0)
(13.917857142857272,8852.0)
(13.921428571428702,8853.0)
(13.92500000000013,8845.0)
(13.92500000000013,8844.0)
(13.928125000000131,8847.0)
(13.93125000000013,8849.0)
(13.93437500000013,8849.0)
(13.937500000000131,8846.0)
(13.94062500000013,8842.0)
(13.943750000000131,8844.0)
(13.94687500000013,8840.0)
(13.95000000000013,8840.0)
(13.95000000000013,8833.0)
(13.95000000000013,8841.0)
(13.953571428571559,8829.0)
(13.957142857142989,8837.0)
(13.960714285714417,8832.0)
(13.964285714285845,8836.0)
(13.967857142857273,8831.0)
(13.971428571428703,8823.0)
(13.975000000000131,8829.0)
(13.975000000000131,8826.0)
(13.97750000000013,8827.0)
(13.980000000000132,8819.0)
(13.982500000000131,8819.0)
(13.98500000000013,8814.0)
(13.987500000000132,8822.0)
(13.990000000000132,8822.0)
(13.992500000000131,8814.0)
(13.99500000000013,8803.0)
(13.997500000000132,8810.0)
(14.000000000000131,8817.0)
(14.000000000000131,8796.0)
(14.00277777777791,8798.0)
(14.005555555555688,8781.0)
(14.008333333333464,8761.0)
(14.011111111111243,8756.0)
(14.01388888888902,8743.0)
(14.016666666666799,8740.0)
(14.019444444444575,8741.0)
(14.022222222222354,8744.0)
(14.025000000000132,8742.0)
(14.025000000000132,8742.0)
(14.028125000000133,8742.0)
(14.031250000000131,8747.0)
(14.034375000000132,8740.0)
(14.037500000000133,8740.0)
(14.040625000000132,8747.0)
(14.043750000000133,8742.0)
(14.046875000000131,8746.0)
(14.050000000000132,8743.0)
(14.050000000000132,8741.0)
(14.053125000000133,8745.0)
(14.056250000000132,8742.0)
(14.059375000000133,8742.0)
(14.062500000000131,8743.0)
(14.065625000000132,8745.0)
(14.068750000000133,8743.0)
(14.071875000000132,8744.0)
(14.075000000000133,8748.0)
(14.075000000000133,8741.0)
(14.07857142857156,8747.0)
(14.08214285714299,8742.0)
(14.085714285714419,8743.0)
(14.089285714285847,8740.0)
(14.092857142857275,8747.0)
(14.096428571428705,8741.0)
(14.100000000000133,8739.0)
(14.100000000000133,8744.0)
(14.103125000000134,8742.0)
(14.106250000000133,8744.0)
(14.109375000000133,8743.0)
(14.112500000000132,8745.0)
(14.115625000000133,8746.0)
(14.118750000000134,8746.0)
(14.121875000000133,8744.0)
(14.125000000000133,8744.0)
(14.125000000000133,8743.0)
(14.128125000000134,8746.0)
(14.131250000000133,8742.0)
(14.134375000000134,8745.0)
(14.137500000000134,8747.0)
(14.140625000000133,8748.0)
(14.143750000000134,8744.0)
(14.146875000000133,8741.0)
(14.150000000000134,8743.0)
(14.150000000000134,8741.0)
(14.153125000000134,8740.0)
(14.156250000000133,8746.0)
(14.159375000000134,8743.0)
(14.162500000000133,8742.0)
(14.165625000000134,8739.0)
(14.168750000000134,8744.0)
(14.171875000000133,8742.0)
(14.175000000000134,8741.0)
(14.175000000000134,8742.0)
(14.178125000000135,8744.0)
(14.181250000000134,8744.0)
(14.184375000000134,8744.0)
(14.187500000000135,8743.0)
(14.190625000000134,8742.0)
(14.193750000000135,8745.0)
(14.196875000000134,8744.0)
(14.200000000000134,8739.0)
(14.200000000000134,8745.0)
(14.203125000000135,8738.0)
(14.206250000000134,8743.0)
(14.209375000000135,8744.0)
(14.212500000000134,8746.0)
(14.215625000000134,8744.0)
(14.218750000000135,8744.0)
(14.221875000000134,8742.0)
(14.225000000000135,8745.0)
(14.225000000000135,8745.0)
(14.227500000000134,8744.0)
(14.230000000000135,8746.0)
(14.232500000000135,8745.0)
(14.235000000000134,8743.0)
(14.237500000000136,8745.0)
(14.240000000000135,8740.0)
(14.242500000000135,8744.0)
(14.245000000000134,8746.0)
(14.247500000000136,8744.0)
(14.250000000000135,8749.0)
(14.250000000000135,8744.0)
(14.253125000000136,8744.0)
(14.256250000000135,8744.0)
(14.259375000000135,8748.0)
(14.262500000000134,8747.0)
(14.265625000000135,8743.0)
(14.268750000000136,8747.0)
(14.271875000000135,8744.0)
(14.275000000000135,8744.0)
(14.275000000000135,8744.0)
(14.278125000000136,8736.0)
(14.281250000000135,8744.0)
(14.284375000000136,8741.0)
(14.287500000000136,8735.0)
(14.290625000000135,8733.0)
(14.293750000000136,8731.0)
(14.296875000000135,8731.0)
(14.300000000000136,8729.0)
(14.300000000000136,8732.0)
(14.303125000000136,8733.0)
(14.306250000000135,8732.0)
(14.309375000000136,8728.0)
(14.312500000000135,8733.0)
(14.315625000000136,8727.0)
(14.318750000000136,8698.0)
(14.321875000000135,8684.0)
(14.325000000000136,8673.0)
(14.325000000000136,8670.0)
(14.327777777777914,8659.0)
(14.330555555555692,8653.0)
(14.333333333333469,8648.0)
(14.336111111111247,8651.0)
(14.338888888889025,8649.0)
(14.341666666666804,8640.0)
(14.34444444444458,8644.0)
(14.347222222222358,8644.0)
(14.350000000000136,8644.0)
(14.350000000000136,8647.0)
(14.353125000000137,8646.0)
(14.356250000000136,8646.0)
(14.359375000000137,8642.0)
(14.362500000000136,8647.0)
(14.365625000000136,8651.0)
(14.368750000000137,8646.0)
(14.371875000000136,8643.0)
(14.375000000000137,8634.0)
(14.375000000000137,8645.0)
(14.378125000000137,8636.0)
(14.381250000000136,8639.0)
(14.384375000000137,8636.0)
(14.387500000000138,8640.0)
(14.390625000000137,8633.0)
(14.393750000000137,8643.0)
(14.396875000000136,8645.0)
(14.400000000000137,8642.0)
(14.400000000000137,8641.0)
(14.403125000000138,8639.0)
(14.406250000000137,8643.0)
(14.409375000000137,8636.0)
(14.412500000000136,8641.0)
(14.415625000000137,8648.0)
(14.418750000000138,8642.0)
(14.421875000000137,8641.0)
(14.425000000000137,8638.0)
(14.425000000000137,8633.0)
(14.428125000000138,8633.0)
(14.431250000000137,8637.0)
(14.434375000000138,8639.0)
(14.437500000000139,8632.0)
(14.440625000000137,8637.0)
(14.443750000000138,8642.0)
(14.446875000000137,8647.0)
(14.450000000000138,8641.0)
(14.450000000000138,8640.0)
(14.452777777777916,8639.0)
(14.455555555555694,8635.0)
(14.45833333333347,8631.0)
(14.461111111111249,8633.0)
(14.463888888889027,8636.0)
(14.466666666666805,8637.0)
(14.469444444444582,8633.0)
(14.47222222222236,8632.0)
(14.475000000000138,8636.0)
(14.475000000000138,8636.0)
(14.478571428571566,8635.0)
(14.482142857142996,8635.0)
(14.485714285714424,8634.0)
(14.489285714285852,8636.0)
(14.49285714285728,8629.0)
(14.49642857142871,8628.0)
(14.500000000000139,8633.0)
(14.500000000000139,8633.0)
(14.502777777777917,8624.0)
(14.505555555555695,8633.0)
(14.508333333333471,8635.0)
(14.51111111111125,8629.0)
(14.513888888889028,8631.0)
(14.516666666666806,8629.0)
(14.519444444444582,8636.0)
(14.52222222222236,8625.0)
(14.525000000000139,8629.0)
(14.525000000000139,8626.0)
(14.528571428571567,8629.0)
(14.532142857142997,8626.0)
(14.535714285714425,8630.0)
(14.539285714285853,8628.0)
(14.542857142857281,8625.0)
(14.546428571428711,8624.0)
(14.55000000000014,8632.0)
(14.55000000000014,8629.0)
(14.55312500000014,8631.0)
(14.556250000000139,8630.0)
(14.55937500000014,8627.0)
(14.562500000000139,8633.0)
(14.56562500000014,8626.0)
(14.56875000000014,8626.0)
(14.571875000000139,8624.0)
(14.57500000000014,8626.0)
(14.57500000000014,8624.0)
(14.57500000000014,8622.0)
(14.60000000000014,8624.0)
(14.60000000000014,8620.0)
(14.60500000000014,8626.0)
(14.61000000000014,8624.0)
(14.61500000000014,8626.0)
(14.62000000000014,8630.0)
(14.62500000000014,8623.0)
(14.62500000000014,8626.0)
(14.628125000000141,8627.0)
(14.63125000000014,8615.0)
(14.63437500000014,8621.0)
(14.637500000000141,8626.0)
(14.64062500000014,8625.0)
(14.643750000000141,8630.0)
(14.64687500000014,8620.0)
(14.65000000000014,8625.0)
(14.65000000000014,8628.0)
(14.652777777777919,8623.0)
(14.655555555555697,8632.0)
(14.658333333333474,8637.0)
(14.661111111111252,8625.0)
(14.66388888888903,8625.0)
(14.666666666666808,8626.0)
(14.669444444444585,8620.0)
(14.672222222222363,8622.0)
(14.675000000000141,8628.0)
(14.675000000000141,8622.0)
(14.678125000000142,8622.0)
(14.68125000000014,8621.0)
(14.684375000000141,8621.0)
(14.687500000000142,8631.0)
(14.690625000000141,8632.0)
(14.693750000000142,8627.0)
(14.69687500000014,8624.0)
(14.700000000000141,8626.0)
(14.700000000000141,8623.0)
(14.70357142857157,8620.0)
(14.707142857143,8621.0)
(14.710714285714428,8627.0)
(14.714285714285856,8625.0)
(14.717857142857284,8628.0)
(14.721428571428714,8620.0)
(14.725000000000142,8620.0)
(14.725000000000142,8627.0)
(14.725000000000142,8621.0)
(14.729166666666808,8620.0)
(14.733333333333475,8624.0)
(14.737500000000143,8630.0)
(14.74166666666681,8621.0)
(14.745833333333476,8627.0)
(14.750000000000142,8620.0)
(14.750000000000142,8621.0)
(14.75277777777792,8623.0)
(14.755555555555699,8624.0)
(14.758333333333475,8627.0)
(14.761111111111253,8625.0)
(14.763888888889031,8629.0)
(14.76666666666681,8626.0)
(14.769444444444586,8626.0)
(14.772222222222364,8621.0)
(14.775000000000142,8622.0)
(14.775000000000142,8624.0)
(14.778125000000143,8628.0)
(14.781250000000142,8627.0)
(14.784375000000143,8630.0)
(14.787500000000144,8621.0)
(14.790625000000142,8625.0)
(14.793750000000143,8624.0)
(14.796875000000142,8623.0)
(14.800000000000143,8629.0)
(14.800000000000143,8625.0)
(14.803125000000144,8624.0)
(14.806250000000142,8624.0)
(14.809375000000143,8619.0)
(14.812500000000142,8627.0)
(14.815625000000143,8625.0)
(14.818750000000144,8619.0)
(14.821875000000142,8624.0)
(14.825000000000143,8624.0)
(14.825000000000143,8618.0)
(14.827777777777921,8625.0)
(14.8305555555557,8622.0)
(14.833333333333476,8625.0)
(14.836111111111254,8626.0)
(14.838888888889032,8624.0)
(14.84166666666681,8625.0)
(14.844444444444587,8624.0)
(14.847222222222365,8623.0)
(14.850000000000144,8624.0)
(14.850000000000144,8625.0)
(14.875000000000144,8627.0)
(14.875000000000144,8622.0)
(14.900000000000144,8628.0)
(14.900000000000144,8622.0)
(14.906250000000144,8627.0)
(14.912500000000144,8630.0)
(14.918750000000145,8621.0)
(14.925000000000145,8626.0)
(14.925000000000145,8626.0)
(14.927500000000144,8625.0)
(14.930000000000145,8626.0)
(14.932500000000145,8628.0)
(14.935000000000144,8629.0)
(14.937500000000146,8628.0)
(14.940000000000145,8621.0)
(14.942500000000145,8625.0)
(14.945000000000144,8625.0)
(14.947500000000145,8627.0)
(14.950000000000145,8629.0)
(14.950000000000145,8627.0)
(14.953125000000146,8632.0)
(14.956250000000145,8629.0)
(14.959375000000145,8622.0)
(14.962500000000144,8635.0)
(14.965625000000145,8628.0)
(14.968750000000146,8623.0)
(14.971875000000145,8628.0)
(14.975000000000145,8626.0)
(14.975000000000145,8627.0)
(14.978125000000146,8623.0)
(14.981250000000145,8624.0)
(14.984375000000146,8624.0)
(14.987500000000146,8627.0)
(14.990625000000145,8623.0)
(14.993750000000146,8628.0)
(14.996875000000145,8622.0)
(15.000000000000146,8618.0)
