(30.07499999999936,0.002627)
(30.07499999999936,0.463605)
(30.081249999999358,0.002627)
(30.08749999999936,0.612056)
(30.09374999999936,0.608793)
(30.09999999999936,0.002315)
(30.09999999999936,0.607164)
(30.104999999999357,0.002215)
(30.109999999999356,0.002118)
(30.11499999999936,0.470764)
(30.119999999999358,0.002023)
(30.124999999999357,0.600672)
(30.124999999999357,0.001839)
(30.131249999999355,0.00175)
(30.137499999999356,0.477978)
(30.143749999999358,0.597439)
(30.149999999999356,0.476531)
(30.149999999999356,0.00175)
(30.15833333333269,0.001664)
(30.16666666666602,0.001664)
(30.174999999999354,0.476531)
(30.174999999999354,0.001839)
(30.183333333332687,0.00175)
(30.19166666666602,0.476531)
(30.199999999999353,0.476531)
(30.199999999999353,0.001664)
(30.208333333332686,0.001664)
(30.21666666666602,0.00175)
(30.22499999999935,0.00175)
(30.22499999999935,0.597439)
(30.23124999999935,0.001664)
(30.23749999999935,0.001664)
(30.243749999999352,0.001664)
(30.24999999999935,0.00158)
(30.24999999999935,0.001664)
(30.256249999999348,0.476531)
(30.26249999999935,0.476531)
(30.26874999999935,0.00175)
(30.27499999999935,0.00175)
(30.27499999999935,0.00175)
(30.28333333333268,0.001839)
(30.291666666666014,0.00175)
(30.299999999999347,0.00175)
(30.299999999999347,0.00158)
(30.306249999999345,0.001498)
(30.312499999999346,0.001498)
(30.318749999999348,0.001498)
(30.324999999999346,0.001498)
(30.324999999999346,0.001498)
(30.33333333333268,0.480879)
(30.34166666666601,0.594215)
(30.349999999999344,0.001498)
(30.349999999999344,0.477978)
(30.358333333332677,0.00175)
(30.36666666666601,0.00175)
(30.374999999999343,2.029368)
(30.374999999999343,2.017432)
(30.383333333332676,0.00193)
(30.39166666666601,0.00193)
(30.39999999999934,0.600672)
(30.39999999999934,0.001839)
(30.40624999999934,0.001839)
(30.41249999999934,2.011477)
(30.418749999999342,4.610712)
(30.42499999999934,4.601694)
(30.42499999999934,4.588184)
(30.431249999999338,8.236483)
(30.43749999999934,4.552255)
(30.44374999999934,8.176214)
(30.44999999999934,4.538818)
(30.44999999999934,8.158175)
(30.45833333333267,8.134157)
(30.466666666666004,8.116167)
(30.474999999999337,8.092212)
(30.474999999999337,8.068292)
(30.48333333333267,8.050376)
(30.491666666666003,12.710516)
(30.499999999999336,8.00865)
(30.499999999999336,18.393908)
(30.506249999999334,33.011009)
(30.512499999999335,41.86285)
(30.518749999999336,41.753239)
(30.524999999999334,51.596752)
(30.524999999999334,51.444439)
(30.529999999999333,51.30756)
(30.534999999999332,51.170868)
(30.539999999999335,62.011234)
(30.544999999999334,61.827328)
(30.549999999999333,61.643688)
(30.549999999999333,61.476994)
(30.554999999999332,61.310528)
(30.55999999999933,61.160904)
(30.564999999999333,60.978302)
(30.569999999999332,72.725891)
(30.57499999999933,60.597389)
(30.57499999999933,72.309273)
(30.58124999999933,60.217716)
(30.58749999999933,60.036572)
(30.593749999999332,71.695656)
(30.59999999999933,59.658707)
(30.59999999999933,71.282104)
(30.608333333332663,83.685226)
(30.616666666665996,59.265732)
(30.62499999999933,83.412712)
(30.62499999999933,47.975769)
(30.62499999999933,70.173447)
(30.63333333333266,69.977684)
(30.641666666665994,69.764458)
(30.649999999999327,57.900856)
(30.649999999999327,69.392105)
(30.656249999999325,69.179779)
(30.662499999999326,57.369137)
(30.668749999999328,68.773804)
(30.674999999999326,68.544868)
(30.674999999999326,68.333916)
(30.68333333333266,68.123291)
(30.69166666666599,80.25502)
(30.699999999999324,56.408848)
(30.699999999999324,67.493423)
(30.708333333332657,67.266716)
(30.71666666666599,66.849205)
(30.724999999999323,67.057793)
(30.724999999999323,55.078465)
(30.733333333332656,66.052742)
(30.74166666666599,55.251759)
(30.74999999999932,54.889755)
(30.74999999999932,65.863022)
(30.75624999999932,65.656349)
(30.76249999999932,65.432854)
(30.768749999999322,53.79554)
(30.77499999999932,53.966732)
(30.77499999999932,64.867279)
(30.783333333332653,64.679314)
(30.791666666665986,64.474586)
(30.79999999999932,53.098099)
(30.79999999999932,52.943748)
(30.80833333333265,52.789635)
(30.816666666665984,63.540546)
(30.824999999999317,52.620373)
(30.824999999999317,52.252048)
(30.831249999999315,52.068382)
(30.837499999999316,62.764736)
(30.843749999999318,74.641876)
(30.849999999999316,51.900314)
(30.849999999999316,51.215668)
(30.856249999999314,51.367409)
(30.862499999999315,62.027267)
(30.868749999999316,61.81023)
(30.874999999999314,61.626888)
(30.874999999999314,61.427216)
(30.881249999999312,73.180588)
(30.887499999999314,61.012283)
(30.893749999999315,49.965145)
(30.899999999999313,60.648338)
(30.899999999999313,49.457474)
(30.92499999999931,60.450298)
(30.92499999999931,39.593941)
(30.94999999999931,49.160091)
(30.94999999999931,59.743404)
(30.956249999999308,39.156143)
(30.96249999999931,48.656662)
(30.96874999999931,38.865665)
(30.97499999999931,38.73399)
(30.97499999999931,30.05792)
(30.981249999999307,16.120464)
(30.987499999999308,16.069811)
(30.99374999999931,3.282559)
(30.999999999999307,10.670644)
(30.999999999999307,3.244713)
(31.00833333333264,3.229636)
(31.016666666665973,3.214595)
(31.024999999999306,3.199589)
(31.024999999999306,1.113191)
(31.03333333333264,1.10658)
(31.04166666666597,0.100647)
(31.049999999999304,0.101977)
(31.049999999999304,1.093418)
(31.056249999999302,0.172511)
(31.062499999999304,0.172511)
(31.068749999999305,0.173378)
(31.074999999999303,0.174248)
(31.074999999999303,0.096063)
(31.083333333332636,0.175119)
(31.09166666666597,0.177747)
(31.0999999999993,0.094131)
(31.0999999999993,0.180394)
(31.108333333332634,0.181281)
(31.116666666665967,1.065171)
(31.1249999999993,0.090325)
(31.1249999999993,0.185748)
(31.133333333332633,0.18485)
(31.141666666665966,1.054406)
(31.1499999999993,0.089699)
(31.1499999999993,0.18936)
(31.156249999999297,0.085985)
(31.162499999999298,0.192092)
(31.1687499999993,0.193007)
(31.174999999999297,0.082951)
(31.174999999999297,1.378181)
(31.18333333333263,0.080563)
(31.191666666665963,0.200405)
(31.199999999999296,0.20134)
(31.199999999999296,1.392886)
(31.206249999999294,0.077626)
(31.212499999999295,0.205099)
(31.218749999999297,0.206045)
(31.224999999999294,0.206992)
(31.224999999999294,0.074745)
(31.233333333332627,1.412613)
(31.24166666666596,1.412613)
(31.249999999999293,0.210804)
(31.249999999999293,1.415088)
(31.258333333332626,1.415088)
(31.26666666666596,0.211763)
(31.27499999999929,0.212723)
(31.27499999999929,1.420046)
(31.28124999999929,0.213686)
(31.28749999999929,1.425012)
(31.293749999999292,0.215618)
(31.29999999999929,0.216587)
(31.29999999999929,0.217558)
(31.308333333332623,0.218532)
(31.316666666665956,0.220486)
(31.32499999999929,0.221466)
(31.32499999999929,3.726482)
(31.33333333333262,0.222448)
(31.341666666665954,1.444963)
(31.349999999999287,0.223433)
(31.349999999999287,0.225408)
(31.356249999999285,1.45248)
(31.362499999999287,0.064292)
(31.368749999999288,1.460017)
(31.374999999999286,1.460017)
(31.374999999999286,0.228387)
(31.38333333333262,0.95999)
(31.39166666666595,0.061155)
(31.399999999999284,0.233396)
(31.399999999999284,1.472622)
(31.406249999999282,0.235415)
(31.412499999999284,0.236428)
(31.418749999999285,1.48021)
(31.424999999999283,3.790963)
(31.424999999999283,1.482744)
(31.43124999999928,1.482744)
(31.437499999999282,1.482744)
(31.443749999999284,0.238459)
(31.44999999999928,1.48528)
(31.44999999999928,1.482744)
(31.458333333332615,1.482744)
(31.466666666665947,0.238459)
(31.47499999999928,0.239478)
(31.47499999999928,0.2405)
(31.483333333332613,0.241523)
(31.491666666665946,1.492901)
(31.49999999999928,0.242549)
(31.49999999999928,0.243577)
(31.506249999999277,0.244607)
(31.512499999999278,0.245639)
(31.51874999999928,1.503092)
(31.524999999999277,1.503092)
(31.524999999999277,1.503092)
(31.531249999999275,1.503092)
(31.537499999999277,3.823409)
(31.543749999999278,1.500541)
(31.549999999999276,0.245639)
(31.549999999999276,0.05414)
(31.55833333333261,0.249789)
(31.56666666666594,1.513317)
(31.574999999999275,0.250832)
(31.574999999999275,0.252925)
(31.581249999999272,0.255026)
(31.587499999999274,0.255026)
(31.593749999999275,1.526148)
(31.599999999999273,0.25608)
(31.599999999999273,1.526148)
(31.608333333332606,1.526148)
(31.61666666666594,0.256079)
(31.62499999999927,0.257136)
(31.62499999999927,1.533872)
(31.63124999999927,1.533872)
(31.63749999999927,0.261381)
(31.643749999999272,0.048467)
(31.64999999999927,0.263517)
(31.64999999999927,0.046197)
(31.67499999999927,1.551971)
(31.67499999999927,0.265662)
(31.699999999999267,1.551971)
(31.699999999999267,1.551971)
(31.706249999999265,1.551971)
(31.712499999999267,1.549379)
(31.718749999999268,0.265662)
(31.724999999999266,1.551971)
(31.724999999999266,1.549379)
(31.7333333333326,0.265662)
(31.74166666666593,1.551971)
(31.749999999999265,1.551971)
(31.749999999999265,1.554565)
(31.756249999999262,1.554565)
(31.762499999999264,0.266737)
(31.768749999999265,0.266737)
(31.774999999999263,1.551971)
(31.774999999999263,0.266737)
(31.783333333332596,1.554565)
(31.79166666666593,1.554565)
(31.79999999999926,0.266737)
(31.79999999999926,0.268895)
(31.808333333332595,1.557161)
(31.816666666665927,1.557161)
(31.82499999999926,0.268895)
(31.82499999999926,1.559759)
(31.833333333332593,0.268895)
(31.841666666665926,0.269977)
(31.84999999999926,1.56236)
(31.84999999999926,0.271061)
(31.85833333333259,1.56236)
(31.866666666665925,0.043109)
(31.874999999999257,0.273236)
(31.874999999999257,1.572783)
(31.881249999999255,0.274326)
(31.887499999999257,0.276514)
(31.893749999999258,1.578008)
(31.899999999999256,1.572783)
(31.899999999999256,3.95043)
(31.90833333333259,0.040969)
(31.916666666665922,1.580624)
(31.924999999999255,0.278711)
(31.924999999999255,1.583242)
(31.931249999999253,1.583242)
(31.937499999999254,3.950431)
(31.943749999999255,3.946301)
(31.949999999999253,3.942173)
(31.949999999999253,0.276514)
(31.958333333332586,3.942173)
(31.96666666666592,1.572783)
(31.974999999999252,1.572783)
(31.974999999999252,1.570174)
(31.98124999999925,0.274326)
(31.98749999999925,1.572783)
(31.993749999999253,1.567567)
(31.99999999999925,1.572783)
(31.99999999999925,1.567567)
(32.00833333333259,1.567567)
(32.01666666666592,3.925684)
(32.02499999999925,3.925684)
(32.02499999999925,1.567567)
(32.031249999999254,1.567567)
(32.037499999999255,1.567567)
(32.04374999999925,1.570174)
(32.04999999999925,3.929804)
(32.04999999999925,1.564962)
(32.058333333332584,0.272147)
(32.06666666666592,1.567567)
(32.07499999999925,1.567567)
(32.07499999999925,1.564962)
(32.08124999999925,0.272147)
(32.08749999999925,1.564962)
(32.09374999999925,3.921568)
(32.09999999999925,0.272147)
(32.09999999999925,1.567567)
(32.10833333333258,1.567567)
(32.116666666665914,1.567567)
(32.12499999999925,3.925684)
(32.12499999999925,3.921567)
(32.13124999999925,1.562359)
(32.13749999999925,3.913341)
(32.143749999999244,1.55716)
(32.149999999999245,1.55716)
(32.149999999999245,3.913341)
(32.15499999999925,1.55716)
(32.15999999999924,0.04486)
(32.164999999999246,1.55716)
(32.16999999999924,1.55716)
(32.174999999999244,0.269976)
(32.174999999999244,1.562359)
(32.18333333333258,3.921567)
(32.19166666666591,1.564962)
(32.19999999999924,1.567567)
(32.19999999999924,1.570174)
(32.208333333332575,3.933925)
(32.21666666666591,0.273236)
(32.22499999999924,1.570174)
(32.22499999999924,1.572783)
(32.23124999999924,1.572783)
(32.237499999999244,1.575395)
(32.24374999999924,0.275419)
(32.24999999999924,1.572783)
(32.24999999999924,1.572783)
(32.25833333333257,1.572783)
(32.266666666665905,1.572783)
(32.27499999999924,1.575395)
(32.27499999999924,1.578008)
(32.28333333333257,1.578008)
(32.291666666665904,1.575395)
(32.29999999999924,1.575395)
(32.29999999999924,1.575395)
(32.30833333333257,0.277611)
(32.3166666666659,1.580624)
(32.324999999999235,1.580624)
(32.324999999999235,1.580624)
(32.33124999999924,0.278711)
(32.33749999999924,1.583242)
(32.34374999999923,1.583242)
(32.349999999999234,0.279812)
(32.349999999999234,1.588484)
(32.35833333333257,1.585862)
(32.3666666666659,1.588484)
(32.37499999999923,1.591108)
(32.37499999999923,0.282022)
(32.383333333332565,1.588484)
(32.3916666666659,1.591108)
(32.39999999999923,1.591108)
(32.39999999999923,3.958697)
(32.408333333332564,1.588484)
(32.4166666666659,0.282022)
(32.42499999999923,1.591108)
(32.42499999999923,1.588484)
(32.43333333333256,1.591108)
(32.441666666665895,1.591108)
(32.44999999999923,1.591108)
(32.44999999999923,0.28424)
(32.45833333333256,1.596363)
(32.466666666665894,1.596363)
(32.47499999999923,0.285352)
(32.47499999999923,1.598994)
(32.47999999999923,1.598994)
(32.484999999999225,3.975254)
(32.48999999999923,3.975254)
(32.49499999999922,1.596363)
(32.499999999999226,1.596363)
(32.499999999999226,1.596363)
(32.50624999999923,0.285352)
(32.51249999999922,1.596363)
(32.51874999999922,1.593735)
(32.524999999999224,1.591108)
(32.524999999999224,1.588484)
(32.531249999999226,1.591108)
(32.53749999999923,1.591108)
(32.54374999999922,1.591108)
(32.54999999999922,0.28313)
(32.54999999999922,1.593735)
(32.558333333332556,1.593735)
(32.56666666666589,1.593735)
(32.57499999999922,3.966971)
(32.57499999999922,3.958697)
(32.58124999999922,1.583242)
(32.587499999999224,1.583242)
(32.59374999999922,1.585862)
(32.59999999999922,1.588484)
(32.59999999999922,1.588484)
(32.60624999999922,3.958697)
(32.612499999999216,1.588484)
(32.61874999999922,0.280916)
(32.62499999999922,1.588484)
(32.62499999999922,1.588484)
(32.63124999999922,0.282022)
(32.63749999999922,1.593735)
(32.643749999999216,1.596363)
(32.64999999999922,1.593735)
(32.64999999999922,1.598994)
(32.65833333333255,0.285352)
(32.66666666666588,0.286467)
(32.674999999999216,0.286467)
(32.674999999999216,1.601627)
(32.68333333333255,0.287584)
(32.69166666666588,1.604262)
(32.699999999999214,1.604262)
(32.699999999999214,3.987694)
(32.706249999999216,0.288703)
(32.71249999999921,3.983545)
(32.71874999999921,1.601627)
(32.72499999999921,1.601627)
(32.72499999999921,1.601627)
(32.733333333332546,1.604262)
(32.74166666666588,1.601627)
(32.74999999999921,1.601627)
(32.74999999999921,0.288703)
(32.75624999999921,1.6069)
(32.76249999999921,1.6069)
(32.76874999999921,1.6069)
(32.77499999999921,1.604262)
(32.77499999999921,1.604262)
(32.78333333333254,1.604262)
(32.791666666665876,3.987694)
(32.79999999999921,1.6069)
(32.79999999999921,0.289824)
(32.80833333333254,1.609539)
(32.816666666665874,1.609539)
(32.82499999999921,1.6069)
(32.82499999999921,1.6069)
(32.83333333333254,1.6069)
(32.84166666666587,1.6069)
(32.849999999999206,3.987694)
(32.849999999999206,3.983545)
(32.85624999999921,1.601627)
(32.8624999999992,3.979399)
(32.8687499999992,1.601627)
(32.874999999999204,1.598994)
(32.874999999999204,3.975254)
(32.88333333333254,1.596363)
(32.89166666666587,1.596363)
(32.8999999999992,1.596363)
(32.8999999999992,1.596363)
(32.906249999999204,1.598994)
(32.9124999999992,1.598994)
(32.9187499999992,1.598994)
(32.9249999999992,1.596363)
(32.9249999999992,3.971112)
(32.9312499999992,1.593735)
(32.937499999999204,3.966971)
(32.9437499999992,1.591108)
(32.9499999999992,1.591108)
(32.9499999999992,1.591108)
(32.95833333333253,1.593735)
(32.966666666665866,1.593735)
(32.9749999999992,1.593735)
(32.9749999999992,1.591108)
(32.9812499999992,1.593735)
(32.9874999999992,1.583242)
(32.993749999999196,1.591108)
(32.9999999999992,3.958697)
(32.9999999999992,0.280916)
(33.0062499999992,1.585862)
(33.01249999999919,3.954562)
(33.018749999999194,1.583242)
(33.024999999999196,1.583242)
(33.024999999999196,3.95043)
(33.03333333333253,3.942173)
(33.04166666666586,3.938048)
(33.049999999999194,1.572783)
(33.049999999999194,1.572783)
(33.05833333333253,1.572783)
(33.06666666666586,3.933924)
(33.07499999999919,1.572783)
(33.07499999999919,1.570174)
(33.083333333332526,3.925684)
(33.09166666666586,1.562359)
(33.09999999999919,1.562359)
(33.09999999999919,3.917452)
(33.10624999999919,1.55716)
(33.11249999999919,1.55716)
(33.11874999999919,3.909229)
(33.12499999999919,1.55197)
(33.12499999999919,3.896911)
(33.13333333333252,3.892809)
(33.141666666665856,3.888709)
(33.14999999999919,3.884612)
(33.14999999999919,1.539031)
(33.15624999999919,1.541614)
(33.162499999999184,0.262448)
(33.168749999999186,3.892809)
(33.17499999999919,1.546788)
(33.17499999999919,1.541614)
(33.18124999999919,1.541614)
(33.18749999999919,1.541614)
(33.193749999999184,3.884612)
(33.199999999999186,1.53645)
(33.199999999999186,3.876422)
(33.20499999999919,1.533871)
(33.209999999999184,1.533871)
(33.214999999999186,0.258193)
(33.21999999999918,1.533871)
(33.224999999999184,1.531294)
(33.224999999999184,1.528719)
(33.231249999999186,1.528719)
(33.23749999999919,1.528719)
(33.24374999999918,3.864156)
(33.24999999999918,1.526147)
(33.24999999999918,1.523576)
(33.258333333332516,1.523576)
(33.26666666666585,3.855988)
(33.27499999999918,1.521008)
(33.27499999999918,3.843753)
(33.283333333332514,1.518441)
(33.29166666666585,1.513316)
(33.29999999999918,1.513316)
(33.29999999999918,0.250832)
(33.30833333333251,1.515877)
(33.316666666665846,1.518441)
(33.32499999999918,1.518441)
(33.32499999999918,1.523576)
(33.33124999999918,1.521008)
(33.33749999999918,1.518441)
(33.343749999999176,1.523576)
(33.34999999999918,3.855988)
(33.34999999999918,1.526147)
(33.35833333333251,3.864156)
(33.36666666666584,1.526147)
(33.374999999999176,3.860071)
(33.374999999999176,1.523576)
(33.38333333333251,3.860071)
(33.39166666666584,3.847829)
(33.399999999999174,1.521008)
(33.399999999999174,1.515877)
(33.406249999999176,1.513316)
(33.41249999999917,3.835608)
(33.41874999999917,1.508199)
(33.42499999999917,1.508199)
(33.42499999999917,1.510756)
(33.433333333332506,1.510756)
(33.44166666666584,0.249789)
(33.44999999999917,3.839679)
(33.44999999999917,1.508199)
(33.45624999999917,1.510756)
(33.46249999999917,1.513316)
(33.46874999999917,1.513316)
(33.47499999999917,1.513316)
(33.47499999999917,1.510756)
(33.4833333333325,1.510756)
(33.491666666665836,1.510756)
(33.49999999999917,3.835608)
(33.49999999999917,3.835608)
(33.5083333333325,1.508199)
(33.516666666665834,1.510756)
(33.52499999999917,1.510756)
(33.52499999999917,1.508199)
(33.5333333333325,1.508199)
(33.54166666666583,1.510756)
(33.549999999999166,1.510756)
(33.549999999999166,1.510756)
(33.55624999999917,3.835608)
(33.56249999999916,1.508199)
(33.56874999999916,3.831538)
(33.574999999999164,1.505643)
(33.574999999999164,0.247709)
(33.5833333333325,1.508199)
(33.59166666666583,1.508199)
(33.59999999999916,3.835608)
(33.59999999999916,3.831538)
(33.608333333332496,3.823404)
(33.61666666666583,1.500539)
(33.62499999999916,1.500539)
(33.62499999999916,1.500539)
(33.633333333332494,0.244606)
(33.64166666666583,1.495443)
(33.64999999999916,3.819341)
(33.64999999999916,3.811221)
(33.65499999999916,3.807164)
(33.65999999999916,0.240499)
(33.66499999999916,3.803109)
(33.669999999999156,1.490356)
(33.67499999999916,1.490356)
(33.67499999999916,3.803109)
(33.68333333333249,1.487816)
(33.691666666665824,0.241523)
(33.69999999999916,1.490356)
(33.69999999999916,1.485278)
(33.70624999999916,1.485278)
(33.71249999999915,3.799057)
(33.718749999999154,3.795007)
(33.724999999999156,1.485278)
(33.724999999999156,3.790958)
(33.73124999999916,1.485278)
(33.73749999999916,1.482742)
(33.74374999999915,3.799057)
(33.749999999999154,1.482742)
(33.749999999999154,1.485278)
(33.75833333333249,1.487816)
(33.76666666666582,1.485278)
(33.77499999999915,1.485278)
(33.77499999999915,1.485278)
(33.783333333332486,3.795007)
(33.79166666666582,1.485278)
(33.79999999999915,3.790958)
(33.79999999999915,1.480208)
(33.80624999999915,1.480208)
(33.81249999999915,1.480208)
(33.81874999999915,1.480208)
(33.82499999999915,1.480208)
(33.82499999999915,1.477676)
(33.83333333333248,0.237442)
(33.841666666665816,1.482742)
(33.84999999999915,1.485278)
(33.84999999999915,1.480208)
(33.85833333333248,3.790958)
(33.866666666665814,1.477676)
(33.87499999999915,3.778826)
(33.87499999999915,1.470095)
(33.88124999999915,1.470095)
(33.88749999999915,1.470095)
(33.893749999999145,3.766713)
(33.899999999999146,1.465051)
(33.899999999999146,1.465051)
(33.90833333333248,1.467571)
(33.91666666666581,1.467571)
(33.924999999999145,1.465051)
(33.924999999999145,1.462532)
(33.931249999999146,1.460016)
(33.93749999999915,1.462532)
(33.94374999999914,3.75462)
(33.94999999999914,1.457501)
(33.94999999999914,1.457501)
(33.958333333332476,1.457501)
(33.96666666666581,1.457501)
(33.97499999999914,3.750593)
(33.97499999999914,1.449971)
(33.98124999999914,0.225408)
(33.987499999999145,7.096612)
(33.99374999999914,1.447465)
(33.99999999999914,3.730491)
(33.99999999999914,3.726477)
(34.00833333333247,3.718455)
(34.016666666665806,1.434969)
(34.02499999999914,1.437464)
(34.02499999999914,3.722465)
(34.03333333333247,3.718455)
(34.041666666665805,1.437464)
(34.04999999999914,1.437464)
(34.04999999999914,3.718455)
(34.05624999999914,3.710442)
(34.06249999999913,1.429985)
(34.068749999999135,3.710442)
(34.074999999999136,1.429985)
(34.074999999999136,3.706438)
(34.08333333333247,7.046932)
(34.0916666666658,3.694442)
(34.099999999999135,1.417564)
(34.099999999999135,1.417564)
(34.10833333333247,3.686455)
(34.1166666666658,1.415086)
(34.12499999999913,3.678475)
(34.12499999999913,1.410137)
(34.131249999999135,1.410137)
(34.137499999999136,1.407666)
(34.14374999999913,1.405197)
(34.14999999999913,3.666524)
(34.14999999999913,1.40273)
(34.158333333332465,1.40273)
(34.1666666666658,1.40273)
(34.17499999999913,3.666524)
(34.17499999999913,0.206992)
(34.18333333333246,0.207942)
(34.191666666665796,1.407666)
(34.19999999999913,1.407666)
(34.19999999999913,1.407666)
(34.20833333333246,3.666523)
(34.216666666665795,3.658566)
(34.22499999999913,1.397802)
(34.22499999999913,1.397802)
(34.23333333333246,1.397802)
(34.24166666666579,1.397802)
(34.249999999999126,3.654591)
(34.249999999999126,1.395342)
(34.25833333333246,1.395342)
(34.26666666666579,1.395342)
(34.274999999999125,1.395342)
(34.274999999999125,0.204156)
(34.281249999999126,1.397802)
(34.28749999999913,0.205099)
(34.29374999999912,3.65459)
(34.29999999999912,0.205099)
(34.29999999999912,0.206044)
(34.308333333332456,1.397802)
(34.31666666666579,6.969996)
(34.32499999999912,1.390428)
(34.32499999999912,1.390428)
(34.333333333332455,3.634745)
(34.34166666666579,1.383072)
(34.34999999999912,1.383072)
(34.34999999999912,1.385522)
(34.35833333333245,1.385522)
(34.366666666665786,1.385522)
(34.37499999999912,1.380624)
(34.37499999999912,1.368419)
(34.38124999999912,0.195765)
(34.38749999999912,1.361122)
(34.393749999999116,1.351422)
(34.39999999999912,1.34417)
(34.39999999999912,3.555902)
(34.40624999999912,1.324927)
(34.41249999999911,3.520703)
(34.418749999999115,1.303443)
(34.424999999999116,0.166501)
(34.424999999999116,0.163958)
(34.43333333333245,1.268025)
(34.44166666666578,3.462423)
(34.449999999999115,3.423838)
(34.449999999999115,3.381643)
(34.45833333333245,1.244682)
(34.46666666666578,1.187271)
(34.47499999999911,3.347313)
(34.47499999999911,1.142315)
(34.481249999999115,3.275409)
(34.487499999999116,1.12016)
(34.49374999999911,1.098222)
(34.49999999999911,3.12289)
(34.49999999999911,1.050718)
(34.508333333332445,1.027358)
(34.51666666666578,0.209049)
(34.52499999999911,2.966812)
(34.52499999999911,0.96089)
(34.53333333333244,0.938552)
(34.541666666665776,2.846213)
(34.54999999999911,0.890725)
(34.54999999999911,0.041023)
(34.55833333333244,0.847978)
(34.566666666665775,0.826997)
(34.57499999999911,2.64961)
(34.57499999999911,0.78213)
(34.58333333333244,0.761982)
(34.59166666666577,0.740302)
(34.599999999999106,0.720702)
(34.599999999999106,0.697877)
(34.599999999999106,0.675417)
(34.60833333333244,2.375832)
(34.61666666666577,0.636578)
(34.624999999999105,0.003064)
(34.624999999999105,2.261697)
(34.62999999999911,0.579675)
(34.6349999999991,0.542191)
(34.639999999999105,0.560777)
(34.6449999999991,0.525428)
(34.6499999999991,0.507441)
(34.6499999999991,0.000918)
(34.658333333332436,0.473838)
(34.66666666666577,0.456762)
(34.6749999999991,0.004331)
(34.6749999999991,0.424906)
(34.6812499999991,1.875655)
(34.687499999999105,0.391583)
(34.6937499999991,1.804993)
(34.6999999999991,0.359617)
(34.6999999999991,1.738428)
(34.70833333333243,0.331407)
(34.716666666665766,0.318322)
(34.7249999999991,1.643583)
(34.7249999999991,0.28956)
(34.7312499999991,0.276238)
(34.7374999999991,0.263228)
(34.743749999999096,0.251578)
(34.7499999999991,0.24019)
(34.7499999999991,1.459316)
(34.75833333333243,0.215289)
(34.76666666666576,0.077857)
(34.774999999999096,0.194501)
(34.774999999999096,1.345751)
(34.7812499999991,0.173894)
(34.7874999999991,1.290685)
(34.79374999999909,1.260067)
(34.799999999999095,0.143952)
(34.799999999999095,1.206794)
(34.80833333333243,0.117549)
(34.81666666666576,0.126301)
(34.82499999999909,0.108421)
(34.82499999999909,1.099305)
(34.833333333332426,1.073213)
(34.84166666666576,1.045298)
(34.84999999999909,0.07733)
(34.84999999999909,0.070514)
(34.85624999999909,0.064012)
(34.86249999999909,0.057322)
(34.86874999999909,0.051475)
(34.87499999999909,0.265698)
(34.87499999999909,0.041571)
(34.88333333333242,0.850506)
(34.891666666665756,0.827562)
(34.89999999999909,0.806806)
(34.89999999999909,0.023951)
(34.90833333333242,0.020226)
(34.916666666665755,0.744309)
(34.92499999999909,0.722851)
(34.92499999999909,0.011603)
(34.93124999999909,0.00946)
(34.93749999999909,0.007718)
(34.943749999999085,0.423168)
(34.949999999999086,0.431383)
(34.949999999999086,0.005058)
(34.95833333333242,0.63348)
(34.96666666666575,0.003554)
(34.974999999999085,0.003073)
(34.974999999999085,0.612055)
(34.98333333333242,0.002118)
(34.99166666666575,0.001839)
(34.99999999999908,0.594214)
(34.99999999999908,0.00134)
(35.008333333332416,0.485246)
(35.01666666666575,0.4911)
(35.02499999999908,0.582997)
(35.02499999999908,0.579812)
(35.033333333332415,0.000798)
(35.04166666666575,0.00074)
(35.04999999999908,0.49699)
(35.04999999999908,0.00063)
(35.05624999999908,0.000579)
(35.062499999999076,0.000482)
(35.06874999999908,0.000438)
(35.07499999999908,0.000395)
(35.07499999999908,0.00028)
(35.08124999999908,0.000158)
(35.08749999999908,0.5562)
(35.093749999999076,0.000132)
(35.09999999999908,8.9e-05)
