(30.07499999999936,0.08)
(30.07499999999936,-0.906)
(30.07656249999936,0.106)
(30.07812499999936,-0.884)
(30.07968749999936,-0.862)
(30.081249999999358,0.122)
(30.08281249999936,0.138)
(30.08437499999936,-0.874)
(30.08593749999936,-0.87)
(30.08749999999936,1.13)
(30.089062499999358,0.112)
(30.09062499999936,0.124)
(30.09218749999936,0.106)
(30.09374999999936,-0.894)
(30.09531249999936,1.098)
(30.096874999999358,0.088)
(30.09843749999936,0.08)
(30.09999999999936,0.08)
(30.09999999999936,1.062)
(30.10147058823465,0.04)
(30.102941176469947,-0.95)
(30.10441176470524,-0.962)
(30.105882352940533,-0.954)
(30.10735294117583,-0.956)
(30.108823529411122,0.034)
(30.110294117646415,-0.98)
(30.11176470588171,0.02)
(30.113235294117004,0.026)
(30.1147058823523,0.028)
(30.116176470587593,0.02)
(30.117647058822886,0.026)
(30.119117647058182,-0.992)
(30.120588235293475,-0.984)
(30.122058823528768,-0.984)
(30.123529411764064,0.016)
(30.124999999999357,-0.978)
(30.124999999999357,-0.996)
(30.12647058823465,0.016)
(30.127941176469946,0.002)
(30.12941176470524,0.006)
(30.13088235294053,0.002)
(30.132352941175828,-0.996)
(30.13382352941112,0.0)
(30.135294117646414,-0.995)
(30.13676470588171,0.0)
(30.138235294117003,0.0)
(30.1397058823523,0.003)
(30.14117647058759,0.002)
(30.142647058822885,-0.982)
(30.14411764705818,0.022)
(30.145588235293474,-0.98)
(30.147058823528766,0.008)
(30.148529411764063,0.003)
(30.149999999999356,0.002)
(30.149999999999356,0.003)
(30.149999999999356,0.009)
(30.151086956521095,-0.999)
(30.152173913042834,0.003)
(30.153260869564573,-0.984)
(30.154347826086312,-0.97)
(30.15543478260805,-0.97)
(30.15652173912979,-0.958)
(30.15760869565153,-0.96)
(30.158695652173268,-0.96)
(30.159782608695007,0.04)
(30.160869565216746,-0.966)
(30.161956521738485,0.036)
(30.163043478260224,0.034)
(30.164130434781963,1.036)
(30.165217391303702,-0.968)
(30.16630434782544,-0.96)
(30.16739130434718,-0.948)
(30.16847826086892,0.078)
(30.16956521739066,-1.938)
(30.170652173912398,-0.912)
(30.171739130434137,-0.92)
(30.172826086955876,0.09)
(30.173913043477615,-1.904)
(30.174999999999354,-0.904)
(30.174999999999354,-0.904)
(30.176562499999353,0.1)
(30.178124999999355,-0.876)
(30.179687499999353,-0.884)
(30.181249999999352,-0.894)
(30.182812499999354,-0.894)
(30.184374999999353,-0.884)
(30.185937499999355,0.098)
(30.187499999999353,-0.898)
(30.189062499999352,0.12)
(30.190624999999354,0.116)
(30.192187499999353,-0.88)
(30.193749999999355,-0.868)
(30.195312499999353,0.112)
(30.196874999999352,0.152)
(30.198437499999354,-0.844)
(30.199999999999353,-0.826)
(30.199999999999353,0.19)
(30.201666666666018,0.186)
(30.203333333332687,-1.818)
(30.20499999999935,-0.818)
(30.20666666666602,-0.832)
(30.208333333332686,0.162)
(30.20999999999935,0.168)
(30.21166666666602,-0.818)
(30.213333333332685,0.184)
(30.214999999999353,-0.836)
(30.21666666666602,-0.806)
(30.218333333332684,-0.8)
(30.219999999999352,0.204)
(30.221666666666017,0.21)
(30.223333333332686,0.194)
(30.22499999999935,-0.81)
(30.22499999999935,0.182)
(30.22638888888824,-0.812)
(30.227777777777128,0.192)
(30.229166666666018,0.182)
(30.230555555554908,-0.82)
(30.231944444443794,-0.814)
(30.233333333332684,-0.816)
(30.234722222221574,-0.804)
(30.23611111111046,0.202)
(30.23749999999935,-0.796)
(30.23888888888824,0.204)
(30.240277777777127,0.186)
(30.241666666666017,0.174)
(30.243055555554907,0.17)
(30.244444444443793,0.156)
(30.245833333332683,0.148)
(30.247222222221573,0.144)
(30.24861111111046,-0.838)
(30.24999999999935,-0.822)
(30.24999999999935,0.166)
(30.251666666666015,-0.818)
(30.253333333332684,0.156)
(30.25499999999935,0.148)
(30.256666666666018,0.13)
(30.258333333332683,-0.884)
(30.259999999999348,-0.898)
(30.261666666666017,-0.872)
(30.26333333333268,-0.912)
(30.26499999999935,0.08)
(30.266666666666016,0.07)
(30.26833333333268,0.058)
(30.26999999999935,-0.962)
(30.271666666666015,0.024)
(30.273333333332683,-0.978)
(30.27499999999935,0.022)
(30.27499999999935,0.006)
(30.276562499999347,-0.993)
(30.27812499999935,0.0)
(30.279687499999348,-0.999)
(30.281249999999346,0.0)
(30.28281249999935,-1.0)
(30.284374999999347,-0.996)
(30.28593749999935,-0.999)
(30.287499999999348,-0.999)
(30.289062499999346,-0.989)
(30.29062499999935,0.017)
(30.292187499999347,0.013)
(30.29374999999935,-0.977)
(30.295312499999348,0.011)
(30.296874999999346,0.005)
(30.29843749999935,0.0)
(30.299999999999347,0.004)
(30.299999999999347,0.0)
(30.301562499999346,0.002)
(30.303124999999348,0.0)
(30.304687499999346,0.008)
(30.306249999999345,-0.988)
(30.307812499999347,1.002)
(30.309374999999346,0.0)
(30.310937499999348,0.0)
(30.312499999999346,0.0)
(30.314062499999345,-0.999)
(30.315624999999347,0.003)
(30.317187499999346,0.0)
(30.318749999999348,0.0)
(30.320312499999346,-0.998)
(30.321874999999345,-0.997)
(30.323437499999347,-0.98)
(30.324999999999346,0.004)
(30.324999999999346,-0.966)
(30.32647058823464,-0.95)
(30.327941176469935,-0.938)
(30.329411764705227,-0.94)
(30.33088235294052,-0.94)
(30.332352941175817,-0.93)
(30.33382352941111,0.078)
(30.335294117646402,-0.91)
(30.3367647058817,-0.93)
(30.33823529411699,-0.89)
(30.339705882352288,0.124)
(30.34117647058758,-0.87)
(30.342647058822873,0.134)
(30.34411764705817,-0.86)
(30.345588235293462,0.148)
(30.347058823528755,0.158)
(30.34852941176405,0.162)
(30.349999999999344,0.172)
(30.349999999999344,-0.826)
(30.356249999999342,0.184)
(30.362499999999343,-0.798)
(30.368749999999345,-0.774)
(30.374999999999343,-0.75)
(30.374999999999343,-0.748)
(30.37777777777712,-0.724)
(30.3805555555549,-0.728)
(30.383333333332676,-0.752)
(30.386111111110452,0.254)
(30.388888888888232,-0.73)
(30.39166666666601,-0.73)
(30.394444444443785,-0.714)
(30.397222222221565,-0.698)
(30.39999999999934,0.304)
(30.39999999999934,-0.692)
(30.401190476189818,-0.678)
(30.402380952380295,-0.672)
(30.40357142857077,-0.674)
(30.404761904761244,-0.664)
(30.40595238095172,0.35)
(30.407142857142198,0.36)
(30.408333333332674,0.37)
(30.40952380952315,-0.616)
(30.410714285713627,-0.618)
(30.411904761904104,0.382)
(30.413095238094577,0.374)
(30.414285714285054,0.356)
(30.41547619047553,-0.632)
(30.416666666666007,-0.654)
(30.417857142856484,0.348)
(30.41904761904696,-0.642)
(30.420238095237437,-0.64)
(30.42142857142791,-0.628)
(30.422619047618387,-0.616)
(30.423809523808863,0.392)
(30.42499999999934,-0.596)
(30.42499999999934,-0.59)
(30.42656249999934,-0.584)
(30.42812499999934,0.416)
(30.42968749999934,-0.584)
(30.431249999999338,-0.58)
(30.43281249999934,-0.576)
(30.43437499999934,-0.586)
(30.43593749999934,-0.576)
(30.43749999999934,0.432)
(30.439062499999338,-0.558)
(30.44062499999934,-0.556)
(30.44218749999934,-0.568)
(30.44374999999934,-0.564)
(30.44531249999934,-1.56)
(30.446874999999338,0.442)
(30.44843749999934,0.44)
(30.44999999999934,0.448)
(30.44999999999934,0.434)
(30.45138888888823,-0.57)
(30.452777777777115,1.434)
(30.454166666666005,0.416)
(30.455555555554895,0.43)
(30.45694444444378,0.426)
(30.45833333333267,0.428)
(30.45972222222156,-0.578)
(30.461111111110448,-0.572)
(30.462499999999338,-1.614)
(30.463888888888228,-0.59)
(30.465277777777114,0.392)
(30.466666666666004,0.368)
(30.468055555554894,1.364)
(30.46944444444378,-0.648)
(30.47083333333267,0.344)
(30.47222222222156,0.322)
(30.473611111110447,-0.672)
(30.474999999999337,0.328)
(30.474999999999337,0.324)
(30.476666666666002,0.318)
(30.47833333333267,-0.696)
(30.479999999999336,-0.7)
(30.481666666666005,0.286)
(30.48333333333267,-0.73)
(30.484999999999335,0.254)
(30.486666666666004,0.232)
(30.48833333333267,0.222)
(30.489999999999338,-0.784)
(30.491666666666003,-0.782)
(30.493333333332668,0.206)
(30.494999999999337,-0.796)
(30.496666666666002,-0.812)
(30.49833333333267,-0.82)
(30.499999999999336,1.162)
(30.499999999999336,0.134)
(30.501666666666,1.112)
(30.50333333333267,0.128)
(30.504999999999335,-0.894)
(30.506666666666003,0.114)
(30.50833333333267,-0.872)
(30.509999999999334,0.122)
(30.511666666666002,-0.88)
(30.513333333332668,0.124)
(30.514999999999336,-0.882)
(30.516666666666,-0.9)
(30.518333333332667,0.112)
(30.519999999999335,0.102)
(30.521666666666,0.11)
(30.52333333333267,-0.882)
(30.524999999999334,0.094)
(30.524999999999334,0.082)
(30.526785714285047,0.06)
(30.528571428570764,0.032)
(30.530357142856477,0.046)
(30.53214285714219,0.004)
(30.533928571427904,1.018)
(30.53571428571362,-0.999)
(30.537499999999334,-0.996)
(30.539285714285047,0.001)
(30.541071428570763,-0.989)
(30.542857142856477,-0.995)
(30.54464285714219,-0.999)
(30.546428571427903,0.0)
(30.54821428571362,0.002)
(30.549999999999333,0.0)
(30.549999999999333,-0.997)
(30.551666666665998,0.0)
(30.553333333332667,0.0)
(30.554999999999332,0.998)
(30.556666666666,0.0)
(30.558333333332666,-0.999)
(30.55999999999933,-0.999)
(30.561666666666,0.0)
(30.563333333332665,-0.999)
(30.564999999999333,0.001)
(30.566666666666,-1.987)
(30.568333333332664,0.009)
(30.569999999999332,0.003)
(30.571666666665998,0.001)
(30.573333333332666,-0.997)
(30.57499999999933,0.007)
(30.57499999999933,-0.989)
(30.57656249999933,-0.991)
(30.578124999999332,0.013)
(30.57968749999933,0.001)
(30.58124999999933,0.0)
(30.58281249999933,0.0)
(30.58437499999933,-0.998)
(30.585937499999332,0.0)
(30.58749999999933,0.001)
(30.58906249999933,0.005)
(30.59062499999933,0.0)
(30.59218749999933,-0.996)
(30.593749999999332,0.014)
(30.59531249999933,-0.998)
(30.59687499999933,-0.986)
(30.59843749999933,0.004)
(30.59999999999933,-0.998)
(30.59999999999933,-0.992)
(30.60156249999933,0.999)
(30.60312499999933,0.034)
(30.60468749999933,-0.974)
(30.606249999999328,-0.962)
(30.60781249999933,0.038)
(30.60937499999933,0.018)
(30.61093749999933,-0.992)
(30.61249999999933,-0.995)
(30.614062499999328,0.0)
(30.61562499999933,0.001)
(30.61718749999933,1.004)
(30.61874999999933,-0.996)
(30.62031249999933,0.002)
(30.621874999999328,0.0)
(30.62343749999933,-0.998)
(30.62499999999933,-0.999)
(30.62499999999933,0.0)
(30.62638888888822,0.001)
(30.627777777777105,0.0)
(30.629166666665995,-0.994)
(30.630555555554885,-0.996)
(30.63194444444377,0.0)
(30.63333333333266,-0.999)
(30.63472222222155,0.0)
(30.636111111110438,-1.999)
(30.637499999999328,0.0)
(30.638888888888218,-0.999)
(30.640277777777104,0.019)
(30.641666666665994,0.017)
(30.643055555554884,0.023)
(30.64444444444377,-0.969)
(30.64583333333266,0.025)
(30.64722222222155,-0.969)
(30.648611111110437,0.047)
(30.649999999999327,-0.953)
(30.649999999999327,-0.943)
(30.651562499999326,-0.929)
(30.653124999999328,0.081)
(30.654687499999326,0.085)
(30.656249999999325,-0.921)
(30.657812499999327,-0.913)
(30.659374999999326,-0.909)
(30.660937499999328,0.097)
(30.662499999999326,-0.881)
(30.664062499999325,-0.867)
(30.665624999999327,-0.861)
(30.667187499999326,-0.857)
(30.668749999999328,-0.847)
(30.670312499999326,0.159)
(30.671874999999325,0.169)
(30.673437499999327,0.179)
(30.674999999999326,0.179)
(30.674999999999326,0.177)
(30.67666666666599,-0.837)
(30.67833333333266,0.141)
(30.679999999999325,0.125)
(30.681666666665993,0.111)
(30.68333333333266,-0.905)
(30.684999999999324,-0.925)
(30.686666666665992,0.083)
(30.688333333332658,0.057)
(30.689999999999326,-0.945)
(30.69166666666599,0.047)
(30.693333333332657,0.019)
(30.694999999999325,0.033)
(30.69666666666599,0.009)
(30.69833333333266,-0.996)
(30.699999999999324,0.006)
(30.699999999999324,0.004)
(30.70166666666599,0.002)
(30.703333333332658,0.001)
(30.704999999999323,1.003)
(30.706666666665992,0.0)
(30.708333333332657,0.001)
(30.709999999999322,0.0)
(30.71166666666599,0.0)
(30.713333333332656,0.001)
(30.714999999999325,0.0)
(30.71666666666599,0.0)
(30.718333333332655,-0.998)
(30.719999999999324,-0.998)
(30.72166666666599,-0.999)
(30.723333333332658,0.0)
(30.724999999999323,-0.996)
(30.724999999999323,0.0)
(30.726666666665988,-0.998)
(30.728333333332657,0.0)
(30.729999999999322,-0.999)
(30.73166666666599,0.004)
(30.733333333332656,-0.999)
(30.73499999999932,0.999)
(30.73666666666599,0.0)
(30.738333333332655,-0.994)
(30.739999999999323,-0.996)
(30.74166666666599,0.0)
(30.743333333332654,0.002)
(30.744999999999322,0.0)
(30.746666666665988,0.0)
(30.748333333332656,-0.999)
(30.74999999999932,0.0)
(30.74999999999932,0.0)
(30.751666666665987,0.0)
(30.753333333332655,0.0)
(30.75499999999932,0.002)
(30.75666666666599,-0.998)
(30.758333333332654,-0.002)
(30.75999999999932,0.998)
(30.761666666665988,-0.002)
(30.763333333332653,0.978)
(30.764999999999322,1.948)
(30.766666666665987,0.968)
(30.768333333332652,1.924)
(30.76999999999932,2.854)
(30.771666666665986,1.882)
(30.773333333332655,0.906)
(30.77499999999932,2.824)
(30.77499999999932,3.794)
(30.776666666665985,2.764)
(30.778333333332654,3.734)
(30.77999999999932,2.674)
(30.781666666665988,3.644)
(30.783333333332653,2.704)
(30.784999999999318,3.614)
(30.786666666665987,2.584)
(30.788333333332652,3.554)
(30.78999999999932,2.524)
(30.791666666665986,2.494)
(30.79333333333265,2.464)
(30.79499999999932,2.434)
(30.796666666665985,3.404)
(30.798333333332653,2.374)
(30.79999999999932,3.344)
(30.79999999999932,2.314)
(30.801666666665984,3.284)
(30.803333333332652,3.254)
(30.804999999999318,2.224)
(30.806666666665986,3.194)
(30.80833333333265,3.164)
(30.809999999999317,3.134)
(30.811666666665985,3.104)
(30.81333333333265,3.074)
(30.81499999999932,3.044)
(30.816666666665984,3.014)
(30.81833333333265,2.984)
(30.819999999999318,2.954)
(30.821666666665983,2.924)
(30.823333333332652,3.894)
(30.824999999999317,2.864)
(30.824999999999317,2.834)
(30.82647058823461,2.804)
(30.827941176469906,2.744)
(30.8294117647052,2.774)
(30.830882352940492,2.714)
(30.832352941175788,2.684)
(30.83382352941108,2.594)
(30.835294117646374,4.654)
(30.83676470588167,2.624)
(30.838235294116963,2.564)
(30.83970588235226,3.534)
(30.841176470587552,3.474)
(30.842647058822845,2.504)
(30.84411764705814,3.444)
(30.845588235293434,3.414)
(30.847058823528727,2.384)
(30.848529411764023,2.354)
(30.849999999999316,3.324)
(30.849999999999316,5.294)
(30.85166666666598,6.264)
(30.85333333333265,6.234)
(30.854999999999315,3.204)
(30.856666666665983,7.174)
(30.85833333333265,7.114)
(30.859999999999314,6.144)
(30.861666666665982,6.084)
(30.863333333332648,7.054)
(30.864999999999316,5.024)
(30.86666666666598,6.994)
(30.868333333332647,6.934)
(30.869999999999315,5.964)
(30.87166666666598,5.904)
(30.87333333333265,7.874)
(30.874999999999314,8.844)
(30.874999999999314,7.814)
(30.87666666666598,7.784)
(30.878333333332648,7.754)
(30.879999999999313,7.724)
(30.881666666665982,7.694)
(30.883333333332647,7.664)
(30.884999999999312,8.634)
(30.88666666666598,7.604)
(30.888333333332646,8.574)
(30.889999999999315,9.544)
(30.89166666666598,8.514)
(30.893333333332645,8.484)
(30.894999999999314,7.454)
(30.89666666666598,9.424)
(30.898333333332648,8.394)
(30.899999999999313,9.364)
(30.899999999999313,8.334)
(30.90156249999931,8.304)
(30.903124999999314,9.274)
(30.904687499999312,9.244)
(30.90624999999931,9.214)
(30.907812499999313,8.184)
(30.90937499999931,8.154)
(30.910937499999314,9.124)
(30.912499999999312,8.064)
(30.91406249999931,9.094)
(30.915624999999313,8.034)
(30.91718749999931,9.004)
(30.918749999999314,7.974)
(30.920312499999312,8.944)
(30.92187499999931,9.914)
(30.923437499999313,8.884)
(30.92499999999931,8.854)
(30.92499999999931,9.824)
(30.926470588234604,8.794)
(30.9279411764699,9.764)
(30.929411764705193,8.734)
(30.930882352940486,8.704)
(30.932352941175782,9.674)
(30.933823529411075,9.644)
(30.935294117646368,9.614)
(30.936764705881664,10.584)
(30.938235294116957,10.554)
(30.939705882352253,10.524)
(30.941176470587546,9.464)
(30.94264705882284,9.434)
(30.944117647058135,10.494)
(30.945588235293428,9.404)
(30.94705882352872,10.374)
(30.948529411764017,9.344)
(30.94999999999931,9.314)
(30.94999999999931,10.284)
(30.951470588234603,11.254)
(30.9529411764699,9.224)
(30.954411764705192,10.194)
(30.955882352940485,10.164)
(30.95735294117578,10.074)
(30.958823529411074,9.134)
(30.960294117646367,10.104)
(30.961764705881663,9.044)
(30.963235294116956,10.014)
(30.964705882352252,9.984)
(30.966176470587545,9.954)
(30.967647058822838,9.924)
(30.969117647058134,10.894)
(30.970588235293427,10.864)
(30.97205882352872,9.834)
(30.973529411764016,10.804)
(30.97499999999931,9.774)
(30.97499999999931,10.744)
(30.981249999999307,10.714)
(30.987499999999308,10.684)
(30.99374999999931,10.654)
(30.999999999999307,11.624)
(30.999999999999307,10.564)
(31.012499999999307,10.594)
(31.024999999999306,10.534)
(31.024999999999306,10.504)
(31.02631578947299,10.474)
(31.027631578946675,10.444)
(31.028947368420358,10.414)
(31.03026315789404,10.384)
(31.031578947367727,10.324)
(31.03289473684141,10.354)
(31.034210526315096,10.294)
(31.03552631578878,10.234)
(31.036842105262462,11.264)
(31.03815789473615,11.204)
(31.03947368420983,9.174)
(31.040789473683514,10.144)
(31.0421052631572,11.114)
(31.043421052630883,10.084)
(31.04473684210457,11.054)
(31.046052631578252,11.024)
(31.047368421051935,9.994)
(31.04868421052562,10.964)
(31.049999999999304,9.934)
(31.049999999999304,9.874)
(31.051562499999303,10.904)
(31.053124999999305,11.844)
(31.054687499999304,10.784)
(31.056249999999302,9.814)
(31.057812499999304,9.754)
(31.059374999999303,10.724)
(31.060937499999305,9.694)
(31.062499999999304,9.664)
(31.064062499999302,10.634)
(31.065624999999304,10.604)
(31.067187499999303,10.544)
(31.068749999999305,9.574)
(31.070312499999304,10.514)
(31.071874999999302,10.484)
(31.073437499999304,9.424)
(31.074999999999303,10.454)
(31.074999999999303,8.394)
(31.076470588234596,8.364)
(31.077941176469892,10.334)
(31.079411764705185,9.304)
(31.080882352940478,9.274)
(31.082352941175774,10.244)
(31.083823529411067,10.184)
(31.08529411764636,9.154)
(31.086764705881656,10.214)
(31.08823529411695,9.124)
(31.089705882352245,10.094)
(31.091176470587538,11.064)
(31.09264705882283,10.034)
(31.094117647058127,8.974)
(31.09558823529342,10.004)
(31.097058823528712,7.944)
(31.09852941176401,9.914)
(31.0999999999993,8.884)
(31.0999999999993,8.854)
(31.101666666665967,8.824)
(31.103333333332635,8.794)
(31.1049999999993,8.764)
(31.10666666666597,7.734)
(31.108333333332634,8.704)
(31.1099999999993,8.644)
(31.11166666666597,8.674)
(31.113333333332633,9.614)
(31.114999999999302,8.584)
(31.116666666665967,8.554)
(31.118333333332632,9.524)
(31.1199999999993,9.494)
(31.121666666665966,9.464)
(31.123333333332635,9.434)
(31.1249999999993,8.404)
(31.1249999999993,9.374)
(31.1265624999993,8.314)
(31.1281249999993,7.344)
(31.1296874999993,9.284)
(31.131249999999298,8.254)
(31.1328124999993,9.224)
(31.1343749999993,9.194)
(31.1359374999993,8.164)
(31.1374999999993,9.134)
(31.139062499999298,9.104)
(31.1406249999993,8.074)
(31.1421874999993,8.044)
(31.1437499999993,8.014)
(31.1453124999993,6.984)
(31.146874999999298,8.954)
(31.1484374999993,7.924)
(31.1499999999993,7.894)
(31.1499999999993,8.864)
(31.151785714285012,8.804)
(31.15357142857073,7.834)
(31.15535714285644,7.774)
(31.157142857142155,6.744)
(31.158928571427868,6.714)
(31.160714285713585,6.684)
(31.162499999999298,8.624)
(31.16428571428501,8.594)
(31.166071428570728,7.654)
(31.16785714285644,7.564)
(31.169642857142154,8.504)
(31.171428571427867,8.534)
(31.173214285713584,7.474)
(31.174999999999297,8.444)
(31.174999999999297,7.414)
(31.17613636363566,7.384)
(31.177272727272026,7.354)
(31.17840909090839,8.324)
(31.17954545454475,8.264)
(31.180681818181114,7.294)
(31.18181818181748,7.234)
(31.182954545453843,7.204)
(31.184090909090205,6.174)
(31.185227272726568,7.144)
(31.186363636362934,8.114)
(31.187499999999297,8.084)
(31.18863636363566,8.024)
(31.189772727272025,8.054)
(31.190909090908388,6.994)
(31.19204545454475,7.964)
(31.193181818181113,7.934)
(31.19431818181748,7.904)
(31.195454545453842,6.844)
(31.196590909090204,6.874)
(31.197727272726567,6.814)
(31.198863636362933,5.784)
(31.199999999999296,6.754)
(31.199999999999296,6.724)
(31.20166666666596,6.694)
(31.20333333333263,5.664)
(31.204999999999295,4.634)
(31.206666666665964,5.574)
(31.20833333333263,6.604)
(31.209999999999294,4.544)
(31.211666666665963,3.514)
(31.213333333332628,4.484)
(31.214999999999296,2.454)
(31.21666666666596,2.424)
(31.218333333332627,1.394)
(31.219999999999295,0.348)
(31.22166666666596,1.366)
(31.22333333333263,-1.636)
(31.224999999999294,-1.61)
(31.224999999999294,-2.58)
(31.22666666666596,-4.55)
(31.22833333333263,-4.52)
(31.229999999999293,-3.49)
(31.231666666665962,-4.46)
(31.233333333332627,-4.43)
(31.234999999999292,-4.4)
(31.23666666666596,-4.34)
(31.238333333332626,-4.37)
(31.239999999999295,-5.31)
(31.24166666666596,-4.28)
(31.243333333332625,-4.25)
(31.244999999999294,-5.22)
(31.24666666666596,-6.19)
(31.248333333332628,-7.16)
(31.249999999999293,-6.13)
(31.249999999999293,-4.1)
(31.251666666665958,-6.07)
(31.253333333332627,-5.98)
(31.254999999999292,-6.04)
(31.25666666666596,-6.01)
(31.258333333332626,-4.92)
(31.25999999999929,-5.89)
(31.26166666666596,-5.95)
(31.263333333332625,-5.83)
(31.264999999999294,-6.86)
(31.26666666666596,-5.8)
(31.268333333332624,-5.77)
(31.269999999999293,-6.74)
(31.271666666665958,-6.71)
(31.273333333332626,-5.68)
(31.27499999999929,-6.65)
(31.27499999999929,-5.62)
(31.27638888888818,-5.56)
(31.277777777777068,-5.59)
(31.279166666665958,-6.53)
(31.280555555554848,-6.5)
(31.281944444443734,-6.47)
(31.283333333332624,-5.41)
(31.284722222221514,-5.44)
(31.2861111111104,-5.35)
(31.28749999999929,-6.32)
(31.28888888888818,-6.29)
(31.290277777777067,-5.38)
(31.291666666665957,-5.26)
(31.293055555554847,-6.2)
(31.294444444443734,-6.23)
(31.295833333332624,-5.17)
(31.297222222221514,-6.14)
(31.2986111111104,-7.11)
(31.29999999999929,-7.08)
(31.29999999999929,-5.05)
(31.301666666665955,-6.02)
(31.303333333332624,-5.99)
(31.30499999999929,-4.96)
(31.306666666665958,-6.93)
(31.308333333332623,-6.87)
(31.309999999999288,-5.9)
(31.311666666665957,-5.84)
(31.313333333332622,-5.78)
(31.31499999999929,-6.81)
(31.316666666665956,-5.72)
(31.31833333333262,-5.75)
(31.31999999999929,-6.69)
(31.321666666665955,-6.63)
(31.323333333332624,-5.6)
(31.32499999999929,-5.66)
(31.32499999999929,-5.51)
(31.32638888888818,-5.57)
(31.327777777777065,-5.54)
(31.329166666665955,-5.48)
(31.330555555554845,-5.45)
(31.33194444444373,-5.39)
(31.33333333333262,-6.42)
(31.33472222222151,-6.36)
(31.336111111110398,-5.33)
(31.337499999999288,-5.3)
(31.338888888888178,-5.27)
(31.340277777777064,-6.24)
(31.341666666665954,-5.21)
(31.343055555554844,-4.15)
(31.34444444444373,-5.18)
(31.34583333333262,-6.12)
(31.34722222222151,-6.09)
(31.348611111110397,-5.03)
(31.349999999999287,-6.06)
(31.349999999999287,-5.0)
(31.351666666665952,-6.97)
(31.35333333333262,-5.94)
(31.354999999999286,-4.91)
(31.356666666665955,-4.88)
(31.35833333333262,-5.85)
(31.359999999999285,-5.82)
(31.361666666665954,-4.79)
(31.36333333333262,-4.73)
(31.364999999999288,-6.76)
(31.366666666665953,-5.67)
(31.368333333332618,-4.7)
(31.369999999999287,-5.64)
(31.371666666665952,-5.61)
(31.37333333333262,-4.58)
(31.374999999999286,-4.55)
(31.374999999999286,-5.52)
(31.37647058823458,-5.49)
(31.377941176469875,-5.46)
(31.379411764705168,-5.4)
(31.38088235294046,-5.43)
(31.382352941175757,-5.37)
(31.38382352941105,-5.34)
(31.385294117646342,-6.28)
(31.38676470588164,-5.31)
(31.38823529411693,-5.25)
(31.389705882352228,-5.22)
(31.39117647058752,-6.19)
(31.392647058822813,-5.16)
(31.39411764705811,-5.13)
(31.395588235293403,-4.1)
(31.397058823528695,-5.07)
(31.39852941176399,-5.04)
(31.399999999999284,-5.01)
(31.399999999999284,-3.98)
(31.401562499999283,-3.92)
(31.403124999999285,-4.95)
(31.404687499999284,-5.89)
(31.406249999999282,-4.83)
(31.407812499999284,-4.86)
(31.409374999999283,-4.8)
(31.410937499999285,-4.74)
(31.412499999999284,-3.71)
(31.414062499999282,-4.77)
(31.415624999999284,-3.68)
(31.417187499999283,-4.65)
(31.418749999999285,-4.62)
(31.420312499999284,-3.59)
(31.421874999999282,-3.56)
(31.423437499999284,-5.53)
(31.424999999999283,-2.5)
(31.424999999999283,-4.47)
(31.42604166666595,-4.38)
(31.427083333332618,-4.41)
(31.428124999999284,-5.44)
(31.42916666666595,-4.35)
(31.430208333332615,-4.32)
(31.43124999999928,-4.26)
(31.43229166666595,-4.29)
(31.433333333332616,-4.17)
(31.43437499999928,-3.23)
(31.43541666666595,-3.2)
(31.436458333332617,-4.14)
(31.437499999999282,-4.11)
(31.438541666665948,-5.05)
(31.439583333332614,-4.08)
(31.440624999999283,-4.02)
(31.44166666666595,-2.96)
(31.442708333332615,-1.99)
(31.443749999999284,-3.93)
(31.44479166666595,-3.9)
(31.445833333332615,-3.87)
(31.44687499999928,-2.81)
(31.447916666665947,-3.84)
(31.448958333332616,-3.78)
(31.44999999999928,-2.75)
(31.44999999999928,-2.72)
(31.45156249999928,-3.66)
(31.453124999999282,-2.69)
(31.45468749999928,-3.63)
(31.45624999999928,-3.6)
(31.45781249999928,-1.57)
(31.45937499999928,-3.51)
(31.460937499999282,-3.54)
(31.46249999999928,-3.48)
(31.46406249999928,-3.45)
(31.46562499999928,-3.42)
(31.46718749999928,-3.36)
(31.468749999999282,-3.39)
(31.47031249999928,-3.33)
(31.47187499999928,-4.3)
(31.47343749999928,-4.27)
(31.47499999999928,-4.24)
(31.47499999999928,-5.21)
(31.476666666665945,-3.15)
(31.478333333332614,-3.18)
(31.47999999999928,-3.12)
(31.481666666665948,-4.09)
(31.483333333332613,-3.06)
(31.48499999999928,-3.03)
(31.486666666665947,-4.0)
(31.488333333332612,-0.94)
(31.48999999999928,-3.97)
(31.491666666665946,-2.88)
(31.49333333333261,-3.91)
(31.49499999999928,-2.85)
(31.496666666665945,-2.82)
(31.498333333332614,-2.79)
(31.49999999999928,-2.76)
(31.49999999999928,-2.73)
(31.501666666665944,-2.7)
(31.503333333332613,-3.67)
(31.504999999999278,-1.64)
(31.506666666665947,-2.61)
(31.50833333333261,-2.55)
(31.509999999999277,-2.58)
(31.511666666665946,-2.43)
(31.51333333333261,-2.52)
(31.51499999999928,-2.49)
(31.516666666665945,-2.4)
(31.51833333333261,-1.34)
(31.51999999999928,-2.46)
(31.521666666665944,-2.37)
(31.523333333332612,-2.31)
(31.524999999999277,-2.28)
(31.524999999999277,-2.252)
(31.52647058823457,-2.222)
(31.527941176469866,-2.192)
(31.52941176470516,-1.162)
(31.530882352940452,-2.132)
(31.53235294117575,-2.102)
(31.53382352941104,-1.072)
(31.535294117646334,-2.042)
(31.53676470588163,-2.012)
(31.538235294116923,-1.984)
(31.53970588235222,-0.954)
(31.541176470587512,-0.926)
(31.542647058822805,-1.878)
(31.5441176470581,-1.818)
(31.545588235293394,-2.902)
(31.547058823528687,-1.848)
(31.548529411763983,-1.762)
(31.549999999999276,-2.79)
(31.549999999999276,-0.702)
(31.55166666666594,-1.732)
(31.55333333333261,-0.672)
(31.554999999999275,-2.642)
(31.556666666665944,-1.612)
(31.55833333333261,-1.582)
(31.559999999999274,-2.522)
(31.561666666665943,-1.552)
(31.563333333332608,-1.492)
(31.564999999999277,-1.432)
(31.56666666666594,-1.462)
(31.568333333332607,-1.402)
(31.569999999999276,-1.344)
(31.57166666666594,-2.372)
(31.57333333333261,-1.314)
(31.574999999999275,-1.284)
(31.574999999999275,-1.254)
(31.576315789472957,-1.224)
(31.577631578946644,-1.164)
(31.578947368420327,-1.194)
(31.58026315789401,-1.134)
(31.581578947367696,-1.074)
(31.58289473684138,-2.104)
(31.584210526315065,-1.044)
(31.585526315788748,-1.014)
(31.58684210526243,-0.986)
(31.588157894736117,-0.964)
(31.5894736842098,-0.944)
(31.590789473683483,-0.918)
(31.59210526315717,0.104)
(31.593421052630852,-0.88)
(31.59473684210454,-0.862)
(31.59605263157822,-0.834)
(31.597368421051904,-1.782)
(31.59868421052559,-0.81)
(31.599999999999273,0.238)
(31.599999999999273,-1.74)
(31.60166666666594,-0.724)
(31.603333333332607,-0.696)
(31.604999999999272,-1.666)
(31.60666666666594,-0.636)
(31.608333333332606,-1.606)
(31.60999999999927,-1.576)
(31.61166666666594,-1.548)
(31.613333333332605,-0.502)
(31.614999999999274,-0.526)
(31.61666666666594,-0.478)
(31.618333333332604,-0.454)
(31.619999999999273,-0.438)
(31.621666666665938,-0.396)
(31.623333333332607,-0.418)
(31.62499999999927,-1.366)
(31.62499999999927,-1.336)
(31.626136363635634,-0.306)
(31.627272727272,-1.284)
(31.628409090908363,-0.254)
(31.629545454544726,-0.228)
(31.63068181818109,-0.198)
(31.631818181817454,-1.128)
(31.632954545453817,-0.146)
(31.63409090909018,-0.104)
(31.635227272726542,-1.168)
(31.63636363636291,0.916)
(31.63749999999927,-0.064)
(31.638636363635634,-0.038)
(31.639772727272,-0.014)
(31.640909090908362,-0.999)
(31.642045454544725,0.998)
(31.643181818181088,0.001)
(31.644318181817454,-0.999)
(31.645454545453816,0.0)
(31.64659090909018,-0.999)
(31.64772727272654,1.0)
(31.648863636362908,0.0)
(31.64999999999927,0.0)
(31.64999999999927,0.0)
(31.65156249999927,0.995)
(31.65312499999927,0.998)
(31.65468749999927,0.0)
(31.656249999999268,0.0)
(31.65781249999927,-0.001)
(31.65937499999927,0.0)
(31.66093749999927,0.0)
(31.66249999999927,0.0)
(31.664062499999268,0.0)
(31.66562499999927,0.0)
(31.66718749999927,0.001)
(31.66874999999927,0.0)
(31.67031249999927,-0.999)
(31.671874999999268,0.0)
(31.67343749999927,0.0)
(31.67499999999927,0.998)
(31.67499999999927,0.0)
(31.6785714285707,0.0)
(31.682142857142125,0.0)
(31.685714285713555,-1.0)
(31.68928571428498,0.0)
(31.69285714285641,0.0)
(31.696428571427838,0.0)
(31.699999999999267,0.001)
(31.699999999999267,0.999)
(31.724999999999266,0.998)
(31.724999999999266,-0.999)
(31.726923076922343,-0.999)
(31.72884615384542,0.0)
(31.730769230768498,0.0)
(31.732692307691572,0.0)
(31.73461538461465,0.0)
(31.736538461537727,0.0)
(31.738461538460804,-0.997)
(31.74038461538388,0.0)
(31.74230769230696,0.0)
(31.744230769230033,0.0)
(31.74615384615311,0.0)
(31.748076923076187,-0.998)
(31.749999999999265,-0.998)
(31.749999999999265,-0.999)
(31.751388888888155,0.001)
(31.75277777777704,0.002)
(31.75416666666593,0.002)
(31.75555555555482,0.0)
(31.756944444443707,0.0)
(31.758333333332597,0.001)
(31.759722222221487,0.0)
(31.761111111110374,0.0)
(31.762499999999264,0.0)
(31.763888888888154,0.0)
(31.76527777777704,-0.984)
(31.76666666666593,-0.994)
(31.76805555555482,-1.0)
(31.769444444443707,0.008)
(31.770833333332597,0.0)
(31.772222222221487,-1.0)
(31.773611111110373,0.0)
(31.774999999999263,0.0)
(31.774999999999263,-0.997)
(31.776470588234556,0.0)
(31.777941176469852,0.0)
(31.779411764705145,-0.998)
(31.780882352940438,0.0)
(31.782352941175734,-0.999)
(31.783823529411027,-0.999)
(31.78529411764632,0.0)
(31.786764705881616,-0.999)
(31.78823529411691,0.997)
(31.789705882352205,0.0)
(31.791176470587498,0.0)
(31.79264705882279,-0.996)
(31.794117647058087,0.0)
(31.79558823529338,-0.997)
(31.797058823528673,0.0)
(31.79852941176397,0.0)
(31.79999999999926,0.0)
(31.79999999999926,0.0)
(31.801666666665927,0.999)
(31.803333333332596,0.0)
(31.80499999999926,0.0)
(31.80666666666593,0.0)
(31.808333333332595,0.0)
(31.80999999999926,0.0)
(31.81166666666593,0.0)
(31.813333333332594,0.0)
(31.814999999999262,-0.995)
(31.816666666665927,0.0)
(31.818333333332593,0.997)
(31.81999999999926,0.0)
(31.821666666665926,0.0)
(31.823333333332595,0.0)
(31.82499999999926,-0.998)
(31.82499999999926,0.001)
(31.826470588234553,0.0)
(31.82794117646985,0.0)
(31.829411764705142,0.0)
(31.830882352940435,0.0)
(31.83235294117573,0.0)
(31.833823529411024,-0.999)
(31.835294117646317,0.002)
(31.836764705881613,-0.999)
(31.838235294116906,-0.998)
(31.839705882352202,1.001)
(31.841176470587495,-0.997)
(31.842647058822788,0.999)
(31.844117647058084,0.0)
(31.845588235293377,0.003)
(31.84705882352867,-0.994)
(31.848529411763966,0.0)
(31.84999999999926,0.0)
(31.84999999999926,0.0)
(31.851562499999257,0.0)
(31.85312499999926,0.0)
(31.854687499999258,0.0)
(31.856249999999257,0.0)
(31.85781249999926,0.0)
(31.859374999999257,0.004)
(31.86093749999926,-0.001)
(31.862499999999258,-0.999)
(31.864062499999257,0.0)
(31.86562499999926,0.0)
(31.867187499999257,0.999)
(31.86874999999926,-1.0)
(31.870312499999258,-0.999)
(31.871874999999257,-0.996)
(31.87343749999926,0.999)
(31.874999999999257,0.0)
(31.874999999999257,0.999)
(31.876086956520997,0.0)
(31.877173913042736,0.002)
(31.878260869564475,0.999)
(31.879347826086214,0.002)
(31.880434782607953,0.0)
(31.881521739129692,0.0)
(31.88260869565143,0.0)
(31.88369565217317,0.004)
(31.88478260869491,0.004)
(31.885869565216648,0.004)
(31.886956521738387,0.0)
(31.888043478260126,0.002)
(31.889130434781865,0.999)
(31.890217391303604,0.0)
(31.891304347825344,0.999)
(31.892391304347083,0.999)
(31.89347826086882,0.0)
(31.89456521739056,-0.999)
(31.8956521739123,0.999)
(31.89673913043404,0.0)
(31.897826086955778,0.0)
(31.898913043477517,0.0)
(31.899999999999256,0.0)
(31.899999999999256,0.0)
(31.901562499999255,0.0)
(31.903124999999257,-0.999)
(31.904687499999255,0.0)
(31.906249999999254,-0.003)
(31.907812499999256,0.998)
(31.909374999999255,0.0)
(31.910937499999257,0.999)
(31.912499999999255,0.999)
(31.914062499999254,-1.0)
(31.915624999999256,1.0)
(31.917187499999255,0.0)
(31.918749999999257,0.999)
(31.920312499999255,0.0)
(31.921874999999254,0.0)
(31.923437499999256,0.0)
(31.924999999999255,0.0)
(31.924999999999255,0.0)
(31.926388888888145,0.0)
(31.92777777777703,-0.999)
(31.92916666666592,-0.001)
(31.93055555555481,0.999)
(31.931944444443698,0.0)
(31.933333333332588,-0.999)
(31.934722222221477,0.001)
(31.936111111110364,0.0)
(31.937499999999254,0.998)
(31.938888888888144,0.0)
(31.94027777777703,0.0)
(31.94166666666592,0.0)
(31.94305555555481,0.0)
(31.944444444443697,0.0)
(31.945833333332587,-0.998)
(31.947222222221477,0.0)
(31.948611111110363,0.0)
(31.949999999999253,0.001)
(31.949999999999253,0.0)
(31.95119047618973,-0.999)
(31.952380952380206,0.0)
(31.953571428570683,-0.999)
(31.954761904761156,0.0)
(31.955952380951633,0.0)
(31.95714285714211,0.999)
(31.958333333332586,-0.999)
(31.959523809523063,0.0)
(31.96071428571354,0.0)
(31.961904761904016,0.0)
(31.96309523809449,-0.999)
(31.964285714284966,0.0)
(31.965476190475442,0.998)
(31.96666666666592,0.0)
(31.967857142856396,0.0)
(31.969047619046872,0.0)
(31.97023809523735,0.997)
(31.971428571427822,0.0)
(31.9726190476183,0.0)
(31.973809523808775,0.0)
(31.974999999999252,0.0)
(31.974999999999252,0.0)
(31.97656249999925,-0.001)
(31.978124999999253,0.999)
(31.97968749999925,0.0)
(31.98124999999925,0.0)
(31.982812499999252,-0.001)
(31.98437499999925,0.0)
(31.985937499999253,0.0)
(31.98749999999925,0.0)
(31.98906249999925,0.0)
(31.990624999999252,0.0)
(31.99218749999925,-0.999)
(31.993749999999253,-0.998)
(31.99531249999925,0.0)
(31.99687499999925,-0.999)
(31.998437499999252,-0.999)
(31.99999999999925,0.0)
(31.99999999999925,0.0)
(32.00166666666592,-0.994)
(32.003333333332584,1.0)
(32.00499999999925,0.0)
(32.006666666665915,0.006)
(32.00833333333259,-0.999)
(32.00999999999925,0.0)
(32.01166666666592,-0.999)
(32.01333333333258,0.001)
(32.014999999999254,0.0)
(32.01666666666592,-0.999)
(32.018333333332585,0.0)
(32.01999999999925,0.0)
(32.02166666666592,0.0)
(32.02333333333259,-0.997)
(32.02499999999925,0.0)
(32.02499999999925,-0.999)
(32.02666666666592,0.999)
(32.02833333333258,0.998)
(32.029999999999255,0.0)
(32.03166666666592,0.0)
(32.033333333332585,0.0)
(32.03499999999925,-1.0)
(32.036666666665916,0.999)
(32.03833333333259,0.0)
(32.03999999999925,0.0)
(32.04166666666592,0.999)
(32.04333333333258,-0.998)
(32.04499999999925,0.999)
(32.04666666666592,0.0)
(32.048333333332586,0.0)
(32.04999999999925,-0.001)
(32.04999999999925,0.0)
(32.05156249999925,0.0)
(32.05312499999925,-0.999)
(32.054687499999254,0.001)
(32.05624999999925,-0.999)
(32.05781249999925,-0.999)
(32.05937499999925,-0.998)
(32.06093749999925,-0.002)
(32.06249999999925,0.999)
(32.06406249999925,0.999)
(32.06562499999925,0.001)
(32.06718749999925,0.001)
(32.06874999999925,0.0)
(32.07031249999925,0.002)
(32.07187499999925,0.0)
(32.07343749999925,0.0)
(32.07499999999925,0.0)
(32.07499999999925,-0.997)
(32.07638888888814,0.0)
(32.07777777777703,0.0)
(32.07916666666591,-0.999)
(32.0805555555548,0.0)
(32.08194444444369,0.0)
(32.08333333333258,0.001)
(32.08472222222147,0.999)
(32.08611111111036,0.0)
(32.08749999999925,1.996)
(32.088888888888135,-0.001)
(32.090277777777025,0.998)
(32.091666666665915,0.0)
(32.093055555554805,0.999)
(32.094444444443695,0.0)
(32.09583333333258,-0.001)
(32.09722222222147,0.0)
(32.09861111111036,0.0)
(32.09999999999925,0.0)
(32.09999999999925,0.0)
(32.10227272727197,0.0)
(32.104545454544706,0.0)
(32.10681818181743,0.999)
(32.109090909090156,0.0)
(32.11136363636288,0.0)
(32.113636363635614,0.996)
(32.11590909090834,1.999)
(32.118181818181064,0.999)
(32.12045454545379,0.0)
(32.12272727272652,0.0)
(32.12499999999925,-0.998)
(32.12499999999925,0.996)
(32.12499999999925,0.0)
(32.13333333333258,0.002)
(32.14166666666591,0.0)
(32.149999999999245,0.0)
(32.149999999999245,0.999)
(32.150961538460784,-0.999)
(32.15192307692232,0.0)
(32.15288461538386,-0.999)
(32.1538461538454,0.0)
(32.15480769230694,0.0)
(32.15576923076848,0.0)
(32.156730769230016,0.0)
(32.157692307691555,0.0)
(32.15865384615309,-0.998)
(32.15961538461463,0.0)
(32.16057692307617,0.001)
(32.16153846153771,0.0)
(32.16249999999924,-0.998)
(32.16346153846078,0.001)
(32.16442307692232,0.0)
(32.16538461538386,-0.995)
(32.166346153845396,0.002)
(32.167307692306935,0.003)
(32.16826923076847,0.0)
(32.16923076923001,0.003)
(32.17019230769155,-0.993)
(32.17115384615309,-0.989)
(32.17211538461463,-0.995)
(32.17307692307617,-0.999)
(32.174038461537705,0.0)
(32.174999999999244,-0.999)
(32.174999999999244,0.0)
(32.17647058823454,0.0)
(32.17794117646983,0.0)
(32.17941176470513,0.0)
(32.18088235294042,0.0)
(32.182352941175715,0.0)
(32.18382352941101,0.001)
(32.1852941176463,0.0)
(32.18676470588159,0.0)
(32.18823529411689,0.999)
(32.189705882352186,0.0)
(32.19117647058748,0.0)
(32.19264705882277,0.0)
(32.194117647058064,0.0)
(32.19558823529336,0.0)
(32.19705882352866,0.0)
(32.19852941176395,-0.998)
(32.19999999999924,-1.0)
(32.19999999999924,-0.995)
(32.20156249999924,0.012)
(32.20312499999924,0.002)
(32.204687499999245,-0.999)
(32.206249999999244,-0.998)
(32.20781249999924,0.0)
(32.20937499999924,-0.001)
(32.21093749999924,0.005)
(32.21249999999924,-0.993)
(32.214062499999244,0.006)
(32.21562499999924,-0.996)
(32.21718749999924,0.006)
(32.21874999999924,-0.996)
(32.22031249999924,0.002)
(32.221874999999244,0.0)
(32.22343749999924,0.0)
(32.22499999999924,-0.999)
(32.22499999999924,0.001)
(32.22624999999924,0.0)
(32.22749999999924,-0.998)
(32.22874999999924,0.0)
(32.229999999999244,0.0)
(32.23124999999924,-0.998)
(32.23249999999924,-0.998)
(32.23374999999924,0.0)
(32.23499999999924,-0.998)
(32.23624999999924,0.008)
(32.237499999999244,-0.996)
(32.23874999999924,-0.999)
(32.23999999999924,-0.999)
(32.24124999999924,0.0)
(32.24249999999924,-0.999)
(32.24374999999924,0.0)
(32.24499999999924,0.008)
(32.24624999999924,1.002)
(32.24749999999924,0.0)
(32.24874999999924,0.006)
(32.24999999999924,-0.998)
(32.24999999999924,-0.996)
(32.251666666665905,-0.997)
(32.25333333333257,0.008)
(32.25499999999924,-0.994)
(32.25666666666591,-0.986)
(32.25833333333257,-0.994)
(32.25999999999924,0.006)
(32.2616666666659,-0.997)
(32.263333333332575,0.999)
(32.26499999999924,0.0)
(32.266666666665905,-0.999)
(32.26833333333257,-0.999)
(32.269999999999236,0.0)
(32.27166666666591,-0.999)
(32.27333333333257,-0.992)
(32.27499999999924,0.008)
(32.27499999999924,-0.996)
(32.27638888888813,-0.998)
(32.27777777777702,0.0)
(32.2791666666659,0.999)
(32.28055555555479,0.0)
(32.28194444444368,0.0)
(32.28333333333257,0.0)
(32.28472222222146,-0.997)
(32.28611111111035,-0.001)
(32.28749999999924,-0.998)
(32.288888888888124,-0.998)
(32.290277777777014,-0.999)
(32.291666666665904,0.0)
(32.293055555554794,-0.999)
(32.294444444443684,0.0)
(32.29583333333257,0.004)
(32.29722222222146,0.0)
(32.29861111111035,-0.999)
(32.29999999999924,0.0)
(32.29999999999924,0.999)
(32.301562499999235,-0.002)
(32.303124999999234,0.0)
(32.30468749999924,0.998)
(32.30624999999924,0.001)
(32.30781249999924,-0.999)
(32.309374999999235,0.999)
(32.310937499999234,0.0)
(32.31249999999923,-0.999)
(32.31406249999924,-0.999)
(32.31562499999924,-1.98)
(32.317187499999235,0.004)
(32.318749999999234,0.01)
(32.32031249999923,-0.996)
(32.32187499999924,0.0)
(32.32343749999924,0.0)
(32.324999999999235,-0.998)
(32.324999999999235,0.0)
(32.3266666666659,0.0)
(32.328333333332566,0.0)
(32.32999999999924,-0.999)
(32.3316666666659,0.0)
(32.33333333333257,-0.999)
(32.33499999999923,0.001)
(32.3366666666659,-0.997)
(32.33833333333257,0.0)
(32.339999999999236,-0.998)
(32.3416666666659,0.0)
(32.343333333332566,0.007)
(32.34499999999923,-0.993)
(32.346666666665904,0.0)
(32.34833333333257,-0.999)
(32.349999999999234,0.0)
(32.349999999999234,-0.999)
(32.3516666666659,0.0)
(32.353333333332564,-0.995)
(32.35499999999924,0.003)
(32.3566666666659,0.998)
(32.35833333333257,0.001)
(32.35999999999923,0.0)
(32.3616666666659,0.0)
(32.36333333333257,0.0)
(32.364999999999235,-0.999)
(32.3666666666659,-0.999)
(32.368333333332565,0.999)
(32.36999999999923,-0.997)
(32.3716666666659,0.0)
(32.37333333333257,0.003)
(32.37499999999923,-0.999)
(32.37499999999923,0.996)
(32.3766666666659,0.0)
(32.37833333333256,0.0)
(32.379999999999235,0.001)
(32.3816666666659,0.999)
(32.383333333332565,0.0)
(32.38499999999923,0.0)
(32.386666666665896,0.998)
(32.38833333333257,-0.004)
(32.38999999999923,-0.002)
(32.3916666666659,0.0)
(32.39333333333256,0.0)
(32.39499999999923,-0.999)
(32.3966666666659,0.0)
(32.398333333332566,0.0)
(32.39999999999923,0.0)
(32.39999999999923,0.0)
(32.40124999999923,0.0)
(32.40249999999923,0.0)
(32.40374999999923,0.0)
(32.404999999999234,0.999)
(32.40624999999923,0.0)
(32.40749999999923,0.0)
(32.40874999999923,-0.994)
(32.40999999999923,0.998)
(32.41124999999923,0.001)
(32.41249999999923,0.008)
(32.41374999999923,0.999)
(32.41499999999923,-0.986)
(32.41624999999923,-0.996)
(32.41749999999923,0.014)
(32.41874999999923,0.002)
(32.41999999999923,0.004)
(32.42124999999923,-0.999)
(32.42249999999923,0.0)
(32.42374999999923,0.0)
(32.42499999999923,0.0)
(32.42499999999923,0.0)
(32.42647058823452,0.0)
(32.427941176469815,0.0)
(32.429411764705115,0.0)
(32.43088235294041,0.0)
(32.4323529411757,0.006)
(32.433823529410994,-0.999)
(32.435294117646286,0.0)
(32.43676470588158,0.002)
(32.43823529411688,0.999)
(32.43970588235217,-0.997)
(32.441176470587465,0.0)
(32.44264705882276,0.0)
(32.44411764705805,-0.999)
(32.44558823529334,-0.996)
(32.44705882352864,0.0)
(32.448529411763936,-1.0)
(32.44999999999923,0.0)
(32.44999999999923,0.0)
(32.45147058823452,0.999)
(32.452941176469814,0.0)
(32.454411764705114,0.0)
(32.45588235294041,-1.0)
(32.4573529411757,0.0)
(32.45882352941099,0.0)
(32.460294117646285,-0.998)
(32.46176470588158,0.0)
(32.46323529411688,0.0)
(32.46470588235217,-1.0)
(32.46617647058746,0.0)
(32.467647058822756,-0.998)
(32.46911764705805,0.0)
(32.47058823529334,0.0)
(32.47205882352864,0.001)
(32.473529411763934,0.998)
(32.47499999999923,0.0)
(32.47499999999923,0.999)
(32.476562499999226,0.0)
(32.478124999999224,0.0)
(32.47968749999923,0.0)
(32.48124999999923,0.0)
(32.48281249999923,0.0)
(32.484374999999226,0.0)
(32.485937499999224,0.999)
(32.48749999999923,0.999)
(32.48906249999923,0.0)
(32.49062499999923,-1.001)
(32.492187499999226,0.0)
(32.493749999999224,-0.999)
(32.49531249999922,0.0)
(32.49687499999923,0.0)
(32.49843749999923,0.0)
(32.499999999999226,0.0)
(32.499999999999226,0.999)
(32.50131578947291,-0.999)
(32.50263157894659,-0.998)
(32.50394736842028,-0.998)
(32.505263157893964,0.001)
(32.50657894736764,0.0)
(32.50789473684133,0.999)
(32.509210526315016,1.004)
(32.510526315788695,0.999)
(32.51184210526238,0.0)
(32.51315789473607,0.0)
(32.514473684209754,0.0)
(32.515789473683434,0.0)
(32.51710526315712,0.0)
(32.518421052630806,0.999)
(32.519736842104486,0.007)
(32.52105263157817,-0.998)
(32.52236842105186,0.0)
(32.52368421052554,0.0)
(32.524999999999224,-0.998)
(32.524999999999224,0.0)
(32.52666666666589,-0.999)
(32.528333333332554,0.002)
(32.52999999999923,0.0)
(32.53166666666589,0.0)
(32.53333333333256,-0.996)
(32.53499999999922,0.0)
(32.53666666666589,-0.999)
(32.53833333333256,0.002)
(32.539999999999225,0.0)
(32.54166666666589,0.0)
(32.543333333332555,-0.992)
(32.54499999999922,0.0)
(32.54666666666589,-0.999)
(32.54833333333256,0.0)
(32.54999999999922,0.0)
(32.54999999999922,0.005)
(32.551470588234515,-0.999)
(32.55294117646981,0.001)
(32.55441176470511,0.0)
(32.5558823529404,0.0)
(32.557352941175694,0.0)
(32.55882352941099,0.003)
(32.56029411764628,0.005)
(32.56176470588157,0.0)
(32.56323529411687,0.0)
(32.564705882352165,0.0)
(32.56617647058746,0.002)
(32.56764705882275,0.0)
(32.56911764705804,-1.983)
(32.570588235293336,0.021)
(32.572058823528636,0.005)
(32.57352941176393,0.0)
(32.57499999999922,-0.999)
(32.57499999999922,-0.999)
(32.57631578947291,0.999)
(32.57763157894659,-0.999)
(32.57894736842027,0.999)
(32.58026315789396,0.0)
(32.58157894736764,0.999)
(32.582894736841325,0.0)
(32.58421052631501,1.0)
(32.58552631578869,0.999)
(32.58684210526238,0.0)
(32.588157894736064,0.0)
(32.58947368420975,0.0)
(32.59078947368343,0.0)
(32.592105263157116,0.0)
(32.5934210526308,-0.997)
(32.59473684210448,0.0)
(32.59605263157817,0.0)
(32.597368421051854,0.0)
(32.59868421052553,0.006)
(32.59999999999922,-0.999)
(32.59999999999922,-0.995)
(32.60119047618969,0.003)
(32.60238095238017,0.002)
(32.603571428570646,-0.999)
(32.604761904761126,0.0)
(32.6059523809516,0.0)
(32.60714285714208,-1.0)
(32.60833333333255,0.0)
(32.609523809523026,0.0)
(32.610714285713506,-0.002)
(32.61190476190398,0.0)
(32.61309523809446,0.994)
(32.61428571428493,-0.999)
(32.61547619047541,0.0)
(32.616666666665886,0.002)
(32.61785714285636,0.0)
(32.61904761904684,0.0)
(32.62023809523731,0.0)
(32.62142857142779,0.998)
(32.622619047618265,0.0)
(32.623809523808745,-0.002)
(32.62499999999922,0.0)
(32.62499999999922,0.998)
(32.626666666665884,0.001)
(32.62833333333255,0.003)
(32.62999999999922,0.0)
(32.631666666665886,0.0)
(32.63333333333255,0.0)
(32.634999999999216,0.0)
(32.63666666666588,0.999)
(32.638333333332554,0.998)
(32.63999999999922,0.0)
(32.641666666665884,-0.999)
(32.64333333333255,-0.999)
(32.644999999999214,0.0)
(32.64666666666589,-0.002)
(32.64833333333255,0.0)
(32.64999999999922,0.0)
(32.64999999999922,0.0)
(32.65147058823451,0.998)
(32.6529411764698,0.0)
(32.6544117647051,-0.999)
(32.655882352940395,0.001)
(32.65735294117569,-0.001)
(32.65882352941098,0.0)
(32.66029411764627,-0.998)
(32.661764705881566,-0.999)
(32.663235294116866,0.0)
(32.66470588235216,1.001)
(32.66617647058745,-0.998)
(32.667647058822745,-0.999)
(32.66911764705804,-0.996)
(32.67058823529333,0.0)
(32.67205882352863,0.0)
(32.67352941176392,0.999)
(32.674999999999216,0.002)
(32.674999999999216,1.008)
(32.676388888888106,0.999)
(32.677777777776996,0.0)
(32.67916666666588,0.0)
(32.68055555555477,0.999)
(32.68194444444366,0.0)
(32.68333333333255,0.0)
(32.68472222222144,0.0)
(32.68611111111033,0.002)
(32.68749999999922,0.996)
(32.6888888888881,0.0)
(32.69027777777699,0.0)
(32.69166666666588,0.0)
(32.69305555555477,0.0)
(32.69444444444366,0.001)
(32.695833333332544,0.0)
(32.697222222221434,-0.998)
(32.698611111110324,0.999)
(32.699999999999214,0.0)
(32.699999999999214,-0.999)
(32.701388888888104,0.0)
(32.702777777776994,0.0)
(32.704166666665884,-1.0)
(32.70555555555477,0.0)
(32.70694444444366,0.002)
(32.70833333333255,-0.999)
(32.70972222222144,-0.999)
(32.71111111111033,0.001)
(32.71249999999921,0.0)
(32.7138888888881,0.0)
(32.71527777777699,-0.997)
(32.71666666666588,1.0)
(32.71805555555477,0.0)
(32.71944444444366,0.0)
(32.72083333333255,-0.999)
(32.72222222222143,0.0)
(32.72361111111032,0.001)
(32.72499999999921,-0.997)
(32.72499999999921,0.0)
(32.72608695652095,-0.999)
(32.72717391304269,0.0)
(32.72826086956443,0.0)
(32.72934782608617,0.0)
(32.73043478260791,0.0)
(32.73152173912965,0.0)
(32.732608695651386,0.0)
(32.733695652173125,0.0)
(32.734782608694864,-0.996)
(32.7358695652166,-0.994)
(32.73695652173834,0.008)
(32.73804347826008,-0.994)
(32.73913043478182,0.012)
(32.74021739130356,-0.988)
(32.7413043478253,0.016)
(32.74239130434704,-0.982)
(32.74347826086878,0.012)
(32.744565217390516,0.0)
(32.745652173912255,0.0)
(32.746739130433994,0.003)
(32.74782608695573,-0.995)
(32.74891304347747,0.0)
(32.74999999999921,-0.995)
(32.74999999999921,0.0)
(32.75166666666588,0.0)
(32.75333333333254,0.0)
(32.754999999999214,0.0)
(32.75666666666588,-0.992)
(32.758333333332544,0.0)
(32.75999999999921,-0.99)
(32.761666666665874,-0.986)
(32.76333333333255,0.006)
(32.76499999999921,0.0)
(32.76666666666588,0.001)
(32.76833333333254,0.004)
(32.76999999999921,0.004)
(32.77166666666588,0.0)
(32.773333333332545,0.006)
(32.77499999999921,0.0)
(32.77499999999921,0.005)
(32.77656249999921,0.005)
(32.77812499999921,-0.987)
(32.77968749999921,-0.995)
(32.78124999999921,0.003)
(32.78281249999921,0.0)
(32.78437499999921,-1.994)
(32.78593749999921,0.0)
(32.78749999999921,-0.99)
(32.78906249999921,0.028)
(32.79062499999921,-0.966)
(32.79218749999921,-0.966)
(32.79374999999921,1.022)
(32.795312499999206,1.016)
(32.79687499999921,-0.99)
(32.79843749999921,-0.999)
(32.79999999999921,0.0)
(32.79999999999921,0.0)
(32.8013888888881,-0.999)
(32.80277777777699,-0.998)
(32.80416666666588,-0.996)
(32.80555555555476,0.022)
(32.80694444444365,1.014)
(32.80833333333254,0.022)
(32.80972222222143,-0.984)
(32.81111111111032,0.014)
(32.812499999999204,0.0)
(32.813888888888094,0.0)
(32.815277777776984,0.0)
(32.816666666665874,0.001)
(32.818055555554764,-0.997)
(32.819444444443654,-0.995)
(32.820833333332544,-0.993)
(32.82222222222143,-0.992)
(32.82361111111032,0.012)
(32.82499999999921,-0.982)
(32.82499999999921,-0.99)
(32.825999999999205,-0.988)
(32.82699999999921,-0.994)
(32.82799999999921,0.01)
(32.828999999999205,0.0)
(32.82999999999921,-1.0)
(32.83099999999921,0.0)
(32.831999999999205,-0.999)
(32.83299999999921,0.008)
(32.83399999999921,0.999)
(32.834999999999205,1.008)
(32.83599999999921,0.0)
(32.83699999999921,-0.001)
(32.837999999999205,-0.999)
(32.8389999999992,0.0)
(32.83999999999921,0.998)
(32.840999999999205,0.0)
(32.8419999999992,-0.999)
(32.84299999999921,0.0)
(32.843999999999205,-0.997)
(32.8449999999992,0.0)
(32.84599999999921,0.0)
(32.846999999999205,0.0)
(32.8479999999992,0.0)
(32.84899999999921,0.001)
(32.849999999999206,0.0)
(32.849999999999206,0.0)
(32.851562499999204,-0.998)
(32.8531249999992,0.0)
(32.85468749999921,-0.994)
(32.85624999999921,0.006)
(32.857812499999206,0.0)
(32.859374999999204,-1.996)
(32.8609374999992,-0.997)
(32.8624999999992,0.0)
(32.86406249999921,0.0)
(32.865624999999206,0.001)
(32.867187499999204,-0.999)
(32.8687499999992,-0.999)
(32.8703124999992,-0.997)
(32.87187499999921,0.005)
(32.873437499999206,0.007)
(32.874999999999204,-0.999)
(32.874999999999204,-0.995)
(32.8765624999992,0.0)
(32.8781249999992,-0.998)
(32.87968749999921,0.003)
(32.881249999999206,0.002)
(32.882812499999204,-0.998)
(32.8843749999992,-0.998)
(32.8859374999992,-0.986)
(32.88749999999921,0.01)
(32.889062499999206,0.0)
(32.890624999999204,0.0)
(32.8921874999992,0.003)
(32.8937499999992,0.0)
(32.8953124999992,-0.999)
(32.896874999999206,0.999)
(32.898437499999204,0.0)
(32.8999999999992,-0.996)
(32.8999999999992,0.0)
(32.90227272727193,0.999)
(32.90454545454466,-0.996)
(32.906818181817385,0.999)
(32.90909090909011,0.0)
(32.911363636362836,0.0)
(32.91363636363557,-0.998)
(32.91590909090829,0.0)
(32.91818181818102,0.0)
(32.920454545453744,0.002)
(32.922727272726476,0.012)
(32.9249999999992,0.004)
(32.9249999999992,0.006)
(32.9249999999992,0.0)
(32.937499999999204,-1.0)
(32.9499999999992,0.002)
(32.9499999999992,0.0)
(32.95096153846074,0.0)
(32.95192307692228,0.0)
(32.952884615383816,0.0)
(32.953846153845355,0.0)
(32.95480769230689,0.0)
(32.95576923076843,0.0)
(32.95673076922997,-1.001)
(32.95769230769151,0.0)
(32.95865384615305,-0.998)
(32.95961538461459,0.002)
(32.960576923076125,0.0)
(32.961538461537664,0.0)
(32.962499999999196,-0.999)
(32.963461538460734,0.0)
(32.96442307692227,0.0)
(32.96538461538381,-0.992)
(32.96634615384535,-0.998)
(32.96730769230689,0.0)
(32.96826923076843,0.006)
(32.969230769229966,0.0)
(32.970192307691505,-0.999)
(32.971153846153044,0.0)
(32.97211538461458,-0.999)
(32.97307692307612,-0.997)
(32.97403846153766,0.0)
(32.9749999999992,-0.998)
(32.9749999999992,-0.999)
(32.97647058823449,0.005)
(32.977941176469784,0.001)
(32.979411764705084,0.0)
(32.98088235294038,-0.993)
(32.98235294117567,-0.996)
(32.98382352941096,-0.998)
(32.985294117646255,0.0)
(32.98676470588155,-0.998)
(32.98823529411685,-0.999)
(32.98970588235214,-0.999)
(32.99117647058743,0.0)
(32.992647058822726,0.0)
(32.99411764705802,-0.003)
(32.99558823529331,-0.997)
(32.99705882352861,-0.993)
(32.998529411763904,1.003)
(32.9999999999992,0.001)
(32.9999999999992,-0.987)
(33.00166666666586,-0.979)
(33.00333333333253,0.027)
(33.0049999999992,-0.961)
(33.006666666665865,0.021)
(33.00833333333253,-0.945)
(33.009999999999195,0.039)
(33.01166666666586,-0.951)
(33.01333333333253,0.043)
(33.0149999999992,0.031)
(33.01666666666586,-0.961)
(33.01833333333253,0.027)
(33.01999999999919,-0.983)
(33.021666666665865,0.019)
(33.02333333333253,-0.995)
(33.024999999999196,0.0)
(33.024999999999196,0.001)
(33.02647058823449,-0.999)
(33.02794117646978,-0.999)
(33.02941176470508,0.0)
(33.030882352940374,0.001)
(33.03235294117567,-0.999)
(33.03382352941096,0.002)
(33.03529411764625,0.0)
(33.036764705881545,0.0)
(33.038235294116845,0.0)
(33.03970588235214,-0.998)
(33.04117647058743,0.0)
(33.04264705882272,-0.999)
(33.044117647058016,0.0)
(33.04558823529331,0.003)
(33.04705882352861,-0.999)
(33.0485294117639,-0.999)
(33.049999999999194,0.002)
(33.049999999999194,-1.971)
(33.05119047618967,-0.987)
(33.05238095238015,-0.961)
(33.05357142857062,-0.977)
(33.0547619047611,-0.983)
(33.055952380951574,0.015)
(33.057142857142054,-0.989)
(33.05833333333253,0.001)
(33.059523809523,-0.999)
(33.06071428571348,0.0)
(33.06190476190395,0.001)
(33.063095238094434,0.006)
(33.06428571428491,-0.986)
(33.06547619047539,0.004)
(33.06666666666586,0.014)
(33.06785714285633,-0.998)
(33.06904761904681,1.999)
(33.070238095237286,0.0)
(33.07142857142777,0.0)
(33.07261904761824,0.0)
(33.07380952380872,0.002)
(33.07499999999919,-0.996)
(33.07499999999919,-0.996)
(33.07666666666586,-0.992)
(33.07833333333252,0.002)
(33.079999999999195,-0.99)
(33.08166666666586,0.0)
(33.083333333332526,0.004)
(33.08499999999919,-0.999)
(33.086666666665856,0.0)
(33.08833333333253,-0.999)
(33.08999999999919,-0.998)
(33.09166666666586,1.0)
(33.093333333332524,-0.999)
(33.09499999999919,0.002)
(33.09666666666586,0.0)
(33.098333333332526,-0.996)
(33.09999999999919,-0.996)
(33.09999999999919,0.998)
(33.10156249999919,0.0)
(33.10312499999919,0.0)
(33.104687499999194,0.0)
(33.10624999999919,0.0)
(33.10781249999919,0.0)
(33.10937499999919,0.0)
(33.11093749999919,0.0)
(33.11249999999919,0.001)
(33.11406249999919,0.0)
(33.11562499999919,0.0)
(33.11718749999919,-0.999)
(33.11874999999919,0.001)
(33.12031249999919,0.0)
(33.12187499999919,0.0)
(33.12343749999919,0.999)
(33.12499999999919,0.0)
(33.12499999999919,0.997)
(33.12647058823448,0.998)
(33.127941176469776,0.0)
(33.129411764705075,0.0)
(33.13088235294037,0.999)
(33.13235294117566,0.0)
(33.133823529410954,0.0)
(33.13529411764625,0.0)
(33.13676470588154,0.0)
(33.13823529411684,0.0)
(33.13970588235213,0.0)
(33.141176470587425,0.0)
(33.14264705882272,0.002)
(33.14411764705801,0.0)
(33.1455882352933,0.0)
(33.1470588235286,0.0)
(33.148529411763896,0.999)
(33.14999999999919,0.998)
(33.14999999999919,0.0)
(33.15119047618966,0.0)
(33.15238095238014,0.0)
(33.153571428570615,0.0)
(33.154761904761095,0.998)
(33.15595238095157,0.0)
(33.15714285714205,0.999)
(33.15833333333252,0.999)
(33.159523809522994,-0.999)
(33.160714285713475,0.0)
(33.16190476190395,-0.999)
(33.16309523809443,-0.997)
(33.1642857142849,0.0)
(33.16547619047538,0.0)
(33.166666666665854,-0.998)
(33.16785714285633,0.0)
(33.16904761904681,-0.998)
(33.17023809523728,-0.999)
(33.17142857142776,0.001)
(33.172619047618234,0.0)
(33.173809523808714,0.0)
(33.17499999999919,0.0)
(33.17499999999919,0.0)
(33.176562499999186,-0.999)
(33.178124999999184,0.0)
(33.17968749999919,-0.998)
(33.18124999999919,-0.996)
(33.18281249999919,0.0)
(33.184374999999186,0.0)
(33.185937499999184,0.0)
(33.18749999999919,0.0)
(33.18906249999919,0.0)
(33.19062499999919,0.999)
(33.192187499999186,0.0)
(33.193749999999184,0.001)
(33.19531249999918,0.0)
(33.19687499999919,-0.995)
(33.19843749999919,0.003)
(33.199999999999186,0.001)
(33.199999999999186,0.0)
(33.201562499999184,0.0)
(33.20312499999918,0.0)
(33.20468749999919,-0.999)
(33.20624999999919,0.0)
(33.207812499999186,-0.999)
(33.209374999999184,0.0)
(33.21093749999918,-0.995)
(33.21249999999918,-1.0)
(33.21406249999919,0.0)
(33.215624999999186,-0.998)
(33.217187499999184,-0.997)
(33.21874999999918,-0.998)
(33.22031249999918,0.0)
(33.22187499999919,-0.999)
(33.223437499999186,0.0)
(33.224999999999184,0.002)
(33.224999999999184,0.0)
(33.22666666666585,0.0)
(33.228333333332515,-0.994)
(33.22999999999919,0.0)
(33.23166666666585,0.0)
(33.23333333333252,0.0)
(33.23499999999918,0.003)
(33.23666666666585,-0.999)
(33.23833333333252,0.999)
(33.239999999999185,-0.993)
(33.24166666666585,-0.995)
(33.243333333332515,0.0)
(33.24499999999918,0.0)
(33.24666666666585,0.0)
(33.24833333333252,0.0)
(33.24999999999918,0.006)
(33.24999999999918,0.01)
(33.25131578947287,0.0)
(33.25263157894655,-0.998)
(33.253947368420235,-0.992)
(33.25526315789392,-0.978)
(33.2565789473676,-0.999)
(33.25789473684129,1.01)
(33.25921052631497,0.0)
(33.26052631578865,-0.994)
(33.26184210526234,0.001)
(33.263157894736025,0.005)
(33.26447368420971,0.015)
(33.26578947368339,-0.979)
(33.26710526315708,0.017)
(33.268421052630764,-0.993)
(33.26973684210444,0.0)
(33.27105263157813,0.0)
(33.272368421051816,0.0)
(33.273684210525495,0.0)
(33.27499999999918,0.001)
(33.27499999999918,0.0)
(33.27666666666585,0.001)
(33.27833333333251,-0.996)
(33.279999999999184,0.0)
(33.28166666666585,0.008)
(33.283333333332514,0.0)
(33.28499999999918,0.0)
(33.286666666665845,0.0)
(33.28833333333252,0.003)
(33.28999999999918,0.0)
(33.29166666666585,-0.993)
(33.29333333333251,0.0)
(33.29499999999918,-0.999)
(33.29666666666585,0.003)
(33.298333333332515,0.0)
(33.29999999999918,-0.999)
(33.29999999999918,-0.999)
(33.30156249999918,0.0)
(33.30312499999918,0.0)
(33.30468749999918,0.0)
(33.30624999999918,0.002)
(33.30781249999918,0.0)
(33.30937499999918,0.0)
(33.31093749999918,0.0)
(33.312499999999176,-1.0)
(33.31406249999918,0.0)
(33.31562499999918,0.001)
(33.31718749999918,-0.998)
(33.31874999999918,0.0)
(33.320312499999176,0.004)
(33.32187499999918,1.01)
(33.32343749999918,1.008)
(33.32499999999918,0.001)
(33.32499999999918,0.999)
(33.32647058823447,0.0)
(33.327941176469764,-1.0)
(33.329411764705064,-0.999)
(33.33088235294036,-0.998)
(33.33235294117565,-0.999)
(33.33382352941094,0.999)
(33.335294117646235,0.0)
(33.33676470588153,0.0)
(33.33823529411683,0.001)
(33.33970588235212,0.0)
(33.34117647058741,-0.994)
(33.342647058822706,0.0)
(33.344117647058,0.009)
(33.34558823529329,0.013)
(33.34705882352859,-0.998)
(33.348529411763884,-0.999)
(33.34999999999918,-0.997)
(33.34999999999918,0.004)
(33.351315789472864,0.001)
(33.35263157894654,0.0)
(33.35394736842023,0.005)
(33.355263157893916,0.001)
(33.356578947367595,0.001)
(33.35789473684128,-1.998)
(33.35921052631497,0.001)
(33.36052631578865,0.0)
(33.36184210526233,0.0)
(33.36315789473602,0.0)
(33.364473684209706,-0.999)
(33.365789473683385,-0.996)
(33.36710526315707,-0.993)
(33.36842105263076,-0.999)
(33.36973684210444,-0.993)
(33.371052631578124,0.013)
(33.37236842105181,-0.987)
(33.37368421052549,-1.979)
(33.374999999999176,-0.971)
(33.374999999999176,-0.967)
(33.37619047618965,0.035)
(33.37738095238013,0.039)
(33.3785714285706,-0.965)
(33.37976190476108,-0.965)
(33.380952380951555,-0.955)
(33.382142857142036,-0.953)
(33.38333333333251,0.059)
(33.38452380952298,-0.961)
(33.38571428571346,0.053)
(33.386904761903935,0.041)
(33.388095238094415,-0.959)
(33.38928571428489,-0.969)
(33.39047619047537,-0.965)
(33.39166666666584,0.029)
(33.392857142856315,-1.965)
(33.394047619046795,-0.963)
(33.39523809523727,-0.951)
(33.39642857142775,0.045)
(33.39761904761822,-0.917)
(33.3988095238087,-0.941)
(33.399999999999174,-0.907)
(33.399999999999174,0.097)
(33.40131578947286,0.085)
(33.40263157894654,0.077)
(33.403947368420226,0.069)
(33.40526315789391,0.061)
(33.40657894736759,-0.933)
(33.40789473684128,0.051)
(33.409210526314965,0.061)
(33.410526315788644,-0.947)
(33.41184210526233,-0.939)
(33.41315789473602,0.079)
(33.4144736842097,-1.929)
(33.41578947368338,0.071)
(33.41710526315707,0.055)
(33.418421052630755,0.067)
(33.419736842104435,0.065)
(33.42105263157812,0.055)
(33.42236842105181,0.049)
(33.42368421052549,0.039)
(33.42499999999917,0.019)
(33.42499999999917,-0.991)
(33.42666666666584,1.015)
(33.4283333333325,-0.989)
(33.429999999999175,-0.975)
(33.43166666666584,-0.963)
(33.433333333332506,0.037)
(33.43499999999917,0.035)
(33.436666666665836,0.047)
(33.43833333333251,0.027)
(33.43999999999917,0.023)
(33.44166666666584,-0.973)
(33.443333333332504,-0.973)
(33.44499999999917,-0.971)
(33.44666666666584,0.055)
(33.448333333332506,-0.955)
(33.44999999999917,0.049)
(33.44999999999917,-0.943)
(33.45156249999917,0.053)
(33.45312499999917,0.053)
(33.454687499999174,0.049)
(33.45624999999917,0.049)
(33.45781249999917,-0.947)
(33.45937499999917,0.029)
(33.46093749999917,0.001)
(33.46249999999917,0.015)
(33.46406249999917,0.999)
(33.46562499999917,0.006)
(33.46718749999917,0.0)
(33.46874999999917,-0.994)
(33.47031249999917,0.0)
(33.47187499999917,0.004)
(33.47343749999917,-0.982)
(33.47499999999917,-0.99)
(33.47499999999917,-0.992)
(33.47656249999917,0.022)
(33.47812499999917,0.024)
(33.47968749999917,0.024)
(33.48124999999917,-0.976)
(33.48281249999917,0.028)
(33.48437499999917,-0.974)
(33.48593749999917,-0.97)
(33.48749999999917,0.03)
(33.48906249999917,-0.976)
(33.49062499999917,-0.986)
(33.49218749999917,0.032)
(33.49374999999917,-0.974)
(33.495312499999166,0.032)
(33.49687499999917,-0.978)
(33.49843749999917,-1.974)
(33.49999999999917,0.03)
(33.49999999999917,-0.976)
(33.50147058823446,0.008)
(33.502941176469754,-1.994)
(33.504411764705054,0.014)
(33.50588235294035,0.002)
(33.50735294117564,-0.984)
(33.50882352941093,-0.972)
(33.510294117646225,0.038)
(33.51176470588152,0.022)
(33.51323529411682,-0.986)
(33.51470588235211,0.044)
(33.5161764705874,0.026)
(33.517647058822696,0.0)
(33.51911764705799,0.0)
(33.52058823529328,-0.99)
(33.52205882352858,-0.974)
(33.523529411763874,0.036)
(33.52499999999917,0.032)
(33.52499999999917,-0.978)
(33.52666666666583,0.02)
(33.5283333333325,0.012)
(33.52999999999917,-0.984)
(33.531666666665835,0.014)
(33.5333333333325,-0.992)
(33.534999999999165,1.006)
(33.53666666666583,-0.997)
(33.5383333333325,0.006)
(33.53999999999917,0.0)
(33.54166666666583,0.014)
(33.5433333333325,0.01)
(33.54499999999916,-0.999)
(33.546666666665836,0.007)
(33.5483333333325,-0.989)
(33.549999999999166,0.0)
(33.549999999999166,0.0)
(33.551388888888056,0.0)
(33.552777777776946,0.002)
(33.554166666665836,0.0)
(33.55555555555472,0.0)
(33.55694444444361,0.006)
(33.5583333333325,0.0)
(33.55972222222139,0.012)
(33.56111111111028,0.012)
(33.56249999999916,0.024)
(33.56388888888805,-0.972)
(33.56527777777694,-0.99)
(33.56666666666583,0.0)
(33.56805555555472,0.0)
(33.56944444444361,0.0)
(33.5708333333325,1.0)
(33.572222222221384,0.0)
(33.573611111110274,-0.999)
(33.574999999999164,0.004)
(33.574999999999164,0.002)
(33.57857142857059,0.0)
(33.582142857142024,0.0)
(33.58571428571345,0.001)
(33.58928571428488,0.0)
(33.5928571428563,1.0)
(33.59642857142774,0.0)
(33.59999999999916,-0.991)
(33.59999999999916,0.003)
(33.60312499999916,0.002)
(33.606249999999164,0.019)
(33.60937499999916,-0.991)
(33.61249999999916,-0.999)
(33.61562499999916,0.0)
(33.61874999999916,0.002)
(33.621874999999164,0.999)
(33.62499999999916,0.002)
(33.62499999999916,0.0)
(33.625833333332494,0.001)
(33.62666666666583,0.0)
(33.62749999999916,0.0)
(33.62833333333249,0.011)
(33.629166666665824,0.023)
(33.629999999999164,-0.975)
(33.6308333333325,0.015)
(33.63166666666583,0.027)
(33.63249999999916,0.025)
(33.633333333332494,-0.961)
(33.63416666666583,0.017)
(33.63499999999916,-0.971)
(33.63583333333249,0.003)
(33.636666666665825,-0.999)
(33.637499999999164,-1.994)
(33.6383333333325,-0.978)
(33.63916666666583,0.022)
(33.63999999999916,-0.974)
(33.640833333332495,-0.97)
(33.64166666666583,-0.956)
(33.64249999999916,0.05)
(33.64333333333249,0.062)
(33.644166666665825,-0.95)
(33.64499999999916,0.054)
(33.64583333333249,-0.938)
(33.64666666666583,0.072)
(33.64749999999916,-0.936)
(33.648333333332495,0.074)
(33.64916666666583,0.072)
(33.64999999999916,-0.926)
(33.64999999999916,-0.92)
(33.65156249999916,0.092)
(33.65312499999916,-0.91)
(33.65468749999916,-0.902)
(33.65624999999916,-0.892)
(33.65781249999916,-0.894)
(33.65937499999916,-0.92)
(33.66093749999916,0.092)
(33.662499999999156,0.058)
(33.66406249999916,0.052)
(33.66562499999916,0.05)
(33.66718749999916,0.034)
(33.66874999999916,-0.976)
(33.670312499999156,0.006)
(33.67187499999916,-0.992)
(33.67343749999916,1.001)
(33.67499999999916,-0.999)
(33.67499999999916,0.009)
(33.676666666665824,0.0)
(33.67833333333249,-0.997)
(33.67999999999916,0.0)
(33.681666666665826,0.003)
(33.68333333333249,0.002)
(33.68499999999916,0.0)
(33.68666666666582,-0.999)
(33.688333333332494,-0.999)
(33.68999999999916,-0.002)
(33.691666666665824,0.0)
(33.69333333333249,0.0)
(33.694999999999155,0.0)
(33.69666666666583,0.0)
(33.69833333333249,0.0)
(33.69999999999916,1.002)
(33.69999999999916,-0.999)
(33.700892857142016,0.002)
(33.701785714284874,0.0)
(33.702678571427725,0.0)
(33.703571428570584,-0.998)
(33.70446428571344,0.0)
(33.7053571428563,0.002)
(33.70624999999916,0.0)
(33.70714285714202,-0.997)
(33.70803571428487,0.005)
(33.70892857142773,0.011)
(33.709821428570585,0.0)
(33.71071428571344,0.999)
(33.7116071428563,-1.0)
(33.71249999999915,0.0)
(33.71339285714201,0.0)
(33.71428571428487,-0.999)
(33.71517857142773,-0.999)
(33.71607142857059,0.0)
(33.716964285713445,-0.999)
(33.717857142856296,1.0)
(33.718749999999154,0.0)
(33.71964285714201,0.0)
(33.72053571428487,0.0)
(33.72142857142773,0.002)
(33.72232142857059,-0.997)
(33.72321428571344,-0.997)
(33.7241071428563,0.0)
(33.724999999999156,-0.997)
(33.724999999999156,-0.999)
(33.726388888888046,-0.999)
(33.727777777776936,0.0)
(33.72916666666582,0.0)
(33.73055555555471,-0.998)
(33.7319444444436,-0.999)
(33.73333333333249,0.0)
(33.73472222222138,-0.996)
(33.73611111111027,-0.999)
(33.73749999999916,-0.999)
(33.73888888888804,0.0)
(33.74027777777693,-0.998)
(33.74166666666582,0.001)
(33.74305555555471,-0.996)
(33.7444444444436,-0.999)
(33.745833333332484,-0.995)
(33.747222222221374,-0.995)
(33.748611111110264,0.0)
(33.749999999999154,-0.998)
(33.749999999999154,1.002)
(33.77499999999915,-0.999)
(33.77499999999915,-0.999)
(33.77666666666582,0.0)
(33.77833333333248,0.0)
(33.779999999999156,0.0)
(33.78166666666582,0.0)
(33.783333333332486,0.999)
(33.78499999999915,-0.999)
(33.786666666665816,0.0)
(33.78833333333249,0.0)
(33.789999999999154,0.008)
(33.79166666666582,0.0)
(33.793333333332484,0.0)
(33.79499999999915,0.998)
(33.79666666666582,0.999)
(33.79833333333249,0.0)
(33.79999999999915,0.001)
(33.79999999999915,0.0)
(33.80099999999915,0.0)
(33.801999999999154,0.0)
(33.80299999999915,0.0)
(33.80399999999915,0.0)
(33.804999999999154,0.0)
(33.80599999999915,0.0)
(33.80699999999915,0.0)
(33.807999999999154,0.0)
(33.80899999999915,0.999)
(33.80999999999915,-0.999)
(33.810999999999154,0.0)
(33.81199999999915,-0.999)
(33.81299999999915,0.0)
(33.81399999999915,0.0)
(33.81499999999915,0.0)
(33.81599999999915,0.0)
(33.81699999999915,-0.999)
(33.81799999999915,0.0)
(33.81899999999915,-0.999)
(33.81999999999915,0.0)
(33.82099999999915,0.999)
(33.82199999999915,0.0)
(33.82299999999915,0.0)
(33.82399999999915,0.0)
(33.82499999999915,0.001)
(33.82499999999915,0.0)
(33.82656249999915,0.0)
(33.82812499999915,-0.993)
(33.82968749999915,0.009)
(33.83124999999915,-0.996)
(33.83281249999915,0.012)
(33.83437499999915,0.01)
(33.83593749999915,-1.994)
(33.83749999999915,-0.999)
(33.83906249999915,0.0)
(33.84062499999915,0.0)
(33.84218749999915,-0.99)
(33.84374999999915,0.999)
(33.845312499999146,0.0)
(33.84687499999915,0.0)
(33.84843749999915,-0.998)
(33.84999999999915,-0.997)
(33.84999999999915,-0.997)
(33.85119047618962,0.001)
(33.8523809523801,0.003)
(33.853571428570575,-0.999)
(33.854761904761055,0.0)
(33.85595238095153,0.0)
(33.85714285714201,-0.999)
(33.85833333333248,0.999)
(33.859523809522955,0.0)
(33.860714285713435,0.999)
(33.86190476190391,1.0)
(33.86309523809439,-0.999)
(33.86428571428486,0.999)
(33.86547619047534,0.001)
(33.866666666665814,0.001)
(33.86785714285629,-0.998)
(33.86904761904677,0.999)
(33.87023809523724,0.999)
(33.87142857142772,-0.997)
(33.872619047618194,0.0)
(33.873809523808674,0.001)
(33.87499999999915,0.0)
(33.87499999999915,0.0)
(33.87666666666581,-0.999)
(33.87833333333248,-0.991)
(33.87999999999915,0.0)
(33.881666666665815,0.0)
(33.88333333333248,0.0)
(33.884999999999145,0.0)
(33.88666666666581,0.0)
(33.88833333333248,0.998)
(33.88999999999915,0.0)
(33.89166666666581,-0.003)
(33.89333333333248,0.0)
(33.89499999999914,0.999)
(33.896666666665816,-0.999)
(33.89833333333248,-0.998)
(33.899999999999146,-0.996)
(33.899999999999146,-0.978)
(33.901562499999145,-0.984)
(33.90312499999914,0.001)
(33.90468749999915,0.0)
(33.90624999999915,0.0)
(33.907812499999146,0.0)
(33.909374999999145,-0.999)
(33.91093749999914,0.0)
(33.91249999999914,0.0)
(33.91406249999915,0.0)
(33.915624999999146,0.0)
(33.917187499999145,-0.998)
(33.91874999999914,0.003)
(33.92031249999914,0.002)
(33.92187499999915,0.0)
(33.923437499999146,0.0)
(33.924999999999145,0.0)
(33.924999999999145,-0.999)
(33.92678571428486,0.004)
(33.92857142857057,0.0)
(33.93035714285629,0.006)
(33.932142857142004,0.012)
(33.933928571427714,0.0)
(33.93571428571343,0.0)
(33.93749999999915,0.0)
(33.93928571428486,0.0)
(33.941071428570574,0.001)
(33.94285714285628,0.0)
(33.944642857142,-0.999)
(33.94642857142772,-0.999)
(33.948214285713426,0.0)
(33.94999999999914,-0.999)
(33.94999999999914,-0.997)
(33.95138888888803,1.0)
(33.95277777777692,0.999)
(33.95416666666581,0.0)
(33.955555555554696,0.0)
(33.956944444443586,0.999)
(33.958333333332476,-0.998)
(33.959722222221366,0.0)
(33.961111111110256,0.0)
(33.96249999999914,0.0)
(33.96388888888803,0.0)
(33.96527777777692,-0.999)
(33.96666666666581,0.0)
(33.9680555555547,0.0)
(33.96944444444359,0.0)
(33.97083333333248,0.0)
(33.97222222222136,0.0)
(33.97361111111025,-0.999)
(33.97499999999914,-0.999)
(33.97499999999914,0.0)
(33.97631578947283,0.0)
(33.97763157894651,0.0)
(33.978947368420194,0.0)
(33.98026315789388,0.001)
(33.98157894736756,0.0)
(33.982894736841246,-0.988)
(33.98421052631493,0.0)
(33.98552631578861,0.016)
(33.9868421052623,-0.994)
(33.988157894735984,0.004)
(33.98947368420967,0.0)
(33.99078947368335,0.003)
(33.992105263157036,0.0)
(33.99342105263072,0.0)
(33.9947368421044,0.002)
(33.99605263157809,0.001)
(33.997368421051775,0.0)
(33.998684210525454,0.0)
(33.99999999999914,-1.0)
(33.99999999999914,0.0)
(34.00147058823443,0.999)
(34.002941176469726,0.001)
(34.004411764705026,-0.999)
(34.00588235294032,-0.999)
(34.00735294117561,0.0)
(34.008823529410904,-0.999)
(34.0102941176462,-0.999)
(34.01176470588149,-0.999)
(34.01323529411679,-0.995)
(34.01470588235208,-0.993)
(34.016176470587375,-0.999)
(34.01764705882267,0.0)
(34.01911764705796,-0.998)
(34.02058823529325,-0.993)
(34.02205882352855,0.0)
(34.023529411763846,0.0)
(34.02499999999914,0.999)
(34.02499999999914,0.0)
(34.03749999999914,0.001)
(34.04999999999914,-0.999)
(34.04999999999914,0.0)
(34.05138888888803,0.005)
(34.05277777777692,0.002)
(34.05416666666581,0.0)
(34.05555555555469,-0.993)
(34.05694444444358,0.005)
(34.05833333333247,-0.995)
(34.05972222222136,0.001)
(34.06111111111025,0.0)
(34.06249999999913,-0.994)
(34.06388888888802,0.01)
(34.06527777777691,0.0)
(34.0666666666658,0.0)
(34.06805555555469,-0.995)
(34.06944444444358,0.0)
(34.07083333333247,0.0)
(34.072222222221356,-0.998)
(34.073611111110246,0.0)
(34.074999999999136,-0.998)
(34.074999999999136,0.002)
(34.076562499999135,0.0)
(34.07812499999913,0.0)
(34.07968749999914,0.0)
(34.08124999999914,0.001)
(34.082812499999136,0.998)
(34.084374999999135,0.002)
(34.08593749999913,0.002)
(34.08749999999914,0.999)
(34.08906249999914,0.0)
(34.090624999999136,0.0)
(34.092187499999135,-0.998)
(34.09374999999913,0.0)
(34.09531249999913,-0.999)
(34.09687499999914,0.0)
(34.098437499999136,0.0)
(34.099999999999135,-0.998)
(34.099999999999135,0.0)
(34.1016666666658,0.999)
(34.103333333332465,-0.996)
(34.10499999999914,-0.999)
(34.1066666666658,0.999)
(34.10833333333247,0.0)
(34.10999999999913,-0.988)
(34.1116666666658,-0.998)
(34.11333333333247,0.0)
(34.114999999999135,0.0)
(34.1166666666658,-0.999)
(34.118333333332465,0.0)
(34.11999999999913,-0.987)
(34.1216666666658,0.011)
(34.12333333333247,1.003)
(34.12499999999913,0.999)
(34.12499999999913,-0.999)
(34.1266666666658,0.001)
(34.12833333333246,0.004)
(34.129999999999136,-0.998)
(34.1316666666658,0.999)
(34.133333333332466,0.0)
(34.13499999999913,-0.997)
(34.136666666665796,-0.998)
(34.13833333333247,0.0)
(34.139999999999134,-1.0)
(34.1416666666658,0.999)
(34.143333333332464,0.0)
(34.14499999999913,0.0)
(34.1466666666658,0.996)
(34.14833333333247,0.999)
(34.14999999999913,0.999)
(34.14999999999913,-0.998)
(34.1516666666658,0.007)
(34.15333333333246,0.001)
(34.154999999999134,0.007)
(34.1566666666658,0.003)
(34.158333333332465,0.003)
(34.15999999999913,-0.999)
(34.161666666665795,0.011)
(34.16333333333247,0.0)
(34.16499999999913,0.002)
(34.1666666666658,-1.002)
(34.16833333333246,0.0)
(34.16999999999913,0.0)
(34.1716666666658,0.998)
(34.173333333332465,0.0)
(34.17499999999913,0.0)
(34.17499999999913,-0.997)
(34.17638888888802,-0.995)
(34.17777777777691,1.007)
(34.17916666666579,0.005)
(34.18055555555468,0.0)
(34.18194444444357,0.008)
(34.18333333333246,0.004)
(34.18472222222135,0.001)
(34.18611111111024,-1.0)
(34.18749999999913,0.0)
(34.188888888888016,0.0)
(34.190277777776906,0.0)
(34.191666666665796,-0.998)
(34.193055555554686,-1.997)
(34.194444444443576,0.005)
(34.19583333333246,0.0)
(34.19722222222135,0.0)
(34.19861111111024,0.003)
(34.19999999999913,-0.997)
(34.19999999999913,0.0)
(34.201666666665794,0.0)
(34.20333333333246,0.999)
(34.20499999999913,0.0)
(34.2066666666658,-0.998)
(34.20833333333246,-0.998)
(34.20999999999913,0.016)
(34.21166666666579,0.018)
(34.213333333332464,0.002)
(34.21499999999913,-0.996)
(34.216666666665795,0.0)
(34.21833333333246,-0.992)
(34.219999999999125,-0.998)
(34.2216666666658,0.008)
(34.22333333333246,0.012)
(34.22499999999913,-0.996)
(34.22499999999913,-0.999)
(34.226315789472814,0.999)
(34.22763157894649,-0.997)
(34.22894736842018,0.001)
(34.230263157893866,-0.998)
(34.231578947367545,-0.99)
(34.23289473684123,-0.99)
(34.23421052631492,-0.994)
(34.2355263157886,0.0)
(34.236842105262284,0.002)
(34.23815789473597,0.002)
(34.239473684209656,-0.999)
(34.240789473683336,0.999)
(34.24210526315702,-0.999)
(34.24342105263071,0.0)
(34.24473684210439,0.003)
(34.246052631578074,-0.997)
(34.24736842105176,-0.999)
(34.24868421052544,0.0)
(34.249999999999126,-0.999)
(34.249999999999126,0.0)
(34.2511904761896,-0.998)
(34.25238095238008,0.01)
(34.25357142857055,0.012)
(34.25476190476103,0.0)
(34.255952380951506,0.999)
(34.257142857141986,0.0)
(34.25833333333246,0.0)
(34.25952380952293,0.0)
(34.26071428571341,-0.998)
(34.261904761903885,0.0)
(34.263095238094365,0.001)
(34.26428571428484,0.0)
(34.26547619047532,0.0)
(34.26666666666579,0.0)
(34.267857142856265,0.007)
(34.269047619046745,0.0)
(34.27023809523722,0.003)
(34.2714285714277,-0.999)
(34.27261904761817,-0.994)
(34.27380952380865,0.0)
(34.274999999999125,0.0)
(34.274999999999125,0.0)
(34.27656249999912,0.0)
(34.27812499999912,0.0)
(34.27968749999913,-0.998)
(34.281249999999126,0.0)
(34.282812499999125,0.0)
(34.28437499999912,0.0)
(34.28593749999912,-0.996)
(34.28749999999913,-0.998)
(34.289062499999126,-0.998)
(34.290624999999125,1.004)
(34.29218749999912,0.0)
(34.29374999999912,-0.994)
(34.29531249999912,0.002)
(34.296874999999126,-0.995)
(34.298437499999125,0.015)
(34.29999999999912,0.023)
(34.29999999999912,-0.973)
(34.30166666666579,-0.969)
(34.30333333333245,0.021)
(34.304999999999126,0.021)
(34.30666666666579,-0.971)
(34.308333333332456,-0.975)
(34.30999999999912,-0.965)
(34.311666666665786,-0.971)
(34.31333333333246,0.009)
(34.314999999999124,-0.997)
(34.31666666666579,0.0)
(34.318333333332454,0.0)
(34.31999999999912,0.0)
(34.32166666666579,0.0)
(34.32333333333246,0.0)
(34.32499999999912,0.001)
(34.32499999999912,0.0)
(34.32666666666579,0.0)
(34.32833333333245,0.007)
(34.329999999999124,-0.997)
(34.33166666666579,0.0)
(34.333333333332455,-0.992)
(34.33499999999912,-1.98)
(34.336666666665785,0.026)
(34.33833333333246,1.032)
(34.33999999999912,0.032)
(34.34166666666579,-0.962)
(34.34333333333245,0.03)
(34.34499999999912,0.032)
(34.34666666666579,0.04)
(34.348333333332455,0.024)
(34.34999999999912,0.014)
(34.34999999999912,0.0)
(34.35124999999912,0.0)
(34.35249999999912,-0.995)
(34.35374999999912,-0.977)
(34.35499999999912,0.025)
(34.35624999999912,0.019)
(34.35749999999912,-0.973)
(34.35874999999912,0.019)
(34.35999999999912,0.031)
(34.36124999999912,0.019)
(34.362499999999116,-0.981)
(34.36374999999912,0.0)
(34.36499999999912,-0.996)
(34.36624999999912,-0.987)
(34.36749999999912,0.005)
(34.36874999999912,0.003)
(34.369999999999116,-0.993)
(34.37124999999912,0.005)
(34.37249999999912,1.003)
(34.37374999999912,0.001)
(34.37499999999912,0.0)
(34.37499999999912,0.0)
(34.376666666665784,-0.998)
(34.37833333333245,0.0)
(34.37999999999912,0.0)
(34.38166666666579,-0.998)
(34.38333333333245,0.0)
(34.38499999999912,-0.999)
(34.38666666666578,-0.998)
(34.388333333332454,0.004)
(34.38999999999912,-0.999)
(34.391666666665785,-0.999)
(34.39333333333245,-0.998)
(34.394999999999115,0.0)
(34.39666666666579,0.0)
(34.39833333333245,-0.999)
(34.39999999999912,0.0)
(34.39999999999912,-0.993)
(34.401562499999116,0.003)
(34.403124999999115,0.999)
(34.40468749999912,0.0)
(34.40624999999912,0.0)
(34.40781249999912,-0.999)
(34.409374999999116,-0.999)
(34.410937499999115,0.0)
(34.41249999999911,0.0)
(34.41406249999912,0.0)
(34.41562499999912,0.0)
(34.417187499999116,-0.999)
(34.418749999999115,0.001)
(34.42031249999911,-0.999)
(34.42187499999912,-0.983)
(34.42343749999912,-0.953)
(34.424999999999116,-0.961)
(34.424999999999116,-0.957)
(34.42647058823441,0.029)
(34.4279411764697,0.013)
(34.429411764705,0.0)
(34.430882352940294,0.0)
(34.43235294117559,0.0)
(34.43382352941088,0.001)
(34.43529411764617,0.0)
(34.436764705881465,0.0)
(34.438235294116765,-0.996)
(34.43970588235206,-0.996)
(34.44117647058735,-0.99)
(34.442647058822644,-0.982)
(34.444117647057936,-0.988)
(34.44558823529323,-0.986)
(34.44705882352853,0.0)
(34.44852941176382,0.0)
(34.449999999999115,-0.999)
(34.449999999999115,0.0)
(34.45147058823441,0.0)
(34.4529411764697,0.0)
(34.454411764705,0.0)
(34.45588235294029,0.0)
(34.457352941175586,-0.998)
(34.45882352941088,0.0)
(34.46029411764617,-1.996)
(34.461764705881464,0.0)
(34.463235294116764,-0.996)
(34.46470588235206,0.004)
(34.46617647058735,0.006)
(34.46764705882264,0.005)
(34.469117647057935,0.011)
(34.47058823529323,-0.999)
(34.47205882352853,0.0)
(34.47352941176382,-0.993)
(34.47499999999911,0.0)
(34.47499999999911,-0.998)
(34.476388888888,0.0)
(34.47777777777689,0.0)
(34.479166666665776,-0.992)
(34.480555555554666,0.0)
(34.481944444443556,0.009)
(34.483333333332446,-0.995)
(34.484722222221336,0.0)
(34.486111111110226,-0.999)
(34.487499999999116,0.0)
(34.488888888888,0.0)
(34.49027777777689,0.001)
(34.49166666666578,-0.998)
(34.49305555555467,-0.999)
(34.49444444444356,-0.998)
(34.49583333333244,0.004)
(34.49722222222133,0.003)
(34.49861111111022,0.0)
(34.49999999999911,-0.983)
(34.49999999999911,0.025)
(34.508333333332445,0.029)
(34.51666666666578,-0.971)
(34.52499999999911,0.019)
(34.52499999999911,0.0)
(34.52777777777689,0.003)
(34.53055555555466,-0.999)
(34.53333333333244,-0.995)
(34.53611111111022,0.999)
(34.538888888887996,0.0)
(34.541666666665776,-1.0)
(34.544444444443556,0.001)
(34.54722222222133,-0.996)
(34.54999999999911,0.0)
(34.54999999999911,0.003)
(34.55624999999911,-0.993)
(34.562499999999105,0.0)
(34.568749999999106,0.0)
(34.57499999999911,0.001)
(34.57499999999911,0.0)
(34.58749999999911,0.0)
(34.599999999999106,0.0)
(34.599999999999106,0.0)
(34.601249999999105,-0.999)
(34.602499999999104,-0.998)
(34.6037499999991,0.0)
(34.60499999999911,-0.999)
(34.60624999999911,0.0)
(34.607499999999106,-0.998)
(34.608749999999105,0.0)
(34.609999999999104,-0.994)
(34.6112499999991,-0.992)
(34.6124999999991,0.008)
(34.61374999999911,0.002)
(34.61499999999911,-0.999)
(34.616249999999106,0.0)
(34.617499999999104,0.0)
(34.6187499999991,-0.999)
(34.6199999999991,0.003)
(34.62124999999911,0.003)
(34.62249999999911,-0.999)
(34.623749999999106,-0.996)
(34.624999999999105,0.0)
(34.624999999999105,-1.991)
(34.6264705882344,0.017)
(34.62794117646969,-0.979)
(34.62941176470499,0.021)
(34.63088235294028,-0.979)
(34.632352941175576,-0.989)
(34.63382352941087,-0.997)
(34.63529411764616,0.0)
(34.636764705881454,0.0)
(34.638235294116754,0.001)
(34.63970588235205,0.0)
(34.64117647058734,-0.998)
(34.64264705882263,-0.988)
(34.644117647057925,-0.992)
(34.64558823529322,-0.984)
(34.64705882352852,-0.974)
(34.64852941176381,0.006)
(34.6499999999991,0.01)
(34.6499999999991,0.0)
(34.65138888888799,0.0)
(34.65277777777688,0.003)
(34.65416666666577,-0.989)
(34.655555555554656,-0.989)
(34.656944444443546,-1.999)
(34.658333333332436,-0.985)
(34.659722222221326,-0.993)
(34.661111111110216,0.023)
(34.6624999999991,0.005)
(34.66388888888799,-0.969)
(34.66527777777688,-0.941)
(34.66666666666577,1.055)
(34.66805555555466,0.065)
(34.66944444444355,0.067)
(34.67083333333244,0.041)
(34.67222222222132,-0.949)
(34.67361111111021,-0.951)
(34.6749999999991,0.049)
(34.6749999999991,-0.959)
(34.67666666666577,-0.975)
(34.67833333333243,-0.963)
(34.679999999999104,-0.987)
(34.68166666666577,1.007)
(34.683333333332435,0.007)
(34.6849999999991,0.003)
(34.686666666665765,0.0)
(34.68833333333244,-0.993)
(34.6899999999991,0.017)
(34.69166666666577,-0.993)
(34.69333333333243,-0.983)
(34.6949999999991,-0.995)
(34.69666666666577,0.007)
(34.698333333332435,0.0)
(34.6999999999991,-0.998)
(34.6999999999991,0.0)
(34.7015624999991,-0.99)
(34.7031249999991,-0.982)
(34.7046874999991,2.006)
(34.7062499999991,-0.996)
(34.7078124999991,0.008)
(34.7093749999991,0.004)
(34.7109374999991,0.012)
(34.712499999999096,-0.98)
(34.7140624999991,0.034)
(34.7156249999991,-0.954)
(34.7171874999991,-0.94)
(34.7187499999991,-0.942)
(34.720312499999096,0.05)
(34.7218749999991,-0.94)
(34.7234374999991,-0.936)
(34.7249999999991,-0.94)
(34.7249999999991,-0.936)
(34.7259999999991,-1.94)
(34.7269999999991,0.05)
(34.7279999999991,0.064)
(34.7289999999991,-0.932)
(34.7299999999991,0.072)
(34.7309999999991,0.062)
(34.7319999999991,-0.944)
(34.7329999999991,-0.936)
(34.7339999999991,1.048)
(34.7349999999991,0.048)
(34.7359999999991,-0.944)
(34.7369999999991,-0.94)
(34.7379999999991,0.042)
(34.738999999999095,0.036)
(34.7399999999991,0.038)
(34.7409999999991,0.036)
(34.741999999999095,0.028)
(34.7429999999991,0.028)
(34.7439999999991,0.024)
(34.744999999999095,-0.972)
(34.7459999999991,0.03)
(34.7469999999991,-0.966)
(34.747999999999095,0.036)
(34.7489999999991,0.028)
(34.7499999999991,0.008)
(34.7499999999991,0.0)
(34.751562499999096,0.999)
(34.753124999999095,0.0)
(34.7546874999991,1.0)
(34.7562499999991,0.001)
(34.7578124999991,0.0)
(34.759374999999096,-0.999)
(34.760937499999095,-0.999)
(34.76249999999909,-0.998)
(34.7640624999991,0.0)
(34.7656249999991,-0.997)
(34.767187499999096,0.0)
(34.768749999999095,-1.999)
(34.77031249999909,-1.0)
(34.7718749999991,0.007)
(34.7734374999991,0.001)
(34.774999999999096,0.0)
(34.774999999999096,0.0)
(34.77666666666576,-0.999)
(34.77833333333243,0.0)
(34.7799999999991,0.0)
(34.781666666665764,0.001)
(34.78333333333243,0.002)
(34.784999999999094,-1.995)
(34.78666666666576,-0.999)
(34.78833333333243,0.001)
(34.7899999999991,0.013)
(34.79166666666576,-0.983)
(34.79333333333243,0.011)
(34.79499999999909,0.011)
(34.796666666665764,0.0)
(34.79833333333243,-0.993)
(34.799999999999095,0.0)
(34.799999999999095,0.0)
(34.80092592592502,0.0)
(34.80185185185095,0.0)
(34.802777777776875,0.002)
(34.8037037037028,0.0)
(34.80462962962872,0.0)
(34.80555555555465,0.0)
(34.806481481480574,-0.997)
(34.8074074074065,-0.996)
(34.80833333333243,0.0)
(34.809259259258354,-0.984)
(34.81018518518428,-0.978)
(34.81111111111021,-0.988)
(34.812037037036134,-0.996)
(34.812962962962054,-0.999)
(34.81388888888798,0.001)
(34.81481481481391,0.0)
(34.815740740739834,0.0)
(34.81666666666576,0.0)
(34.81759259259169,-0.998)
(34.818518518517614,0.0)
(34.81944444444354,-1.0)
(34.82037037036947,0.0)
(34.82129629629539,-0.999)
(34.82222222222131,-0.999)
(34.82314814814724,0.0)
(34.82407407407317,1.0)
(34.82499999999909,0.0)
(34.82499999999909,0.0)
(34.826470588234386,-1.0)
(34.82794117646968,0.0)
(34.82941176470498,0.0)
(34.83088235294027,1.002)
(34.832352941175564,0.004)
(34.83382352941086,0.0)
(34.83529411764615,-0.995)
(34.83676470588144,0.011)
(34.83823529411674,0.0)
(34.839705882352035,-0.999)
(34.84117647058733,0.0)
(34.84264705882262,0.003)
(34.844117647057914,-0.999)
(34.84558823529321,0.001)
(34.847058823528506,-0.996)
(34.8485294117638,0.0)
(34.84999999999909,0.0)
(34.84999999999909,0.0)
(34.851136363635455,0.001)
(34.85227272727182,0.004)
(34.85340909090818,0.0)
(34.85454545454455,0.0)
(34.85568181818091,-0.997)
(34.856818181817275,0.0)
(34.85795454545364,0.0)
(34.85909090909,0.001)
(34.86022727272636,0.999)
(34.861363636362725,0.0)
(34.86249999999909,0.0)
(34.86363636363546,0.0)
(34.86477272727182,0.0)
(34.86590909090818,0.0)
(34.867045454544545,-0.999)
(34.86818181818091,-0.997)
(34.86931818181727,-0.999)
(34.87045454545363,0.0)
(34.87159090909,-0.998)
(34.872727272726365,0.0)
(34.87386363636273,-0.999)
(34.87499999999909,-0.993)
(34.87499999999909,-0.999)
(34.87647058823438,0.001)
(34.877941176469676,0.0)
(34.879411764704976,-0.999)
(34.88088235294027,0.0)
(34.88235294117556,0.003)
(34.883823529410854,-0.995)
(34.88529411764615,0.002)
(34.88676470588144,-1.998)
(34.88823529411674,0.0)
(34.88970588235203,0.0)
(34.891176470587325,-0.995)
(34.89264705882262,-0.999)
(34.89411764705791,-0.995)
(34.895588235293204,0.0)
(34.8970588235285,0.0)
(34.898529411763796,0.0)
(34.89999999999909,0.0)
(34.89999999999909,0.003)
(34.901315789472775,0.0)
(34.902631578946455,0.0)
(34.90394736842014,0.0)
(34.90526315789383,-1.998)
(34.90657894736751,0.0)
(34.90789473684119,0.0)
(34.90921052631488,0.017)
(34.91052631578856,0.013)
(34.911842105262245,0.999)
(34.91315789473593,-0.992)
(34.91447368420962,0.0)
(34.9157894736833,-0.999)
(34.917105263156984,-0.997)
(34.91842105263067,0.0)
(34.91973684210435,0.001)
(34.921052631578036,0.001)
(34.92236842105172,0.0)
(34.9236842105254,0.0)
(34.92499999999909,0.0)
(34.92499999999909,0.0)
(34.92499999999909,0.005)
(34.93333333333242,0.0)
(34.94166666666575,0.0)
(34.949999999999086,-0.998)
(34.949999999999086,0.002)
(34.95208333333242,0.005)
(34.954166666665756,0.005)
(34.95624999999909,-0.999)
(34.95833333333242,0.999)
(34.96041666666575,0.001)
(34.96249999999908,0.002)
(34.96458333333242,0.0)
(34.96666666666575,0.0)
(34.96874999999908,-0.999)
(34.97083333333242,0.0)
(34.97291666666575,0.0)
(34.974999999999085,0.0)
(34.974999999999085,-0.001)
(34.97604166666575,0.0)
(34.977083333332416,0.003)
(34.97812499999908,-0.999)
(34.97916666666575,0.0)
(34.98020833333242,-0.999)
(34.981249999999086,0.0)
(34.98229166666575,-0.999)
(34.98333333333242,-0.992)
(34.98437499999908,-0.999)
(34.98541666666575,-0.974)
(34.986458333332415,0.02)
(34.98749999999909,-0.976)
(34.98854166666575,0.008)
(34.98958333333242,0.0)
(34.990624999999085,0.999)
(34.99166666666575,0.006)
(34.992708333332416,0.0)
(34.99374999999908,0.0)
(34.99479166666575,0.009)
(34.99583333333241,0.0)
(34.996874999999086,0.002)
(34.99791666666575,-0.982)
(34.99895833333242,-0.978)
(34.99999999999908,-0.982)
(34.99999999999908,0.014)
(35.00131578947277,0.0)
(35.00263157894645,0.0)
(35.003947368420135,0.001)
(35.00526315789382,0.0)
(35.0065789473675,-0.987)
(35.00789473684119,0.009)
(35.009210526314874,0.0)
(35.01052631578855,-0.999)
(35.01184210526224,0.999)
(35.013157894735926,0.0)
(35.01447368420961,-0.991)
(35.01578947368329,-0.991)
(35.01710526315698,-0.985)
(35.018421052630664,-1.975)
(35.019736842104344,-0.981)
(35.02105263157803,0.011)
(35.022368421051716,0.009)
(35.023684210525396,0.011)
(35.02499999999908,0.001)
(35.02499999999908,0.007)
(35.02656249999908,-0.999)
(35.02812499999908,-0.999)
(35.029687499999085,-0.999)
(35.03124999999908,-0.998)
(35.03281249999908,0.0)
(35.03437499999908,0.0)
(35.03593749999908,-0.998)
(35.037499999999085,0.007)
(35.03906249999908,-0.997)
(35.04062499999908,0.001)
(35.04218749999908,0.003)
(35.04374999999908,-0.985)
(35.04531249999908,0.015)
(35.04687499999908,-0.983)
(35.04843749999908,0.023)
(35.04999999999908,-0.985)
(35.04999999999908,-0.987)
(35.05108695652082,0.005)
(35.05217391304256,1.001)
(35.0532608695643,-1.0)
(35.05434782608604,0.001)
(35.055434782607776,0.015)
(35.056521739129515,0.029)
(35.057608695651254,-0.967)
(35.05869565217299,-0.979)
(35.05978260869473,-0.965)
(35.06086956521647,0.023)
(35.06195652173821,0.009)
(35.06304347825995,0.0)
(35.06413043478169,-0.999)
(35.06521739130343,0.0)
(35.06630434782517,0.0)
(35.067391304346906,-0.996)
(35.068478260868645,1.0)
(35.069565217390384,0.001)
(35.07065217391212,-0.996)
(35.07173913043386,1.001)
(35.0728260869556,-0.999)
(35.07391304347734,0.001)
(35.07499999999908,-1.992)
(35.07499999999908,-0.97)
(35.07638888888797,0.024)
(35.07777777777686,-0.982)
(35.07916666666574,0.006)
(35.08055555555463,-0.995)
(35.08194444444352,0.001)
(35.08333333333241,-0.995)
(35.0847222222213,0.0)
(35.08611111111019,0.009)
(35.08749999999908,-0.993)
(35.088888888887965,0.0)
(35.090277777776855,-0.996)
(35.091666666665745,0.0)
(35.093055555554635,0.0)
(35.094444444443525,0.0)
(35.09583333333241,0.0)
(35.0972222222213,0.002)
(35.09861111111019,0.0)
(35.09999999999908,0.0)
