(15.000000000000146,676.0)
(15.000000000000146,675.0)
(15.002272727272873,676.0)
(15.0045454545456,676.0)
(15.006818181818328,676.0)
(15.009090909091055,676.0)
(15.011363636363782,676.0)
(15.01363636363651,676.0)
(15.015909090909236,676.0)
(15.018181818181963,676.0)
(15.020454545454692,676.0)
(15.022727272727419,675.0)
(15.025000000000146,676.0)
(15.025000000000146,676.0)
(15.027272727272873,676.0)
(15.0295454545456,676.0)
(15.031818181818329,675.0)
(15.034090909091056,676.0)
(15.036363636363783,676.0)
(15.03863636363651,675.0)
(15.040909090909237,676.0)
(15.043181818181964,676.0)
(15.045454545454692,677.0)
(15.04772727272742,674.0)
(15.050000000000146,675.0)
(15.050000000000146,676.0)
(15.052777777777925,675.0)
(15.055555555555703,676.0)
(15.05833333333348,676.0)
(15.061111111111257,676.0)
(15.063888888889036,675.0)
(15.066666666666814,675.0)
(15.06944444444459,675.0)
(15.072222222222369,675.0)
(15.075000000000147,676.0)
(15.075000000000147,676.0)
(15.076923076923224,676.0)
(15.078846153846301,676.0)
(15.080769230769377,676.0)
(15.082692307692454,676.0)
(15.084615384615532,676.0)
(15.08653846153861,674.0)
(15.088461538461685,675.0)
(15.090384615384762,676.0)
(15.09230769230784,676.0)
(15.094230769230917,675.0)
(15.096153846153992,675.0)
(15.09807692307707,676.0)
(15.100000000000147,676.0)
(15.100000000000147,675.0)
(15.102777777777925,675.0)
(15.105555555555704,675.0)
(15.10833333333348,676.0)
(15.111111111111258,676.0)
(15.113888888889036,676.0)
(15.116666666666815,675.0)
(15.119444444444591,675.0)
(15.12222222222237,676.0)
(15.125000000000147,676.0)
(15.125000000000147,676.0)
(15.128125000000148,676.0)
(15.131250000000147,676.0)
(15.134375000000148,676.0)
(15.137500000000149,676.0)
(15.140625000000147,676.0)
(15.143750000000148,675.0)
(15.146875000000147,676.0)
(15.150000000000148,676.0)
(15.150000000000148,675.0)
(15.152500000000147,675.0)
(15.155000000000149,676.0)
(15.157500000000148,676.0)
(15.160000000000148,675.0)
(15.162500000000147,677.0)
(15.165000000000148,675.0)
(15.167500000000148,676.0)
(15.170000000000147,675.0)
(15.172500000000149,676.0)
(15.175000000000148,675.0)
(15.175000000000148,675.0)
(15.177777777777926,675.0)
(15.180555555555705,676.0)
(15.183333333333481,675.0)
(15.18611111111126,676.0)
(15.188888888889037,676.0)
(15.191666666666816,676.0)
(15.194444444444592,676.0)
(15.19722222222237,675.0)
(15.200000000000149,676.0)
(15.200000000000149,675.0)
(15.206250000000148,675.0)
(15.212500000000148,675.0)
(15.21875000000015,675.0)
(15.225000000000149,675.0)
(15.225000000000149,675.0)
(15.225000000000149,675.0)
(15.233333333333482,677.0)
(15.241666666666816,676.0)
(15.25000000000015,676.0)
(15.25000000000015,675.0)
(15.262500000000149,676.0)
(15.27500000000015,676.0)
(15.27500000000015,676.0)
(15.28000000000015,675.0)
(15.28500000000015,676.0)
(15.29000000000015,676.0)
(15.29500000000015,676.0)
(15.30000000000015,676.0)
(15.30000000000015,676.0)
(15.302272727272877,675.0)
(15.304545454545604,675.0)
(15.306818181818333,675.0)
(15.30909090909106,676.0)
(15.311363636363787,675.0)
(15.313636363636514,675.0)
(15.31590909090924,676.0)
(15.318181818181968,676.0)
(15.320454545454696,675.0)
(15.322727272727423,676.0)
(15.32500000000015,676.0)
(15.32500000000015,676.0)
(15.327272727272877,676.0)
(15.329545454545604,676.0)
(15.331818181818333,675.0)
(15.33409090909106,676.0)
(15.336363636363787,676.0)
(15.338636363636514,676.0)
(15.340909090909241,676.0)
(15.343181818181968,676.0)
(15.345454545454697,676.0)
(15.347727272727424,675.0)
(15.35000000000015,675.0)
(15.35000000000015,676.0)
(15.352777777777929,675.0)
(15.355555555555707,675.0)
(15.358333333333483,675.0)
(15.361111111111262,675.0)
(15.36388888888904,675.0)
(15.366666666666818,676.0)
(15.369444444444595,676.0)
(15.372222222222373,676.0)
(15.375000000000151,675.0)
(15.375000000000151,676.0)
(15.37777777777793,676.0)
(15.380555555555707,675.0)
(15.383333333333484,675.0)
(15.386111111111262,675.0)
(15.38888888888904,676.0)
(15.391666666666818,676.0)
(15.394444444444595,676.0)
(15.397222222222373,675.0)
(15.400000000000151,676.0)
(15.400000000000151,676.0)
(15.403125000000152,674.0)
(15.406250000000151,675.0)
(15.409375000000152,676.0)
(15.41250000000015,675.0)
(15.415625000000151,676.0)
(15.418750000000152,675.0)
(15.421875000000151,676.0)
(15.425000000000152,675.0)
(15.425000000000152,675.0)
(15.426923076923229,675.0)
(15.428846153846306,676.0)
(15.430769230769382,676.0)
(15.43269230769246,675.0)
(15.434615384615537,675.0)
(15.436538461538614,675.0)
(15.43846153846169,675.0)
(15.440384615384767,676.0)
(15.442307692307844,675.0)
(15.444230769230922,676.0)
(15.446153846153997,676.0)
(15.448076923077075,675.0)
(15.450000000000152,677.0)
(15.450000000000152,676.0)
(15.45277777777793,676.0)
(15.455555555555708,675.0)
(15.458333333333485,676.0)
(15.461111111111263,675.0)
(15.463888888889041,676.0)
(15.46666666666682,676.0)
(15.469444444444596,676.0)
(15.472222222222374,676.0)
(15.475000000000152,675.0)
(15.475000000000152,675.0)
(15.477083333333486,676.0)
(15.479166666666819,676.0)
(15.481250000000152,676.0)
(15.483333333333485,675.0)
(15.485416666666818,676.0)
(15.487500000000153,675.0)
(15.489583333333487,676.0)
(15.49166666666682,675.0)
(15.493750000000153,676.0)
(15.495833333333486,676.0)
(15.49791666666682,675.0)
(15.500000000000153,675.0)
(15.500000000000153,675.0)
(15.503125000000153,676.0)
(15.506250000000152,675.0)
(15.509375000000153,676.0)
(15.512500000000152,675.0)
(15.515625000000153,675.0)
(15.518750000000153,677.0)
(15.521875000000152,676.0)
(15.525000000000153,677.0)
(15.525000000000153,675.0)
(15.525000000000153,675.0)
(15.527777777777931,676.0)
(15.53055555555571,675.0)
(15.533333333333486,676.0)
(15.536111111111264,676.0)
(15.538888888889042,676.0)
(15.54166666666682,676.0)
(15.544444444444597,675.0)
(15.547222222222375,675.0)
(15.550000000000153,675.0)
(15.550000000000153,676.0)
(15.558333333333486,675.0)
(15.566666666666821,676.0)
(15.575000000000154,675.0)
(15.575000000000154,676.0)
(15.578125000000155,676.0)
(15.581250000000153,676.0)
(15.584375000000154,676.0)
(15.587500000000155,676.0)
(15.590625000000154,676.0)
(15.593750000000155,676.0)
(15.596875000000153,675.0)
(15.600000000000154,676.0)
(15.600000000000154,676.0)
(15.601923076923232,676.0)
(15.603846153846309,676.0)
(15.605769230769384,676.0)
(15.607692307692462,677.0)
(15.60961538461554,675.0)
(15.611538461538617,676.0)
(15.613461538461692,675.0)
(15.61538461538477,675.0)
(15.617307692307847,677.0)
(15.619230769230924,676.0)
(15.621153846154,676.0)
(15.623076923077077,676.0)
(15.625000000000155,676.0)
(15.625000000000155,675.0)
(15.628571428571583,675.0)
(15.632142857143013,676.0)
(15.63571428571444,675.0)
(15.639285714285869,676.0)
(15.642857142857297,676.0)
(15.646428571428727,675.0)
(15.650000000000155,676.0)
(15.650000000000155,677.0)
(15.650000000000155,675.0)
(15.653571428571583,676.0)
(15.657142857143013,675.0)
(15.660714285714441,676.0)
(15.66428571428587,676.0)
(15.667857142857297,675.0)
(15.671428571428727,676.0)
(15.675000000000155,676.0)
(15.675000000000155,676.0)
(15.675000000000155,676.0)
(15.687500000000156,676.0)
(15.700000000000156,676.0)
(15.700000000000156,675.0)
(15.702500000000155,675.0)
(15.705000000000156,675.0)
(15.707500000000156,677.0)
(15.710000000000155,675.0)
(15.712500000000155,676.0)
(15.715000000000156,675.0)
(15.717500000000156,676.0)
(15.720000000000155,676.0)
(15.722500000000156,676.0)
(15.725000000000156,676.0)
(15.725000000000156,675.0)
(15.727777777777934,676.0)
(15.730555555555712,676.0)
(15.733333333333489,675.0)
(15.736111111111267,675.0)
(15.738888888889045,675.0)
(15.741666666666823,675.0)
(15.7444444444446,676.0)
(15.747222222222378,676.0)
(15.750000000000156,676.0)
(15.750000000000156,676.0)
(15.752777777777935,676.0)
(15.755555555555713,675.0)
(15.75833333333349,676.0)
(15.761111111111267,675.0)
(15.763888888889046,676.0)
(15.766666666666824,676.0)
(15.7694444444446,676.0)
(15.772222222222378,675.0)
(15.775000000000157,676.0)
(15.775000000000157,676.0)
(15.778125000000157,675.0)
(15.781250000000156,676.0)
(15.784375000000157,676.0)
(15.787500000000158,676.0)
(15.790625000000157,677.0)
(15.793750000000157,676.0)
(15.796875000000156,675.0)
(15.800000000000157,676.0)
(15.800000000000157,675.0)
(15.803125000000158,676.0)
(15.806250000000157,675.0)
(15.809375000000157,675.0)
(15.812500000000156,676.0)
(15.815625000000157,675.0)
(15.818750000000158,675.0)
(15.821875000000157,676.0)
(15.825000000000157,675.0)
(15.825000000000157,676.0)
(15.82708333333349,675.0)
(15.829166666666824,676.0)
(15.831250000000157,675.0)
(15.83333333333349,676.0)
(15.835416666666823,675.0)
(15.837500000000158,676.0)
(15.839583333333492,675.0)
(15.841666666666825,675.0)
(15.843750000000158,676.0)
(15.845833333333491,675.0)
(15.847916666666825,676.0)
(15.850000000000158,675.0)
(15.850000000000158,677.0)
(15.853125000000158,675.0)
(15.856250000000157,676.0)
(15.859375000000158,676.0)
(15.862500000000157,676.0)
(15.865625000000158,675.0)
(15.868750000000158,676.0)
(15.871875000000157,676.0)
(15.875000000000158,676.0)
(15.875000000000158,676.0)
(15.878125000000159,675.0)
(15.881250000000158,675.0)
(15.884375000000158,676.0)
(15.88750000000016,675.0)
(15.890625000000158,675.0)
(15.893750000000159,676.0)
(15.896875000000158,675.0)
(15.900000000000158,675.0)
(15.900000000000158,676.0)
(15.902777777777937,677.0)
(15.905555555555715,676.0)
(15.908333333333491,675.0)
(15.91111111111127,676.0)
(15.913888888889048,675.0)
(15.916666666666826,675.0)
(15.919444444444602,676.0)
(15.92222222222238,676.0)
(15.925000000000159,676.0)
(15.925000000000159,677.0)
(15.927777777777937,676.0)
(15.930555555555715,675.0)
(15.933333333333492,675.0)
(15.93611111111127,676.0)
(15.938888888889048,676.0)
(15.941666666666826,676.0)
(15.944444444444603,676.0)
(15.947222222222381,675.0)
(15.95000000000016,675.0)
(15.95000000000016,676.0)
(15.95312500000016,676.0)
(15.956250000000159,676.0)
(15.95937500000016,676.0)
(15.962500000000158,676.0)
(15.96562500000016,676.0)
(15.96875000000016,676.0)
(15.971875000000159,676.0)
(15.97500000000016,676.0)
(15.97500000000016,675.0)
(15.977777777777938,675.0)
(15.980555555555716,676.0)
(15.983333333333492,676.0)
(15.98611111111127,676.0)
(15.988888888889049,675.0)
(15.991666666666827,676.0)
(15.994444444444603,675.0)
(15.997222222222382,676.0)
(16.00000000000016,677.0)
(16.00000000000016,676.0)
(16.00312500000016,675.0)
(16.006250000000158,676.0)
(16.00937500000016,676.0)
(16.01250000000016,676.0)
(16.01562500000016,676.0)
(16.01875000000016,675.0)
(16.021875000000158,676.0)
(16.02500000000016,676.0)
(16.02500000000016,675.0)
(16.027777777777935,676.0)
(16.030555555555715,675.0)
(16.03333333333349,675.0)
(16.036111111111268,676.0)
(16.038888888889048,676.0)
(16.041666666666824,676.0)
(16.0444444444446,677.0)
(16.04722222222238,675.0)
(16.050000000000157,676.0)
(16.050000000000157,675.0)
(16.052083333333492,675.0)
(16.054166666666823,676.0)
(16.056250000000155,677.0)
(16.05833333333349,675.0)
(16.060416666666825,675.0)
(16.062500000000156,676.0)
(16.064583333333488,676.0)
(16.066666666666823,676.0)
(16.068750000000158,676.0)
(16.07083333333349,676.0)
(16.07291666666682,676.0)
(16.075000000000156,676.0)
(16.075000000000156,676.0)
(16.078125000000156,675.0)
(16.081250000000153,675.0)
(16.084375000000154,675.0)
(16.087500000000155,675.0)
(16.090625000000156,675.0)
(16.093750000000156,675.0)
(16.096875000000153,675.0)
(16.100000000000154,675.0)
(16.100000000000154,676.0)
(16.10277777777793,675.0)
(16.10555555555571,675.0)
(16.108333333333487,676.0)
(16.111111111111263,676.0)
(16.113888888889043,675.0)
(16.11666666666682,675.0)
(16.119444444444596,675.0)
(16.122222222222376,675.0)
(16.125000000000153,676.0)
(16.125000000000153,675.0)
(16.13125000000015,676.0)
(16.137500000000152,675.0)
(16.143750000000153,676.0)
(16.15000000000015,675.0)
(16.15000000000015,676.0)
(16.154166666666818,677.0)
(16.158333333333484,676.0)
(16.16250000000015,676.0)
(16.166666666666817,677.0)
(16.170833333333483,676.0)
(16.17500000000015,675.0)
(16.17500000000015,676.0)
(16.17750000000015,676.0)
(16.18000000000015,676.0)
(16.18250000000015,675.0)
(16.185000000000148,676.0)
(16.18750000000015,676.0)
(16.19000000000015,676.0)
(16.192500000000148,676.0)
(16.19500000000015,676.0)
(16.197500000000147,676.0)
(16.20000000000015,676.0)
(16.20000000000015,676.0)
(16.20312500000015,676.0)
(16.206250000000146,676.0)
(16.209375000000147,676.0)
(16.212500000000148,677.0)
(16.21562500000015,676.0)
(16.21875000000015,677.0)
(16.221875000000146,676.0)
(16.225000000000147,676.0)
(16.225000000000147,675.0)
(16.226923076923224,675.0)
(16.228846153846302,675.0)
(16.23076923076938,676.0)
(16.232692307692453,676.0)
(16.23461538461553,676.0)
(16.236538461538608,676.0)
(16.238461538461685,675.0)
(16.240384615384762,675.0)
(16.24230769230784,675.0)
(16.244230769230914,675.0)
(16.24615384615399,677.0)
(16.24807692307707,675.0)
(16.250000000000146,675.0)
(16.250000000000146,676.0)
(16.252777777777922,676.0)
(16.255555555555702,676.0)
(16.25833333333348,677.0)
(16.261111111111255,675.0)
(16.263888888889035,675.0)
(16.26666666666681,675.0)
(16.269444444444588,676.0)
(16.272222222222368,676.0)
(16.275000000000144,676.0)
(16.275000000000144,677.0)
(16.27777777777792,677.0)
(16.2805555555557,679.0)
(16.283333333333477,677.0)
(16.286111111111254,680.0)
(16.288888888889034,678.0)
(16.29166666666681,679.0)
(16.294444444444586,680.0)
(16.297222222222366,679.0)
(16.300000000000143,679.0)
(16.300000000000143,680.0)
(16.30277777777792,680.0)
(16.3055555555557,680.0)
(16.308333333333476,679.0)
(16.311111111111252,680.0)
(16.313888888889032,679.0)
(16.31666666666681,679.0)
(16.319444444444585,680.0)
(16.322222222222365,679.0)
(16.32500000000014,680.0)
(16.32500000000014,680.0)
(16.327777777777918,680.0)
(16.330555555555698,680.0)
(16.333333333333474,680.0)
(16.33611111111125,679.0)
(16.33888888888903,680.0)
(16.341666666666807,680.0)
(16.344444444444584,680.0)
(16.347222222222364,680.0)
(16.35000000000014,680.0)
(16.35000000000014,680.0)
(16.352777777777916,680.0)
(16.355555555555696,680.0)
(16.358333333333473,680.0)
(16.36111111111125,680.0)
(16.36388888888903,680.0)
(16.366666666666806,680.0)
(16.369444444444582,680.0)
(16.372222222222362,680.0)
(16.37500000000014,679.0)
(16.37500000000014,681.0)
(16.37750000000014,680.0)
(16.380000000000138,680.0)
(16.38250000000014,681.0)
(16.385000000000137,680.0)
(16.387500000000138,682.0)
(16.39000000000014,682.0)
(16.392500000000137,682.0)
(16.395000000000138,683.0)
(16.397500000000136,682.0)
(16.400000000000137,683.0)
(16.400000000000137,684.0)
(16.402272727272866,682.0)
(16.40454545454559,685.0)
(16.40681818181832,684.0)
(16.409090909091045,685.0)
(16.411363636363774,684.0)
(16.4136363636365,684.0)
(16.415909090909228,685.0)
(16.418181818181953,685.0)
(16.42045454545468,685.0)
(16.422727272727407,685.0)
(16.425000000000136,686.0)
(16.425000000000136,687.0)
(16.426923076923213,685.0)
(16.42884615384629,687.0)
(16.430769230769368,686.0)
(16.43269230769244,684.0)
(16.43461538461552,686.0)
(16.436538461538596,685.0)
(16.438461538461674,687.0)
(16.44038461538475,685.0)
(16.44230769230783,687.0)
(16.444230769230902,687.0)
(16.44615384615398,687.0)
(16.448076923077057,687.0)
(16.450000000000134,688.0)
(16.450000000000134,688.0)
(16.45277777777791,688.0)
(16.45555555555569,689.0)
(16.458333333333467,688.0)
(16.461111111111244,688.0)
(16.463888888889024,689.0)
(16.4666666666668,689.0)
(16.469444444444576,689.0)
(16.472222222222356,688.0)
(16.475000000000133,689.0)
(16.475000000000133,688.0)
(16.47727272727286,689.0)
(16.479545454545587,690.0)
(16.481818181818316,689.0)
(16.48409090909104,689.0)
(16.48636363636377,689.0)
(16.488636363636495,689.0)
(16.490909090909224,689.0)
(16.49318181818195,689.0)
(16.495454545454677,688.0)
(16.497727272727403,689.0)
(16.50000000000013,688.0)
(16.50000000000013,689.0)
(16.503125000000132,689.0)
(16.50625000000013,691.0)
(16.50937500000013,689.0)
(16.51250000000013,690.0)
(16.51562500000013,690.0)
(16.518750000000132,688.0)
(16.52187500000013,690.0)
(16.52500000000013,689.0)
(16.52500000000013,689.0)
(16.527777777777906,689.0)
(16.530555555555686,689.0)
(16.533333333333463,688.0)
(16.53611111111124,688.0)
(16.53888888888902,689.0)
(16.541666666666796,690.0)
(16.544444444444572,689.0)
(16.547222222222352,688.0)
(16.55000000000013,689.0)
(16.55000000000013,690.0)
(16.552777777777905,690.0)
(16.555555555555685,688.0)
(16.55833333333346,689.0)
(16.561111111111238,689.0)
(16.563888888889018,689.0)
(16.566666666666794,689.0)
(16.56944444444457,688.0)
(16.57222222222235,690.0)
(16.575000000000127,689.0)
(16.575000000000127,690.0)
(16.576923076923205,689.0)
(16.578846153846282,689.0)
(16.58076923076936,689.0)
(16.582692307692433,689.0)
(16.58461538461551,689.0)
(16.586538461538588,689.0)
(16.588461538461665,689.0)
(16.590384615384743,689.0)
(16.59230769230782,689.0)
(16.594230769230894,689.0)
(16.59615384615397,688.0)
(16.59807692307705,688.0)
(16.600000000000126,689.0)
(16.600000000000126,690.0)
(16.602777777777902,689.0)
(16.605555555555682,689.0)
(16.60833333333346,689.0)
(16.611111111111235,689.0)
(16.613888888889015,690.0)
(16.61666666666679,688.0)
(16.619444444444568,690.0)
(16.622222222222348,689.0)
(16.625000000000124,689.0)
(16.625000000000124,689.0)
(16.6277777777779,689.0)
(16.63055555555568,689.0)
(16.633333333333457,689.0)
(16.636111111111234,689.0)
(16.638888888889014,689.0)
(16.64166666666679,689.0)
(16.644444444444566,689.0)
(16.647222222222346,690.0)
(16.650000000000123,688.0)
(16.650000000000123,690.0)
(16.653125000000124,689.0)
(16.65625000000012,689.0)
(16.65937500000012,690.0)
(16.662500000000122,690.0)
(16.665625000000123,689.0)
(16.668750000000124,689.0)
(16.67187500000012,689.0)
(16.67500000000012,689.0)
(16.67500000000012,689.0)
(16.676666666666787,688.0)
(16.678333333333455,691.0)
(16.68000000000012,689.0)
(16.68166666666679,690.0)
(16.683333333333454,689.0)
(16.68500000000012,690.0)
(16.686666666666788,690.0)
(16.688333333333453,689.0)
(16.690000000000122,688.0)
(16.691666666666787,689.0)
(16.693333333333452,688.0)
(16.69500000000012,689.0)
(16.696666666666786,689.0)
(16.698333333333455,690.0)
(16.70000000000012,689.0)
(16.70000000000012,689.0)
(16.70227272727285,689.0)
(16.704545454545574,690.0)
(16.706818181818303,691.0)
(16.709090909091028,690.0)
(16.711363636363757,690.0)
(16.713636363636482,690.0)
(16.71590909090921,690.0)
(16.718181818181936,691.0)
(16.720454545454665,689.0)
(16.72272727272739,690.0)
(16.72500000000012,690.0)
(16.72500000000012,691.0)
(16.72812500000012,689.0)
(16.731250000000117,690.0)
(16.734375000000117,690.0)
(16.737500000000118,690.0)
(16.74062500000012,689.0)
(16.74375000000012,689.0)
(16.746875000000117,688.0)
(16.750000000000117,689.0)
(16.750000000000117,690.0)
(16.752777777777894,691.0)
(16.755555555555674,689.0)
(16.75833333333345,689.0)
(16.761111111111227,689.0)
(16.763888888889007,690.0)
(16.766666666666783,691.0)
(16.76944444444456,690.0)
(16.77222222222234,690.0)
(16.775000000000116,688.0)
(16.775000000000116,689.0)
(16.777777777777892,690.0)
(16.780555555555672,689.0)
(16.78333333333345,690.0)
(16.786111111111225,689.0)
(16.788888888889005,689.0)
(16.79166666666678,690.0)
(16.794444444444558,689.0)
(16.797222222222338,689.0)
(16.800000000000114,688.0)
(16.800000000000114,689.0)
(16.803125000000115,690.0)
(16.806250000000112,690.0)
(16.809375000000113,690.0)
(16.812500000000114,689.0)
(16.815625000000114,690.0)
(16.818750000000115,689.0)
(16.821875000000112,689.0)
(16.825000000000113,689.0)
(16.825000000000113,688.0)
(16.828125000000114,689.0)
(16.83125000000011,690.0)
(16.83437500000011,690.0)
(16.837500000000112,690.0)
(16.840625000000113,688.0)
(16.843750000000114,689.0)
(16.84687500000011,688.0)
(16.85000000000011,689.0)
(16.85000000000011,689.0)
(16.853125000000112,689.0)
(16.85625000000011,689.0)
(16.85937500000011,689.0)
(16.86250000000011,689.0)
(16.86562500000011,689.0)
(16.868750000000112,689.0)
(16.87187500000011,690.0)
(16.87500000000011,689.0)
(16.87500000000011,689.0)
(16.87727272727284,689.0)
(16.879545454545564,689.0)
(16.881818181818293,689.0)
(16.884090909091018,689.0)
(16.886363636363747,689.0)
(16.888636363636472,690.0)
(16.8909090909092,690.0)
(16.893181818181926,688.0)
(16.895454545454655,689.0)
(16.89772727272738,690.0)
(16.90000000000011,690.0)
(16.90000000000011,688.0)
(16.90312500000011,688.0)
(16.906250000000107,689.0)
(16.909375000000107,689.0)
(16.912500000000108,689.0)
(16.91562500000011,689.0)
(16.91875000000011,689.0)
(16.921875000000107,689.0)
(16.925000000000107,688.0)
(16.925000000000107,688.0)
(16.927777777777884,689.0)
(16.930555555555664,690.0)
(16.93333333333344,690.0)
(16.936111111111217,688.0)
(16.938888888888997,690.0)
(16.941666666666773,688.0)
(16.94444444444455,687.0)
(16.94722222222233,689.0)
(16.950000000000106,689.0)
(16.950000000000106,690.0)
(16.953125000000107,689.0)
(16.956250000000104,688.0)
(16.959375000000104,689.0)
(16.962500000000105,689.0)
(16.965625000000106,690.0)
(16.968750000000107,689.0)
(16.971875000000104,689.0)
(16.975000000000104,689.0)
(16.975000000000104,688.0)
(16.97777777777788,689.0)
(16.98055555555566,689.0)
(16.983333333333437,689.0)
(16.986111111111214,688.0)
(16.988888888888994,689.0)
(16.99166666666677,689.0)
(16.994444444444547,690.0)
(16.997222222222327,688.0)
(17.000000000000103,689.0)
(17.000000000000103,689.0)
(17.00277777777788,688.0)
(17.00555555555566,690.0)
(17.008333333333436,689.0)
(17.011111111111212,688.0)
(17.013888888888992,689.0)
(17.01666666666677,689.0)
(17.019444444444545,689.0)
(17.022222222222325,690.0)
(17.0250000000001,689.0)
(17.0250000000001,689.0)
(17.028125000000102,690.0)
(17.0312500000001,688.0)
(17.0343750000001,688.0)
(17.0375000000001,689.0)
(17.0406250000001,688.0)
(17.043750000000102,689.0)
(17.0468750000001,687.0)
(17.0500000000001,687.0)
(17.0500000000001,687.0)
(17.0531250000001,687.0)
(17.056250000000098,686.0)
(17.0593750000001,687.0)
(17.0625000000001,687.0)
(17.0656250000001,687.0)
(17.0687500000001,686.0)
(17.071875000000098,686.0)
(17.0750000000001,686.0)
(17.0750000000001,686.0)
(17.077777777777875,686.0)
(17.080555555555655,687.0)
(17.08333333333343,687.0)
(17.086111111111208,686.0)
(17.088888888888988,687.0)
(17.091666666666764,686.0)
(17.09444444444454,687.0)
(17.09722222222232,687.0)
(17.100000000000097,685.0)
(17.100000000000097,685.0)
(17.101923076923175,686.0)
(17.103846153846252,685.0)
(17.10576923076933,686.0)
(17.107692307692403,686.0)
(17.10961538461548,686.0)
(17.111538461538558,686.0)
(17.113461538461635,685.0)
(17.115384615384713,685.0)
(17.11730769230779,685.0)
(17.119230769230864,686.0)
(17.12115384615394,685.0)
(17.12307692307702,686.0)
(17.125000000000096,683.0)
(17.125000000000096,685.0)
(17.128125000000097,684.0)
(17.131250000000094,685.0)
(17.134375000000095,685.0)
(17.137500000000095,684.0)
(17.140625000000096,683.0)
(17.143750000000097,682.0)
(17.146875000000094,683.0)
(17.150000000000095,683.0)
(17.150000000000095,683.0)
(17.15208333333343,681.0)
(17.15416666666676,681.0)
(17.156250000000092,680.0)
(17.158333333333427,682.0)
(17.160416666666762,680.0)
(17.162500000000094,681.0)
(17.164583333333425,680.0)
(17.16666666666676,680.0)
(17.168750000000095,680.0)
(17.170833333333427,680.0)
(17.172916666666758,681.0)
(17.175000000000093,680.0)
(17.175000000000093,681.0)
(17.17777777777787,680.0)
(17.18055555555565,680.0)
(17.183333333333426,680.0)
(17.186111111111202,680.0)
(17.188888888888982,681.0)
(17.19166666666676,680.0)
(17.194444444444535,680.0)
(17.197222222222315,680.0)
(17.20000000000009,680.0)
(17.20000000000009,680.0)
(17.202500000000093,680.0)
(17.20500000000009,680.0)
(17.207500000000092,680.0)
(17.21000000000009,680.0)
(17.21250000000009,680.0)
(17.215000000000092,680.0)
(17.21750000000009,680.0)
(17.22000000000009,679.0)
(17.22250000000009,680.0)
(17.22500000000009,679.0)
(17.22500000000009,680.0)
(17.227777777777867,679.0)
(17.230555555555647,679.0)
(17.233333333333423,680.0)
(17.2361111111112,679.0)
(17.23888888888898,679.0)
(17.241666666666756,678.0)
(17.244444444444532,680.0)
(17.247222222222312,678.0)
(17.25000000000009,677.0)
(17.25000000000009,677.0)
(17.252083333333424,678.0)
(17.254166666666755,678.0)
(17.256250000000087,679.0)
(17.25833333333342,676.0)
(17.260416666666757,678.0)
(17.262500000000088,677.0)
(17.26458333333342,677.0)
(17.266666666666755,678.0)
(17.26875000000009,678.0)
(17.27083333333342,677.0)
(17.272916666666752,677.0)
(17.275000000000087,678.0)
(17.275000000000087,678.0)
(17.277777777777864,677.0)
(17.280555555555644,677.0)
(17.28333333333342,677.0)
(17.286111111111197,678.0)
(17.288888888888977,678.0)
(17.291666666666753,677.0)
(17.29444444444453,677.0)
(17.29722222222231,678.0)
(17.300000000000086,678.0)
(17.300000000000086,677.0)
(17.303125000000087,678.0)
(17.306250000000084,677.0)
(17.309375000000085,678.0)
(17.312500000000085,678.0)
(17.315625000000086,677.0)
(17.318750000000087,679.0)
(17.321875000000084,678.0)
(17.325000000000085,678.0)
(17.325000000000085,677.0)
(17.327500000000086,677.0)
(17.330000000000084,678.0)
(17.332500000000085,677.0)
(17.335000000000083,678.0)
(17.337500000000084,677.0)
(17.340000000000085,676.0)
(17.342500000000083,677.0)
(17.345000000000084,677.0)
(17.347500000000082,678.0)
(17.350000000000083,676.0)
(17.350000000000083,677.0)
(17.35192307692316,677.0)
(17.353846153846238,676.0)
(17.355769230769315,677.0)
(17.35769230769239,678.0)
(17.359615384615466,677.0)
(17.361538461538544,677.0)
(17.36346153846162,677.0)
(17.3653846153847,677.0)
(17.367307692307776,676.0)
(17.36923076923085,676.0)
(17.371153846153927,677.0)
(17.373076923077004,676.0)
(17.37500000000008,677.0)
(17.37500000000008,676.0)
(17.377500000000083,676.0)
(17.38000000000008,677.0)
(17.382500000000082,677.0)
(17.38500000000008,677.0)
(17.38750000000008,677.0)
(17.390000000000082,676.0)
(17.39250000000008,676.0)
(17.39500000000008,676.0)
(17.39750000000008,676.0)
(17.40000000000008,677.0)
(17.40000000000008,676.0)
(17.402083333333415,676.0)
(17.404166666666747,676.0)
(17.406250000000078,676.0)
(17.408333333333413,677.0)
(17.410416666666748,676.0)
(17.41250000000008,677.0)
(17.41458333333341,677.0)
(17.416666666666746,677.0)
(17.41875000000008,676.0)
(17.420833333333412,676.0)
(17.422916666666744,677.0)
(17.42500000000008,677.0)
(17.42500000000008,676.0)
(17.427777777777855,676.0)
(17.430555555555635,676.0)
(17.43333333333341,677.0)
(17.436111111111188,676.0)
(17.438888888888968,676.0)
(17.441666666666745,677.0)
(17.44444444444452,676.0)
(17.4472222222223,677.0)
(17.450000000000077,677.0)
(17.450000000000077,676.0)
(17.453125000000078,677.0)
(17.456250000000075,676.0)
(17.459375000000076,675.0)
(17.462500000000077,676.0)
(17.465625000000077,676.0)
(17.468750000000078,677.0)
(17.471875000000075,676.0)
(17.475000000000076,675.0)
(17.475000000000076,677.0)
(17.477777777777852,676.0)
(17.480555555555632,676.0)
(17.48333333333341,676.0)
(17.486111111111185,676.0)
(17.488888888888965,675.0)
(17.49166666666674,677.0)
(17.494444444444518,675.0)
(17.497222222222298,676.0)
(17.500000000000075,676.0)
(17.500000000000075,676.0)
(17.50208333333341,675.0)
(17.50416666666674,675.0)
(17.506250000000072,675.0)
(17.508333333333407,676.0)
(17.510416666666742,676.0)
(17.512500000000074,677.0)
(17.514583333333405,676.0)
(17.51666666666674,677.0)
(17.518750000000075,676.0)
(17.520833333333407,676.0)
(17.522916666666738,677.0)
(17.525000000000073,677.0)
(17.525000000000073,676.0)
(17.52777777777785,677.0)
(17.53055555555563,676.0)
(17.533333333333406,677.0)
(17.536111111111182,676.0)
(17.538888888888962,675.0)
(17.54166666666674,676.0)
(17.544444444444515,676.0)
(17.547222222222295,676.0)
(17.55000000000007,676.0)
(17.55000000000007,676.0)
(17.55500000000007,677.0)
(17.56000000000007,676.0)
(17.565000000000072,676.0)
(17.57000000000007,675.0)
(17.57500000000007,676.0)
(17.57500000000007,676.0)
(17.60000000000007,676.0)
(17.60000000000007,676.0)
(17.60250000000007,677.0)
(17.605000000000068,676.0)
(17.60750000000007,676.0)
(17.610000000000067,676.0)
(17.612500000000068,675.0)
(17.61500000000007,676.0)
(17.617500000000067,677.0)
(17.62000000000007,675.0)
(17.622500000000066,675.0)
(17.625000000000068,676.0)
(17.625000000000068,676.0)
(17.62750000000007,676.0)
(17.630000000000067,676.0)
(17.632500000000068,675.0)
(17.635000000000066,676.0)
(17.637500000000067,676.0)
(17.640000000000068,676.0)
(17.642500000000066,676.0)
(17.645000000000067,676.0)
(17.647500000000065,675.0)
(17.650000000000066,676.0)
(17.650000000000066,676.0)
(17.653125000000067,677.0)
(17.656250000000064,676.0)
(17.659375000000065,676.0)
(17.662500000000065,675.0)
(17.665625000000066,676.0)
(17.668750000000067,677.0)
(17.671875000000064,677.0)
(17.675000000000065,676.0)
(17.675000000000065,675.0)
(17.676923076923142,677.0)
(17.67884615384622,676.0)
(17.680769230769297,677.0)
(17.68269230769237,675.0)
(17.684615384615448,676.0)
(17.686538461538525,675.0)
(17.688461538461603,676.0)
(17.69038461538468,676.0)
(17.692307692307757,676.0)
(17.69423076923083,677.0)
(17.69615384615391,677.0)
(17.698076923076986,676.0)
(17.700000000000063,676.0)
(17.700000000000063,676.0)
(17.703125000000064,676.0)
(17.70625000000006,676.0)
(17.709375000000062,676.0)
(17.712500000000063,676.0)
(17.715625000000063,676.0)
(17.718750000000064,676.0)
(17.72187500000006,676.0)
(17.725000000000062,675.0)
(17.725000000000062,676.0)
(17.73750000000006,676.0)
(17.75000000000006,676.0)
(17.75000000000006,676.0)
(17.754166666666727,676.0)
(17.758333333333393,675.0)
(17.76250000000006,676.0)
(17.766666666666726,675.0)
(17.770833333333393,676.0)
(17.77500000000006,676.0)
(17.77500000000006,675.0)
(17.77750000000006,676.0)
(17.780000000000058,676.0)
(17.78250000000006,676.0)
(17.785000000000057,676.0)
(17.78750000000006,675.0)
(17.79000000000006,676.0)
(17.792500000000057,676.0)
(17.79500000000006,676.0)
(17.797500000000056,676.0)
(17.800000000000058,677.0)
(17.800000000000058,676.0)
(17.802272727272786,676.0)
(17.80454545454551,676.0)
(17.80681818181824,676.0)
(17.809090909090965,676.0)
(17.811363636363694,676.0)
(17.81363636363642,676.0)
(17.815909090909148,676.0)
(17.818181818181873,676.0)
(17.820454545454602,676.0)
(17.822727272727327,675.0)
(17.825000000000056,675.0)
(17.825000000000056,677.0)
(17.827777777777833,676.0)
(17.830555555555613,677.0)
(17.83333333333339,675.0)
(17.836111111111165,676.0)
(17.838888888888945,674.0)
(17.841666666666722,676.0)
(17.8444444444445,676.0)
(17.84722222222228,675.0)
(17.850000000000055,676.0)
(17.850000000000055,676.0)
(17.85277777777783,676.0)
(17.85555555555561,676.0)
(17.858333333333388,676.0)
(17.861111111111164,675.0)
(17.863888888888944,677.0)
(17.86666666666672,676.0)
(17.869444444444497,676.0)
(17.872222222222277,676.0)
(17.875000000000053,675.0)
(17.875000000000053,677.0)
(17.87777777777783,676.0)
(17.88055555555561,677.0)
(17.883333333333386,675.0)
(17.886111111111163,676.0)
(17.888888888888943,676.0)
(17.89166666666672,676.0)
(17.894444444444495,676.0)
(17.897222222222275,676.0)
(17.900000000000052,676.0)
(17.900000000000052,677.0)
(17.90227272727278,676.0)
(17.904545454545506,676.0)
(17.906818181818235,676.0)
(17.90909090909096,675.0)
(17.91136363636369,676.0)
(17.913636363636414,676.0)
(17.915909090909143,676.0)
(17.918181818181868,675.0)
(17.920454545454596,676.0)
(17.92272727272732,677.0)
(17.92500000000005,676.0)
(17.92500000000005,675.0)
(17.92812500000005,676.0)
(17.93125000000005,676.0)
(17.93437500000005,676.0)
(17.93750000000005,676.0)
(17.94062500000005,676.0)
(17.94375000000005,677.0)
(17.94687500000005,676.0)
(17.95000000000005,675.0)
(17.95000000000005,676.0)
(17.951666666666714,676.0)
(17.953333333333383,677.0)
(17.955000000000048,676.0)
(17.956666666666717,677.0)
(17.958333333333382,675.0)
(17.960000000000047,676.0)
(17.961666666666716,676.0)
(17.96333333333338,676.0)
(17.96500000000005,676.0)
(17.966666666666715,677.0)
(17.96833333333338,676.0)
(17.97000000000005,676.0)
(17.971666666666714,676.0)
(17.973333333333382,675.0)
(17.975000000000048,675.0)
(17.975000000000048,676.0)
(17.977777777777824,675.0)
(17.980555555555604,676.0)
(17.98333333333338,676.0)
(17.986111111111157,676.0)
(17.988888888888937,676.0)
(17.991666666666713,676.0)
(17.99444444444449,676.0)
(17.99722222222227,676.0)
(18.000000000000046,676.0)
(18.000000000000046,676.0)
(18.002777777777823,677.0)
(18.005555555555603,675.0)
(18.00833333333338,675.0)
(18.011111111111155,676.0)
(18.013888888888935,676.0)
(18.016666666666712,676.0)
(18.01944444444449,676.0)
(18.02222222222227,676.0)
(18.025000000000045,674.0)
(18.025000000000045,676.0)
(18.028125000000045,675.0)
(18.031250000000043,676.0)
(18.034375000000043,676.0)
(18.037500000000044,676.0)
(18.040625000000045,676.0)
(18.043750000000045,675.0)
(18.046875000000043,675.0)
(18.050000000000043,676.0)
(18.050000000000043,676.0)
(18.058333333333376,675.0)
(18.06666666666671,676.0)
(18.075000000000042,677.0)
(18.075000000000042,676.0)
(18.08750000000004,676.0)
(18.10000000000004,675.0)
(18.10000000000004,676.0)
(18.104166666666707,676.0)
(18.108333333333373,676.0)
(18.11250000000004,675.0)
(18.116666666666706,675.0)
(18.120833333333373,676.0)
(18.12500000000004,676.0)
(18.12500000000004,676.0)
(18.12812500000004,676.0)
(18.131250000000037,676.0)
(18.134375000000038,676.0)
(18.13750000000004,676.0)
(18.14062500000004,676.0)
(18.14375000000004,676.0)
(18.146875000000037,675.0)
(18.150000000000038,676.0)
(18.150000000000038,677.0)
(18.152777777777814,676.0)
(18.155555555555594,676.0)
(18.15833333333337,676.0)
(18.161111111111147,676.0)
(18.163888888888927,677.0)
(18.166666666666703,675.0)
(18.16944444444448,676.0)
(18.17222222222226,676.0)
(18.175000000000036,677.0)
(18.175000000000036,676.0)
(18.177777777777813,676.0)
(18.180555555555593,676.0)
(18.18333333333337,676.0)
(18.186111111111146,676.0)
(18.188888888888926,676.0)
(18.191666666666702,676.0)
(18.19444444444448,675.0)
(18.19722222222226,677.0)
(18.200000000000035,676.0)
(18.200000000000035,676.0)
(18.203125000000036,675.0)
(18.206250000000033,676.0)
(18.209375000000033,676.0)
(18.212500000000034,677.0)
(18.215625000000035,676.0)
(18.218750000000036,676.0)
(18.221875000000033,676.0)
(18.225000000000033,677.0)
(18.225000000000033,676.0)
(18.22777777777781,676.0)
(18.23055555555559,676.0)
(18.233333333333366,676.0)
(18.236111111111143,676.0)
(18.238888888888923,675.0)
(18.2416666666667,676.0)
(18.244444444444476,676.0)
(18.247222222222256,676.0)
(18.250000000000032,676.0)
(18.250000000000032,677.0)
(18.25277777777781,676.0)
(18.25555555555559,676.0)
(18.258333333333365,675.0)
(18.26111111111114,675.0)
(18.26388888888892,676.0)
(18.266666666666698,675.0)
(18.269444444444474,676.0)
(18.272222222222254,675.0)
(18.27500000000003,676.0)
(18.27500000000003,676.0)
(18.277500000000032,675.0)
(18.28000000000003,676.0)
(18.28250000000003,676.0)
(18.28500000000003,675.0)
(18.28750000000003,675.0)
(18.29000000000003,676.0)
(18.29250000000003,676.0)
(18.29500000000003,675.0)
(18.297500000000028,675.0)
(18.30000000000003,676.0)
(18.30000000000003,676.0)
(18.30250000000003,676.0)
(18.305000000000028,676.0)
(18.30750000000003,675.0)
(18.310000000000027,676.0)
(18.31250000000003,676.0)
(18.31500000000003,675.0)
(18.317500000000027,675.0)
(18.32000000000003,675.0)
(18.322500000000026,675.0)
(18.325000000000028,675.0)
(18.325000000000028,676.0)
(18.32750000000003,676.0)
(18.330000000000027,676.0)
(18.332500000000028,676.0)
(18.335000000000026,676.0)
(18.337500000000027,676.0)
(18.34000000000003,676.0)
(18.342500000000026,675.0)
(18.345000000000027,675.0)
(18.347500000000025,675.0)
(18.350000000000026,676.0)
(18.350000000000026,676.0)
(18.35208333333336,676.0)
(18.354166666666693,676.0)
(18.356250000000024,677.0)
(18.35833333333336,676.0)
(18.360416666666694,675.0)
(18.362500000000026,676.0)
(18.364583333333357,676.0)
(18.366666666666692,675.0)
(18.368750000000027,676.0)
(18.37083333333336,676.0)
(18.37291666666669,676.0)
(18.375000000000025,676.0)
(18.375000000000025,676.0)
(18.3777777777778,676.0)
(18.38055555555558,676.0)
(18.383333333333358,676.0)
(18.386111111111134,675.0)
(18.388888888888914,677.0)
(18.39166666666669,676.0)
(18.394444444444467,676.0)
(18.397222222222247,675.0)
(18.400000000000023,676.0)
(18.400000000000023,675.0)
(18.403125000000024,675.0)
(18.40625000000002,676.0)
(18.409375000000022,675.0)
(18.412500000000023,675.0)
(18.415625000000023,677.0)
(18.418750000000024,676.0)
(18.42187500000002,676.0)
(18.425000000000022,676.0)
(18.425000000000022,676.0)
(18.426785714285735,676.0)
(18.428571428571452,675.0)
(18.430357142857165,677.0)
(18.43214285714288,676.0)
(18.43392857142859,676.0)
(18.435714285714308,675.0)
(18.43750000000002,676.0)
(18.439285714285734,676.0)
(18.44107142857145,677.0)
(18.442857142857164,676.0)
(18.444642857142878,675.0)
(18.44642857142859,675.0)
(18.448214285714307,676.0)
(18.45000000000002,675.0)
(18.45000000000002,675.0)
(18.452777777777797,676.0)
(18.455555555555577,675.0)
(18.458333333333353,676.0)
(18.46111111111113,675.0)
(18.46388888888891,675.0)
(18.466666666666686,675.0)
(18.469444444444463,676.0)
(18.472222222222243,676.0)
(18.47500000000002,676.0)
(18.47500000000002,676.0)
(18.477777777777796,676.0)
(18.480555555555576,676.0)
(18.483333333333352,675.0)
(18.48611111111113,676.0)
(18.48888888888891,675.0)
(18.491666666666685,676.0)
(18.49444444444446,676.0)
(18.49722222222224,676.0)
(18.500000000000018,676.0)
(18.500000000000018,675.0)
(18.50250000000002,675.0)
(18.505000000000017,675.0)
(18.507500000000018,676.0)
(18.510000000000016,676.0)
(18.512500000000017,676.0)
(18.51500000000002,676.0)
(18.517500000000016,676.0)
(18.520000000000017,675.0)
(18.522500000000015,677.0)
(18.525000000000016,676.0)
(18.525000000000016,676.0)
(18.527777777777793,676.0)
(18.530555555555573,676.0)
(18.53333333333335,676.0)
(18.536111111111126,676.0)
(18.538888888888906,676.0)
(18.541666666666682,676.0)
(18.54444444444446,676.0)
(18.54722222222224,677.0)
(18.550000000000015,675.0)
(18.550000000000015,675.0)
(18.55277777777779,676.0)
(18.55555555555557,676.0)
(18.558333333333348,675.0)
(18.561111111111124,676.0)
(18.563888888888904,676.0)
(18.56666666666668,675.0)
(18.569444444444457,675.0)
(18.572222222222237,676.0)
(18.575000000000014,675.0)
(18.575000000000014,676.0)
(18.578125000000014,675.0)
(18.58125000000001,676.0)
(18.584375000000012,675.0)
(18.587500000000013,675.0)
(18.590625000000014,676.0)
(18.593750000000014,675.0)
(18.59687500000001,676.0)
(18.600000000000012,676.0)
(18.600000000000012,675.0)
(18.60227272727274,675.0)
(18.604545454545466,676.0)
(18.606818181818195,674.0)
(18.60909090909092,675.0)
(18.61136363636365,676.0)
(18.613636363636374,675.0)
(18.615909090909103,675.0)
(18.618181818181828,675.0)
(18.620454545454557,675.0)
(18.622727272727282,676.0)
(18.62500000000001,675.0)
(18.62500000000001,676.0)
(18.627777777777787,676.0)
(18.630555555555567,676.0)
(18.633333333333344,676.0)
(18.63611111111112,676.0)
(18.6388888888889,676.0)
(18.641666666666676,676.0)
(18.644444444444453,676.0)
(18.647222222222233,675.0)
(18.65000000000001,676.0)
(18.65000000000001,676.0)
(18.65312500000001,675.0)
(18.656250000000007,676.0)
(18.659375000000008,676.0)
(18.66250000000001,676.0)
(18.66562500000001,676.0)
(18.66875000000001,675.0)
(18.671875000000007,677.0)
(18.675000000000008,676.0)
(18.675000000000008,675.0)
(18.677083333333343,676.0)
(18.679166666666674,677.0)
(18.681250000000006,676.0)
(18.68333333333334,675.0)
(18.685416666666676,677.0)
(18.687500000000007,676.0)
(18.68958333333334,675.0)
(18.691666666666674,676.0)
(18.69375000000001,676.0)
(18.69583333333334,675.0)
(18.69791666666667,676.0)
(18.700000000000006,675.0)
(18.700000000000006,676.0)
(18.702777777777783,676.0)
(18.705555555555563,675.0)
(18.70833333333334,676.0)
(18.711111111111116,676.0)
(18.713888888888896,676.0)
(18.716666666666672,676.0)
(18.71944444444445,675.0)
(18.72222222222223,676.0)
(18.725000000000005,677.0)
(18.725000000000005,676.0)
(18.72777777777778,676.0)
(18.73055555555556,676.0)
(18.733333333333338,675.0)
(18.736111111111114,676.0)
(18.738888888888894,676.0)
(18.74166666666667,675.0)
(18.744444444444447,676.0)
(18.747222222222227,676.0)
(18.750000000000004,676.0)
(18.750000000000004,676.0)
(18.753125000000004,676.0)
(18.75625,676.0)
(18.759375000000002,675.0)
(18.762500000000003,676.0)
(18.765625000000004,675.0)
(18.768750000000004,675.0)
(18.771875,676.0)
(18.775000000000002,675.0)
(18.775000000000002,676.0)
(18.77777777777778,675.0)
(18.78055555555556,675.0)
(18.783333333333335,677.0)
(18.78611111111111,676.0)
(18.78888888888889,676.0)
(18.791666666666668,676.0)
(18.794444444444444,675.0)
(18.797222222222224,675.0)
(18.8,674.0)
(18.8,676.0)
(18.802777777777777,675.0)
(18.805555555555557,676.0)
(18.808333333333334,676.0)
(18.81111111111111,676.0)
(18.81388888888889,676.0)
(18.816666666666666,675.0)
(18.819444444444443,676.0)
(18.822222222222223,676.0)
(18.825,675.0)
(18.825,675.0)
(18.828125,675.0)
(18.831249999999997,677.0)
(18.834374999999998,675.0)
(18.8375,676.0)
(18.840625,674.0)
(18.84375,676.0)
(18.846874999999997,676.0)
(18.849999999999998,675.0)
(18.849999999999998,675.0)
(18.852777777777774,675.0)
(18.855555555555554,676.0)
(18.85833333333333,675.0)
(18.861111111111107,676.0)
(18.863888888888887,675.0)
(18.866666666666664,675.0)
(18.86944444444444,676.0)
(18.87222222222222,676.0)
(18.874999999999996,676.0)
(18.874999999999996,676.0)
(18.877777777777773,675.0)
(18.880555555555553,676.0)
(18.88333333333333,675.0)
(18.886111111111106,675.0)
(18.888888888888886,676.0)
(18.891666666666662,676.0)
(18.89444444444444,675.0)
(18.89722222222222,676.0)
(18.899999999999995,676.0)
(18.899999999999995,676.0)
(18.90277777777777,675.0)
(18.90555555555555,675.0)
(18.908333333333328,676.0)
(18.911111111111104,675.0)
(18.913888888888884,675.0)
(18.91666666666666,676.0)
(18.919444444444437,675.0)
(18.922222222222217,675.0)
(18.924999999999994,675.0)
(18.924999999999994,676.0)
(18.933333333333326,676.0)
(18.94166666666666,675.0)
(18.949999999999992,676.0)
(18.949999999999992,676.0)
(18.95624999999999,676.0)
(18.96249999999999,676.0)
(18.968749999999993,676.0)
(18.97499999999999,675.0)
(18.97499999999999,675.0)
(18.977499999999992,677.0)
(18.97999999999999,676.0)
(18.98249999999999,675.0)
(18.98499999999999,675.0)
(18.98749999999999,676.0)
(18.98999999999999,675.0)
(18.99249999999999,675.0)
(18.99499999999999,676.0)
(18.997499999999988,675.0)
(18.99999999999999,676.0)
(18.99999999999999,675.0)
(19.001923076923067,675.0)
(19.003846153846144,675.0)
(19.00576923076922,675.0)
(19.007692307692295,676.0)
(19.009615384615373,675.0)
(19.01153846153845,675.0)
(19.013461538461527,675.0)
(19.015384615384605,675.0)
(19.017307692307682,676.0)
(19.019230769230756,676.0)
(19.021153846153833,675.0)
(19.02307692307691,676.0)
(19.024999999999988,675.0)
(19.024999999999988,676.0)
(19.02812499999999,675.0)
(19.031249999999986,675.0)
(19.034374999999986,675.0)
(19.037499999999987,676.0)
(19.040624999999988,675.0)
(19.04374999999999,676.0)
(19.046874999999986,675.0)
(19.049999999999986,676.0)
(19.049999999999986,677.0)
(19.052777777777763,676.0)
(19.055555555555543,676.0)
(19.05833333333332,676.0)
(19.061111111111096,675.0)
(19.063888888888876,676.0)
(19.066666666666652,675.0)
(19.06944444444443,674.0)
(19.07222222222221,677.0)
(19.074999999999985,676.0)
(19.074999999999985,676.0)
(19.077499999999986,676.0)
(19.079999999999984,676.0)
(19.082499999999985,676.0)
(19.084999999999983,676.0)
(19.087499999999984,675.0)
(19.089999999999986,676.0)
(19.092499999999983,675.0)
(19.094999999999985,676.0)
(19.097499999999982,675.0)
(19.099999999999984,676.0)
(19.099999999999984,676.0)
(19.103124999999984,676.0)
(19.10624999999998,675.0)
(19.109374999999982,675.0)
(19.112499999999983,675.0)
(19.115624999999984,676.0)
(19.118749999999984,676.0)
(19.12187499999998,676.0)
(19.124999999999982,676.0)
(19.124999999999982,676.0)
(19.12727272727271,676.0)
(19.129545454545436,675.0)
(19.131818181818165,676.0)
(19.13409090909089,676.0)
(19.13636363636362,675.0)
(19.138636363636344,675.0)
(19.140909090909073,675.0)
(19.143181818181798,676.0)
(19.145454545454527,676.0)
(19.147727272727252,676.0)
(19.14999999999998,676.0)
(19.14999999999998,675.0)
(19.15312499999998,676.0)
(19.15624999999998,675.0)
(19.15937499999998,676.0)
(19.16249999999998,675.0)
(19.16562499999998,676.0)
(19.16874999999998,676.0)
(19.17187499999998,675.0)
(19.17499999999998,676.0)
(19.17499999999998,676.0)
(19.176470588235272,674.0)
(19.17794117647057,675.0)
(19.17941176470586,676.0)
(19.180882352941154,676.0)
(19.18235294117645,676.0)
(19.183823529411743,675.0)
(19.185294117647036,675.0)
(19.186764705882332,675.0)
(19.188235294117625,676.0)
(19.18970588235292,676.0)
(19.191176470588214,675.0)
(19.192647058823507,676.0)
(19.194117647058803,676.0)
(19.195588235294096,676.0)
(19.19705882352939,675.0)
(19.198529411764685,675.0)
(19.199999999999978,675.0)
(19.199999999999978,676.0)
(19.202777777777754,676.0)
(19.205555555555534,676.0)
(19.20833333333331,676.0)
(19.211111111111087,675.0)
(19.213888888888867,676.0)
(19.216666666666644,676.0)
(19.21944444444442,677.0)
(19.2222222222222,675.0)
(19.224999999999977,676.0)
(19.224999999999977,676.0)
(19.227777777777753,676.0)
(19.230555555555533,676.0)
(19.23333333333331,676.0)
(19.236111111111086,676.0)
(19.238888888888866,676.0)
(19.241666666666642,677.0)
(19.24444444444442,676.0)
(19.2472222222222,676.0)
(19.249999999999975,676.0)
(19.249999999999975,676.0)
(19.253124999999976,676.0)
(19.256249999999973,675.0)
(19.259374999999974,676.0)
(19.262499999999974,675.0)
(19.265624999999975,676.0)
(19.268749999999976,675.0)
(19.271874999999973,675.0)
(19.274999999999974,676.0)
(19.274999999999974,677.0)
(19.277272727272702,676.0)
(19.279545454545428,676.0)
(19.281818181818156,677.0)
(19.28409090909088,676.0)
(19.28636363636361,676.0)
(19.288636363636336,676.0)
(19.290909090909064,676.0)
(19.29318181818179,676.0)
(19.29545454545452,676.0)
(19.297727272727244,676.0)
(19.299999999999972,675.0)
(19.299999999999972,676.0)
(19.30277777777775,675.0)
(19.30555555555553,676.0)
(19.308333333333305,676.0)
(19.31111111111108,675.0)
(19.31388888888886,675.0)
(19.316666666666638,675.0)
(19.319444444444414,675.0)
(19.322222222222194,675.0)
(19.32499999999997,675.0)
(19.32499999999997,675.0)
(19.327499999999972,675.0)
(19.32999999999997,675.0)
(19.33249999999997,677.0)
(19.33499999999997,674.0)
(19.33749999999997,676.0)
(19.33999999999997,675.0)
(19.34249999999997,675.0)
(19.34499999999997,675.0)
(19.347499999999968,675.0)
(19.34999999999997,675.0)
(19.34999999999997,675.0)
(19.352777777777746,675.0)
(19.355555555555526,675.0)
(19.358333333333302,675.0)
(19.36111111111108,675.0)
(19.36388888888886,675.0)
(19.366666666666635,675.0)
(19.36944444444441,676.0)
(19.37222222222219,676.0)
(19.374999999999968,675.0)
(19.374999999999968,675.0)
(19.377083333333303,677.0)
(19.379166666666634,674.0)
(19.381249999999966,675.0)
(19.3833333333333,676.0)
(19.385416666666636,675.0)
(19.387499999999967,675.0)
(19.3895833333333,675.0)
(19.391666666666634,676.0)
(19.39374999999997,675.0)
(19.3958333333333,676.0)
(19.39791666666663,675.0)
(19.399999999999967,675.0)
(19.399999999999967,675.0)
(19.402777777777743,674.0)
(19.405555555555523,675.0)
(19.4083333333333,675.0)
(19.411111111111076,675.0)
(19.413888888888856,676.0)
(19.416666666666632,676.0)
(19.41944444444441,675.0)
(19.42222222222219,674.0)
(19.424999999999965,675.0)
(19.424999999999965,675.0)
(19.42777777777774,675.0)
(19.43055555555552,675.0)
(19.433333333333298,675.0)
(19.436111111111074,675.0)
(19.438888888888854,676.0)
(19.44166666666663,675.0)
(19.444444444444407,676.0)
(19.447222222222187,676.0)
(19.449999999999964,676.0)
(19.449999999999964,675.0)
(19.45277777777774,676.0)
(19.45555555555552,675.0)
(19.458333333333297,676.0)
(19.461111111111073,676.0)
(19.463888888888853,675.0)
(19.46666666666663,675.0)
(19.469444444444406,675.0)
(19.472222222222186,674.0)
(19.474999999999962,675.0)
(19.474999999999962,676.0)
(19.47777777777774,675.0)
(19.48055555555552,676.0)
(19.483333333333295,676.0)
(19.48611111111107,676.0)
(19.48888888888885,675.0)
(19.491666666666628,675.0)
(19.494444444444404,675.0)
(19.497222222222184,676.0)
(19.49999999999996,675.0)
(19.49999999999996,675.0)
(19.502777777777737,675.0)
(19.505555555555517,675.0)
(19.508333333333294,675.0)
(19.51111111111107,676.0)
(19.51388888888885,675.0)
(19.516666666666627,675.0)
(19.519444444444403,675.0)
(19.522222222222183,674.0)
(19.52499999999996,676.0)
(19.52499999999996,676.0)
(19.527777777777736,675.0)
(19.530555555555516,676.0)
(19.533333333333292,675.0)
(19.53611111111107,675.0)
(19.53888888888885,676.0)
(19.541666666666625,676.0)
(19.5444444444444,676.0)
(19.54722222222218,676.0)
(19.549999999999958,676.0)
(19.549999999999958,676.0)
(19.552777777777735,675.0)
(19.555555555555515,675.0)
(19.55833333333329,675.0)
(19.561111111111067,675.0)
(19.563888888888847,675.0)
(19.566666666666624,676.0)
(19.5694444444444,675.0)
(19.57222222222218,676.0)
(19.574999999999957,676.0)
(19.574999999999957,675.0)
(19.577499999999958,676.0)
(19.579999999999956,675.0)
(19.582499999999957,675.0)
(19.584999999999955,674.0)
(19.587499999999956,675.0)
(19.589999999999957,675.0)
(19.592499999999955,675.0)
(19.594999999999956,675.0)
(19.597499999999954,675.0)
(19.599999999999955,676.0)
(19.599999999999955,675.0)
(19.60277777777773,675.0)
(19.60555555555551,675.0)
(19.608333333333288,675.0)
(19.611111111111065,675.0)
(19.613888888888845,676.0)
(19.61666666666662,676.0)
(19.619444444444397,676.0)
(19.622222222222177,676.0)
(19.624999999999954,675.0)
(19.624999999999954,676.0)
(19.62777777777773,674.0)
(19.63055555555551,674.0)
(19.633333333333287,674.0)
(19.636111111111063,675.0)
(19.638888888888843,675.0)
(19.64166666666662,675.0)
(19.644444444444396,676.0)
(19.647222222222176,675.0)
(19.649999999999952,676.0)
(19.649999999999952,676.0)
(19.65277777777773,676.0)
(19.65555555555551,675.0)
(19.658333333333285,676.0)
(19.66111111111106,675.0)
(19.66388888888884,675.0)
(19.666666666666618,675.0)
(19.669444444444395,676.0)
(19.672222222222175,676.0)
(19.67499999999995,676.0)
(19.67499999999995,675.0)
(19.67999999999995,676.0)
(19.68499999999995,675.0)
(19.68999999999995,676.0)
(19.69499999999995,676.0)
(19.69999999999995,675.0)
(19.69999999999995,675.0)
(19.708333333333282,676.0)
(19.716666666666615,675.0)
(19.724999999999948,675.0)
(19.724999999999948,675.0)
(19.726923076923025,675.0)
(19.728846153846103,676.0)
(19.73076923076918,675.0)
(19.732692307692254,675.0)
(19.73461538461533,676.0)
(19.73653846153841,674.0)
(19.738461538461486,675.0)
(19.740384615384563,675.0)
(19.74230769230764,676.0)
(19.744230769230715,676.0)
(19.746153846153792,675.0)
(19.74807692307687,675.0)
(19.749999999999947,676.0)
(19.749999999999947,675.0)
(19.752777777777723,676.0)
(19.755555555555503,676.0)
(19.75833333333328,676.0)
(19.761111111111056,675.0)
(19.763888888888836,675.0)
(19.766666666666612,675.0)
(19.76944444444439,675.0)
(19.77222222222217,676.0)
(19.774999999999945,675.0)
(19.774999999999945,675.0)
(19.77777777777772,674.0)
(19.7805555555555,675.0)
(19.783333333333278,675.0)
(19.786111111111055,675.0)
(19.788888888888835,675.0)
(19.79166666666661,674.0)
(19.794444444444387,676.0)
(19.797222222222167,675.0)
(19.799999999999944,675.0)
(19.799999999999944,675.0)
(19.80277777777772,675.0)
(19.8055555555555,676.0)
(19.808333333333277,675.0)
(19.811111111111053,676.0)
(19.813888888888833,676.0)
(19.81666666666661,675.0)
(19.819444444444386,676.0)
(19.822222222222166,676.0)
(19.824999999999942,676.0)
(19.824999999999942,675.0)
(19.827499999999944,675.0)
(19.82999999999994,676.0)
(19.832499999999943,675.0)
(19.83499999999994,676.0)
(19.83749999999994,676.0)
(19.839999999999943,676.0)
(19.84249999999994,676.0)
(19.844999999999942,675.0)
(19.84749999999994,676.0)
(19.84999999999994,675.0)
(19.84999999999994,675.0)
(19.852777777777717,675.0)
(19.855555555555497,676.0)
(19.858333333333274,676.0)
(19.86111111111105,676.0)
(19.86388888888883,675.0)
(19.866666666666607,676.0)
(19.869444444444383,676.0)
(19.872222222222163,676.0)
(19.87499999999994,676.0)
(19.87499999999994,675.0)
(19.87812499999994,676.0)
(19.881249999999937,676.0)
(19.884374999999938,677.0)
(19.88749999999994,676.0)
(19.89062499999994,675.0)
(19.89374999999994,676.0)
(19.896874999999937,676.0)
(19.899999999999938,675.0)
(19.899999999999938,675.0)
(19.902777777777715,675.0)
(19.905555555555495,676.0)
(19.90833333333327,676.0)
(19.911111111111047,675.0)
(19.913888888888827,676.0)
(19.916666666666604,675.0)
(19.91944444444438,675.0)
(19.92222222222216,676.0)
(19.924999999999937,675.0)
(19.924999999999937,674.0)
(19.928124999999937,676.0)
(19.931249999999935,676.0)
(19.934374999999935,675.0)
(19.937499999999936,676.0)
(19.940624999999937,676.0)
(19.943749999999937,676.0)
(19.946874999999935,676.0)
(19.949999999999935,675.0)
(19.949999999999935,676.0)
(19.953124999999936,675.0)
(19.956249999999933,676.0)
(19.959374999999934,675.0)
(19.962499999999935,675.0)
(19.965624999999935,675.0)
(19.968749999999936,676.0)
(19.971874999999933,676.0)
(19.974999999999934,675.0)
(19.974999999999934,675.0)
(19.97777777777771,676.0)
(19.98055555555549,675.0)
(19.983333333333267,675.0)
(19.986111111111043,675.0)
(19.988888888888823,676.0)
(19.9916666666666,675.0)
(19.994444444444376,676.0)
(19.997222222222156,675.0)
(19.999999999999932,676.0)
(19.999999999999932,676.0)
(20.00277777777771,676.0)
(20.00555555555549,676.0)
(20.008333333333265,676.0)
(20.011111111111042,675.0)
(20.013888888888822,675.0)
(20.016666666666598,675.0)
(20.019444444444375,675.0)
(20.022222222222155,675.0)
(20.02499999999993,676.0)
