(15.000000000000146,0.993766)
(15.000000000000146,-0.006234)
(15.003125000000146,-0.006234)
(15.006250000000145,0.993766)
(15.009375000000146,0.993766)
(15.012500000000145,0.993766)
(15.015625000000146,0.993766)
(15.018750000000146,0.993766)
(15.021875000000145,-0.006234)
(15.025000000000146,0.993766)
(15.025000000000146,-0.006234)
(15.027777777777924,-0.006234)
(15.030555555555702,0.993766)
(15.033333333333479,0.993754)
(15.036111111111257,0.993766)
(15.038888888889035,0.993754)
(15.041666666666814,-0.006246)
(15.04444444444459,0.993754)
(15.047222222222368,-0.006246)
(15.050000000000146,-0.006246)
(15.050000000000146,-0.006246)
(15.056250000000146,0.993754)
(15.062500000000146,-1.006246)
(15.068750000000147,0.993754)
(15.075000000000147,-0.006246)
(15.075000000000147,0.993754)
(15.075000000000147,0.993754)
(15.087500000000148,0.993754)
(15.100000000000147,-0.006246)
(15.100000000000147,0.993754)
(15.112500000000146,-0.006246)
(15.125000000000147,-0.006246)
(15.125000000000147,-0.006259)
(15.130000000000148,0.993741)
(15.135000000000147,0.993741)
(15.140000000000148,0.993741)
(15.145000000000147,0.993741)
(15.150000000000148,-0.006259)
(15.150000000000148,-0.006259)
(15.152083333333481,0.993741)
(15.154166666666814,0.993741)
(15.156250000000147,-0.006259)
(15.15833333333348,0.993741)
(15.160416666666814,0.993741)
(15.162500000000147,-0.006259)
(15.164583333333482,-0.006259)
(15.166666666666815,0.993741)
(15.168750000000149,-0.006259)
(15.170833333333482,-0.006259)
(15.172916666666815,-0.006259)
(15.175000000000148,0.993741)
(15.175000000000148,-0.006259)
(15.178125000000149,-0.006259)
(15.181250000000148,-0.006259)
(15.184375000000149,-0.006259)
(15.18750000000015,-1.006259)
(15.190625000000148,-0.006246)
(15.193750000000149,-0.006246)
(15.196875000000148,-0.006246)
(15.200000000000149,-0.006246)
(15.200000000000149,-1.006246)
(15.202777777777927,-0.006246)
(15.205555555555705,0.993754)
(15.208333333333481,0.993754)
(15.21111111111126,-0.006246)
(15.213888888889038,0.993754)
(15.216666666666816,-0.006246)
(15.219444444444592,-0.006246)
(15.22222222222237,0.993754)
(15.225000000000149,0.993754)
(15.225000000000149,0.993754)
(15.227272727272876,0.993754)
(15.229545454545603,-0.006246)
(15.231818181818332,-0.006246)
(15.234090909091059,0.993754)
(15.236363636363786,0.993754)
(15.238636363636513,0.993754)
(15.24090909090924,0.993754)
(15.243181818181966,0.993754)
(15.245454545454695,0.993754)
(15.247727272727422,1.993754)
(15.25000000000015,0.993754)
(15.25000000000015,0.993754)
(15.252500000000149,-0.006246)
(15.25500000000015,-0.006246)
(15.25750000000015,-0.006246)
(15.260000000000149,-0.006246)
(15.262500000000149,-0.006246)
(15.26500000000015,-0.006246)
(15.26750000000015,0.993741)
(15.270000000000149,0.993741)
(15.27250000000015,0.993741)
(15.27500000000015,0.993741)
(15.27500000000015,0.993741)
(15.27812500000015,-0.006259)
(15.28125000000015,-0.006272)
(15.28437500000015,0.993728)
(15.28750000000015,-0.006272)
(15.29062500000015,-0.006272)
(15.29375000000015,0.993728)
(15.29687500000015,-0.006272)
(15.30000000000015,-0.006272)
(15.30000000000015,-0.006272)
(15.301923076923227,0.993728)
(15.303846153846305,-0.006272)
(15.30576923076938,-0.006272)
(15.307692307692458,1.993728)
(15.309615384615535,-0.006272)
(15.311538461538612,-0.006272)
(15.313461538461688,0.993728)
(15.315384615384765,0.993728)
(15.317307692307843,0.993741)
(15.31923076923092,0.993741)
(15.321153846153996,-0.006272)
(15.323076923077073,0.993741)
(15.32500000000015,-0.006272)
(15.32500000000015,0.993728)
(15.327777777777928,0.993728)
(15.330555555555707,-0.006272)
(15.333333333333483,0.993728)
(15.336111111111261,0.993715)
(15.33888888888904,0.993715)
(15.341666666666818,0.993715)
(15.344444444444594,-0.006285)
(15.347222222222372,-0.006298)
(15.35000000000015,2.993702)
(15.35000000000015,2.993702)
(15.352777777777929,1.99369)
(15.355555555555707,2.99369)
(15.358333333333483,1.993677)
(15.361111111111262,2.993677)
(15.36388888888904,2.993677)
(15.366666666666818,3.993664)
(15.369444444444595,4.993651)
(15.372222222222373,3.993664)
(15.375000000000151,4.993651)
(15.375000000000151,3.993651)
(15.37777777777793,4.993639)
(15.380555555555707,3.993639)
(15.383333333333484,2.993639)
(15.386111111111262,3.993626)
(15.38888888888904,3.993626)
(15.391666666666818,3.993613)
(15.394444444444595,4.993613)
(15.397222222222373,3.993613)
(15.400000000000151,4.9936)
(15.400000000000151,4.9936)
(15.41250000000015,4.993587)
(15.425000000000152,4.993587)
(15.425000000000152,4.993587)
(15.429166666666818,4.993575)
(15.433333333333485,4.993575)
(15.437500000000153,4.993562)
(15.44166666666682,4.993562)
(15.445833333333486,4.993549)
(15.450000000000152,4.993562)
(15.450000000000152,4.993549)
(15.45277777777793,4.993536)
(15.455555555555708,4.993536)
(15.458333333333485,4.993536)
(15.461111111111263,5.993523)
(15.463888888889041,4.993523)
(15.46666666666682,4.99351)
(15.469444444444596,4.993523)
(15.472222222222374,5.99351)
(15.475000000000152,4.993497)
(15.475000000000152,4.993497)
(15.487500000000153,4.993497)
(15.500000000000153,5.993485)
(15.500000000000153,4.993485)
(15.50357142857158,4.993472)
(15.50714285714301,6.993472)
(15.510714285714439,7.993472)
(15.514285714285867,6.993459)
(15.517857142857295,7.993459)
(15.521428571428725,6.993446)
(15.525000000000153,7.993446)
(15.525000000000153,7.993446)
(15.52916666666682,7.993433)
(15.533333333333486,8.993434)
(15.537500000000154,9.993434)
(15.54166666666682,8.993421)
(15.545833333333487,9.993421)
(15.550000000000153,8.993408)
(15.550000000000153,8.993408)
(15.556250000000153,8.993408)
(15.562500000000153,9.993395)
(15.568750000000154,9.993395)
(15.575000000000154,9.993382)
(15.575000000000154,10.993382)
(15.576923076923231,10.993382)
(15.578846153846309,10.99337)
(15.580769230769384,10.99337)
(15.582692307692461,11.993357)
(15.584615384615539,11.993357)
(15.586538461538616,11.993357)
(15.588461538461692,10.993344)
(15.59038461538477,11.993344)
(15.592307692307847,11.993331)
(15.594230769230924,11.993331)
(15.596153846154,12.993331)
(15.598076923077077,11.993319)
(15.600000000000154,12.993319)
(15.600000000000154,12.993319)
(15.602777777777932,12.993305)
(15.60555555555571,12.993305)
(15.608333333333487,12.993293)
(15.611111111111265,12.993293)
(15.613888888889043,13.993293)
(15.616666666666822,12.99328)
(15.619444444444598,13.99328)
(15.622222222222376,12.993267)
(15.625000000000155,12.993267)
(15.625000000000155,14.993267)
(15.627272727272882,14.993255)
(15.629545454545609,13.993241)
(15.631818181818337,12.993255)
(15.634090909091064,13.993241)
(15.636363636363791,12.993229)
(15.638636363636518,12.993241)
(15.640909090909245,12.993216)
(15.643181818181972,12.993229)
(15.645454545454701,13.993216)
(15.647727272727428,13.993216)
(15.650000000000155,13.993203)
(15.650000000000155,13.993203)
(15.653125000000156,12.993203)
(15.656250000000155,12.993191)
(15.659375000000155,13.993191)
(15.662500000000154,13.993177)
(15.665625000000155,12.993177)
(15.668750000000156,14.993177)
(15.671875000000155,12.993165)
(15.675000000000155,12.993165)
(15.675000000000155,13.993152)
(15.677777777777933,12.993152)
(15.680555555555712,13.993152)
(15.683333333333488,12.993139)
(15.686111111111266,13.993139)
(15.688888888889045,12.993127)
(15.691666666666823,13.993127)
(15.6944444444446,12.993114)
(15.697222222222377,11.993127)
(15.700000000000156,12.993114)
(15.700000000000156,13.993101)
(15.702777777777934,13.993101)
(15.705555555555712,13.993101)
(15.708333333333488,13.993088)
(15.711111111111267,14.993088)
(15.713888888889045,13.993088)
(15.716666666666823,13.993075)
(15.7194444444446,13.993075)
(15.722222222222378,15.993062)
(15.725000000000156,12.993062)
(15.725000000000156,13.99305)
(15.726923076923233,13.993062)
(15.72884615384631,12.99305)
(15.730769230769386,13.993037)
(15.732692307692464,13.993037)
(15.734615384615541,13.993024)
(15.736538461538618,15.993037)
(15.738461538461694,13.993024)
(15.740384615384771,15.993011)
(15.742307692307849,15.993011)
(15.744230769230926,13.993011)
(15.746153846154002,14.992998)
(15.748076923077079,13.992998)
(15.750000000000156,13.992998)
(15.750000000000156,13.992986)
(15.752777777777935,14.992972)
(15.755555555555713,13.992986)
(15.75833333333349,13.992972)
(15.761111111111267,12.992972)
(15.763888888889046,12.99296)
(15.766666666666824,13.99296)
(15.7694444444446,13.992948)
(15.772222222222378,13.992948)
(15.775000000000157,13.992948)
(15.775000000000157,14.992934)
(15.777777777777935,13.992934)
(15.780555555555713,13.992922)
(15.78333333333349,13.992922)
(15.786111111111268,13.992922)
(15.788888888889046,13.992908)
(15.791666666666824,13.992908)
(15.7944444444446,13.992896)
(15.797222222222379,13.992896)
(15.800000000000157,12.992896)
(15.800000000000157,12.992883)
(15.803125000000158,14.992883)
(15.806250000000157,13.992883)
(15.809375000000157,13.99287)
(15.812500000000156,13.99287)
(15.815625000000157,15.992858)
(15.818750000000158,13.992858)
(15.821875000000157,13.992858)
(15.825000000000157,13.992845)
(15.825000000000157,14.992845)
(15.826666666666824,13.992832)
(15.828333333333491,12.992832)
(15.830000000000158,13.992832)
(15.831666666666823,13.992819)
(15.83333333333349,14.992819)
(15.835000000000157,13.992806)
(15.836666666666824,13.992806)
(15.838333333333491,13.992806)
(15.840000000000158,13.992794)
(15.841666666666825,13.992794)
(15.843333333333492,13.992794)
(15.845000000000157,13.992781)
(15.846666666666824,12.992781)
(15.84833333333349,13.992768)
(15.850000000000158,13.992768)
(15.850000000000158,15.992768)
(15.852272727272885,15.992755)
(15.854545454545612,13.992755)
(15.85681818181834,13.992743)
(15.859090909091067,13.992743)
(15.861363636363794,13.992743)
(15.863636363636521,13.992729)
(15.865909090909248,13.992729)
(15.868181818181975,13.992717)
(15.870454545454704,13.992717)
(15.872727272727431,14.992717)
(15.875000000000158,14.992704)
(15.875000000000158,13.992704)
(15.878125000000159,13.992691)
(15.881250000000158,13.992691)
(15.884375000000158,13.992691)
(15.88750000000016,13.992679)
(15.890625000000158,12.992679)
(15.893750000000159,15.992679)
(15.896875000000158,13.992665)
(15.900000000000158,14.992665)
(15.900000000000158,14.992653)
(15.902777777777937,13.992653)
(15.905555555555715,13.992653)
(15.908333333333491,13.99264)
(15.91111111111127,15.99264)
(15.913888888889048,13.992627)
(15.916666666666826,13.992627)
(15.919444444444602,14.992627)
(15.92222222222238,15.992615)
(15.925000000000159,14.992615)
(15.925000000000159,14.992601)
(15.927777777777937,13.992601)
(15.930555555555715,14.992601)
(15.933333333333492,14.992589)
(15.93611111111127,13.992589)
(15.938888888889048,15.992576)
(15.941666666666826,14.992576)
(15.944444444444603,13.992563)
(15.947222222222381,13.992576)
(15.95000000000016,14.992563)
(15.95000000000016,13.992563)
(15.95312500000016,13.992551)
(15.956250000000159,13.992551)
(15.95937500000016,13.992537)
(15.962500000000158,14.992537)
(15.96562500000016,14.992537)
(15.96875000000016,13.992525)
(15.971875000000159,13.992512)
(15.97500000000016,12.992525)
(15.97500000000016,14.992512)
(15.97812500000016,15.992512)
(15.98125000000016,14.992499)
(15.98437500000016,12.992499)
(15.98750000000016,12.992486)
(15.99062500000016,14.992486)
(15.99375000000016,13.992486)
(15.99687500000016,13.992474)
(16.00000000000016,15.992474)
(16.00000000000016,12.992461)
(16.00312500000016,14.992461)
(16.006250000000158,14.992461)
(16.00937500000016,12.992448)
(16.01250000000016,13.992448)
(16.01562500000016,13.992448)
(16.01875000000016,14.992435)
(16.021875000000158,13.992435)
(16.02500000000016,13.992422)
(16.02500000000016,12.992422)
(16.027272727272887,13.99241)
(16.029545454545612,12.992422)
(16.03181818181834,12.99241)
(16.034090909091066,12.992396)
(16.036363636363795,14.992396)
(16.03863636363652,12.992396)
(16.04090909090925,12.992384)
(16.043181818181974,13.992372)
(16.045454545454703,13.992384)
(16.04772727272743,13.992372)
(16.050000000000157,12.992372)
(16.050000000000157,12.992358)
(16.053125000000158,13.992358)
(16.056250000000155,13.992358)
(16.059375000000156,13.992346)
(16.062500000000156,14.992346)
(16.065625000000157,13.992332)
(16.068750000000158,13.992332)
(16.071875000000155,13.99232)
(16.075000000000156,12.992332)
(16.075000000000156,13.99232)
(16.077777777777932,13.992308)
(16.080555555555712,13.992308)
(16.08333333333349,12.992308)
(16.086111111111265,14.992294)
(16.088888888889045,12.992294)
(16.09166666666682,13.992282)
(16.094444444444598,13.992282)
(16.097222222222378,13.992282)
(16.100000000000154,12.992269)
(16.100000000000154,12.992269)
(16.103125000000155,13.992256)
(16.106250000000152,12.992256)
(16.109375000000153,12.992243)
(16.112500000000153,13.992256)
(16.115625000000154,13.992243)
(16.118750000000155,14.992243)
(16.121875000000152,14.99223)
(16.125000000000153,14.99223)
(16.125000000000153,13.992218)
(16.12777777777793,12.992218)
(16.13055555555571,11.992218)
(16.133333333333486,13.992205)
(16.136111111111262,13.992205)
(16.138888888889042,13.992192)
(16.14166666666682,13.992192)
(16.144444444444595,13.992192)
(16.147222222222375,14.992179)
(16.15000000000015,12.992179)
(16.15000000000015,14.992167)
(16.152777777777928,13.992167)
(16.155555555555708,12.992167)
(16.158333333333484,13.992153)
(16.16111111111126,13.992153)
(16.16388888888904,13.992141)
(16.166666666666817,12.992153)
(16.169444444444594,12.992141)
(16.172222222222373,12.992128)
(16.17500000000015,13.992128)
(16.17500000000015,12.992128)
(16.17812500000015,13.992115)
(16.181250000000148,12.992115)
(16.18437500000015,13.992103)
(16.18750000000015,12.992103)
(16.19062500000015,11.992103)
(16.19375000000015,12.992089)
(16.196875000000148,12.992089)
(16.20000000000015,13.992077)
(16.20000000000015,11.992077)
(16.20312500000015,12.992077)
(16.206250000000146,12.992064)
(16.209375000000147,11.992051)
(16.212500000000148,10.992064)
(16.21562500000015,11.992051)
(16.21875000000015,11.992051)
(16.221875000000146,11.992039)
(16.225000000000147,11.992039)
(16.225000000000147,10.992039)
(16.227777777777924,11.992025)
(16.230555555555704,11.992025)
(16.23333333333348,11.992013)
(16.236111111111256,10.992013)
(16.238888888889036,11.992013)
(16.241666666666813,11.992)
(16.24444444444459,10.992)
(16.24722222222237,11.991987)
(16.250000000000146,11.991987)
(16.250000000000146,11.991987)
(16.251923076923223,10.991975)
(16.2538461538463,10.991975)
(16.255769230769378,10.991961)
(16.25769230769245,9.991961)
(16.25961538461553,9.991961)
(16.261538461538606,9.991949)
(16.263461538461684,9.991949)
(16.26538461538476,9.991936)
(16.26730769230784,9.991936)
(16.269230769230912,9.991936)
(16.27115384615399,10.991923)
(16.273076923077067,9.991923)
(16.275000000000144,9.991923)
(16.275000000000144,9.99191)
(16.278125000000145,9.99191)
(16.281250000000142,8.991898)
(16.284375000000143,8.991898)
(16.287500000000144,6.991898)
(16.290625000000144,7.991885)
(16.293750000000145,8.991885)
(16.296875000000142,7.991872)
(16.300000000000143,7.991872)
(16.300000000000143,5.991872)
(16.302083333333478,5.991859)
(16.30416666666681,5.991859)
(16.30625000000014,6.991847)
(16.308333333333476,5.991847)
(16.31041666666681,4.991847)
(16.312500000000142,5.991834)
(16.314583333333474,4.991834)
(16.31666666666681,4.991821)
(16.318750000000144,4.991821)
(16.320833333333475,6.991821)
(16.322916666666806,4.991808)
(16.32500000000014,4.991808)
(16.32500000000014,4.991808)
(16.328125000000142,4.991795)
(16.33125000000014,4.991782)
(16.33437500000014,4.991795)
(16.33750000000014,4.991782)
(16.34062500000014,4.99177)
(16.343750000000142,4.991757)
(16.34687500000014,4.991782)
(16.35000000000014,5.991757)
(16.35000000000014,4.99177)
(16.35000000000014,4.991757)
(16.35000000000014,4.991744)
(16.352777777777916,4.991744)
(16.355555555555696,3.991731)
(16.358333333333473,4.991731)
(16.36111111111125,3.991731)
(16.36388888888903,3.991718)
(16.366666666666806,4.991718)
(16.369444444444582,3.991718)
(16.372222222222362,3.991706)
(16.37500000000014,3.991706)
(16.37500000000014,3.991693)
(16.377777777777915,3.991693)
(16.380555555555695,4.991693)
(16.38333333333347,4.99168)
(16.386111111111248,3.99168)
(16.388888888889028,2.991667)
(16.391666666666804,3.991654)
(16.39444444444458,4.991667)
(16.39722222222236,4.991667)
(16.400000000000137,2.991654)
(16.400000000000137,2.991642)
(16.402083333333472,2.991642)
(16.404166666666804,1.991629)
(16.406250000000135,2.991642)
(16.40833333333347,2.991629)
(16.410416666666805,0.991616)
(16.412500000000136,1.991616)
(16.414583333333468,1.991616)
(16.416666666666803,1.991603)
(16.418750000000138,1.991603)
(16.42083333333347,1.99159)
(16.4229166666668,1.991603)
(16.425000000000136,2.99159)
(16.425000000000136,2.991578)
(16.427777777777912,2.991578)
(16.430555555555692,1.991578)
(16.43333333333347,1.991565)
(16.436111111111245,1.991552)
(16.438888888889025,2.991552)
(16.4416666666668,3.991565)
(16.444444444444578,1.991552)
(16.447222222222358,1.991539)
(16.450000000000134,1.991539)
(16.450000000000134,2.991526)
(16.453125000000135,2.991526)
(16.456250000000132,1.991526)
(16.459375000000133,2.991513)
(16.462500000000134,1.991514)
(16.465625000000134,2.991513)
(16.468750000000135,2.991501)
(16.471875000000132,1.991501)
(16.475000000000133,2.991488)
(16.475000000000133,1.991488)
(16.47777777777791,1.991488)
(16.48055555555569,1.991475)
(16.483333333333466,1.991462)
(16.486111111111242,2.991462)
(16.488888888889022,2.991475)
(16.4916666666668,1.99145)
(16.494444444444575,1.991462)
(16.497222222222355,-0.00855)
(16.50000000000013,0.991437)
(16.50000000000013,0.991437)
(16.50000000000013,1.991437)
(16.50192307692321,1.991424)
(16.503846153846286,0.991424)
(16.505769230769364,1.991424)
(16.507692307692437,1.991411)
(16.509615384615515,2.991411)
(16.511538461538592,1.991411)
(16.51346153846167,1.991398)
(16.515384615384747,0.991386)
(16.517307692307824,0.991398)
(16.519230769230898,0.991386)
(16.521153846153975,0.991386)
(16.523076923077053,1.991373)
(16.52500000000013,1.991373)
(16.52500000000013,0.99136)
(16.52750000000013,0.99136)
(16.53000000000013,0.99136)
(16.53250000000013,1.991347)
(16.535000000000128,0.991347)
(16.53750000000013,0.991347)
(16.54000000000013,0.991334)
(16.54250000000013,0.991334)
(16.54500000000013,1.991322)
(16.547500000000127,1.991334)
(16.55000000000013,-0.008678)
(16.55000000000013,0.991309)
(16.552083333333464,0.991309)
(16.554166666666795,0.991309)
(16.556250000000126,0.991296)
(16.55833333333346,1.991296)
(16.560416666666796,1.991283)
(16.562500000000128,0.991296)
(16.56458333333346,0.991283)
(16.566666666666794,0.991283)
(16.56875000000013,1.99127)
(16.57083333333346,1.99127)
(16.572916666666792,0.99127)
(16.575000000000127,0.99127)
(16.575000000000127,-0.008742)
(16.577777777777904,0.991258)
(16.580555555555684,0.991258)
(16.58333333333346,1.991245)
(16.586111111111236,2.991245)
(16.588888888889016,1.991245)
(16.591666666666793,0.991232)
(16.59444444444457,0.991232)
(16.59722222222235,1.991232)
(16.600000000000126,0.991219)
(16.600000000000126,1.991219)
(16.603125000000126,0.991219)
(16.606250000000124,0.991206)
(16.609375000000124,0.991206)
(16.612500000000125,0.991194)
(16.615625000000126,0.991206)
(16.618750000000126,0.991194)
(16.621875000000124,0.991194)
(16.625000000000124,0.991181)
(16.625000000000124,0.991181)
(16.6277777777779,1.991181)
(16.63055555555568,2.991168)
(16.633333333333457,0.991168)
(16.636111111111234,1.991155)
(16.638888888889014,0.991155)
(16.64166666666679,0.991155)
(16.644444444444566,1.991155)
(16.647222222222346,1.991142)
(16.650000000000123,0.991142)
(16.650000000000123,1.991142)
(16.652083333333458,0.99113)
(16.65416666666679,-0.00887)
(16.65625000000012,0.99113)
(16.658333333333456,0.99113)
(16.66041666666679,-0.008883)
(16.662500000000122,1.991117)
(16.664583333333454,0.991117)
(16.66666666666679,1.991104)
(16.668750000000124,0.991104)
(16.670833333333455,0.991104)
(16.672916666666787,0.991091)
(16.67500000000012,1.991091)
(16.67500000000012,0.991091)
(16.677777777777898,0.991078)
(16.680555555555678,0.991078)
(16.683333333333454,0.991078)
(16.68611111111123,0.991066)
(16.68888888888901,-0.008934)
(16.691666666666787,0.991066)
(16.694444444444564,-0.008934)
(16.697222222222344,-0.008934)
(16.70000000000012,0.991053)
(16.70000000000012,0.991053)
(16.70312500000012,0.991053)
(16.706250000000118,0.991053)
(16.70937500000012,0.991053)
(16.71250000000012,0.99104)
(16.71562500000012,0.99104)
(16.71875000000012,-0.00896)
(16.721875000000118,-0.00896)
(16.72500000000012,1.99104)
(16.72500000000012,0.991027)
(16.72750000000012,0.991027)
(16.730000000000118,1.991027)
(16.73250000000012,0.991027)
(16.735000000000117,0.991027)
(16.737500000000118,0.991014)
(16.74000000000012,0.991014)
(16.742500000000117,0.991014)
(16.74500000000012,0.991002)
(16.747500000000116,-0.008998)
(16.750000000000117,0.991002)
(16.750000000000117,0.991002)
(16.75250000000012,0.990989)
(16.755000000000116,-0.009011)
(16.757500000000118,0.990989)
(16.760000000000115,0.990989)
(16.762500000000117,0.990989)
(16.765000000000118,0.990976)
(16.767500000000116,0.990976)
(16.770000000000117,-0.009024)
(16.772500000000115,0.990963)
(16.775000000000116,0.990963)
(16.775000000000116,0.990963)
(16.778125000000117,-0.009037)
(16.781250000000114,-0.009037)
(16.784375000000114,-0.00905)
(16.787500000000115,-0.00905)
(16.790625000000116,0.99095)
(16.793750000000117,1.99095)
(16.796875000000114,1.99095)
(16.800000000000114,1.99095)
(16.800000000000114,0.990938)
(16.80192307692319,-0.009062)
(16.80384615384627,0.990938)
(16.805769230769346,-0.009062)
(16.80769230769242,0.990938)
(16.809615384615498,0.990925)
(16.811538461538575,0.990925)
(16.813461538461652,0.990925)
(16.81538461538473,-0.009075)
(16.817307692307807,0.990925)
(16.81923076923088,0.990912)
(16.82115384615396,1.990925)
(16.823076923077036,0.990912)
(16.825000000000113,0.990912)
(16.825000000000113,0.990912)
(16.828125000000114,0.990899)
(16.83125000000011,0.990899)
(16.83437500000011,0.990899)
(16.837500000000112,0.990899)
(16.840625000000113,0.990899)
(16.843750000000114,1.990899)
(16.84687500000011,-0.009114)
(16.85000000000011,-0.009114)
(16.85000000000011,0.990886)
(16.852777777777888,0.990886)
(16.855555555555668,0.990886)
(16.858333333333444,1.990874)
(16.86111111111122,0.990874)
(16.863888888889,0.990874)
(16.866666666666777,0.990874)
(16.869444444444554,0.990874)
(16.872222222222334,0.990861)
(16.87500000000011,0.990861)
(16.87500000000011,0.990861)
(16.87750000000011,1.990861)
(16.88000000000011,0.990861)
(16.88250000000011,0.990861)
(16.885000000000108,-0.009152)
(16.88750000000011,0.990848)
(16.89000000000011,0.990848)
(16.89250000000011,0.990848)
(16.89500000000011,0.990835)
(16.897500000000107,0.990835)
(16.90000000000011,0.990835)
(16.90000000000011,1.990835)
(16.902272727272837,0.990822)
(16.904545454545563,0.990822)
(16.90681818181829,0.990822)
(16.909090909091017,0.990822)
(16.911363636363745,0.990822)
(16.91363636363647,1.99081)
(16.9159090909092,0.99081)
(16.918181818181925,0.99081)
(16.920454545454653,-0.00919)
(16.92272727272738,0.99081)
(16.925000000000107,0.990797)
(16.925000000000107,1.990797)
(16.927777777777884,0.990797)
(16.930555555555664,1.990797)
(16.93333333333344,0.990797)
(16.936111111111217,-0.009203)
(16.938888888888997,-0.009203)
(16.941666666666773,-0.009203)
(16.94444444444455,0.990784)
(16.94722222222233,0.990784)
(16.950000000000106,-0.009216)
(16.950000000000106,-0.009216)
(16.952777777777882,0.990771)
(16.955555555555662,0.990771)
(16.95833333333344,-0.009229)
(16.961111111111215,0.990771)
(16.963888888888995,1.990758)
(16.96666666666677,1.990758)
(16.969444444444548,0.990758)
(16.972222222222328,-0.009242)
(16.975000000000104,0.990758)
(16.975000000000104,1.990746)
(16.980000000000103,-0.009254)
(16.985000000000102,0.990746)
(16.990000000000105,0.990746)
(16.995000000000104,0.990746)
(17.000000000000103,0.990746)
(17.000000000000103,0.990746)
(17.000000000000103,0.990733)
(17.012500000000102,0.990733)
(17.0250000000001,0.990733)
(17.0250000000001,0.990733)
(17.02727272727283,0.990733)
(17.029545454545556,0.99072)
(17.031818181818284,-0.00928)
(17.03409090909101,1.99072)
(17.03636363636374,-0.00928)
(17.038636363636463,0.99072)
(17.040909090909192,-0.00928)
(17.043181818181917,0.99072)
(17.045454545454646,0.99072)
(17.04772727272737,0.99072)
(17.0500000000001,0.99072)
(17.0500000000001,-0.009293)
(17.056250000000098,0.990707)
(17.0625000000001,0.990707)
(17.0687500000001,0.990707)
(17.0750000000001,0.990707)
(17.0750000000001,0.990694)
(17.0750000000001,0.990694)
(17.087500000000098,-0.009306)
(17.100000000000097,-0.009293)
(17.100000000000097,0.990694)
(17.101666666666762,0.990694)
(17.10333333333343,0.990682)
(17.105000000000096,0.990682)
(17.106666666666765,0.990682)
(17.10833333333343,0.990682)
(17.110000000000095,0.990669)
(17.111666666666764,1.990669)
(17.11333333333343,0.990669)
(17.115000000000098,-0.009331)
(17.116666666666763,0.990656)
(17.118333333333428,0.990669)
(17.120000000000097,-0.009344)
(17.121666666666762,-0.009344)
(17.12333333333343,-0.009344)
(17.125000000000096,0.990656)
(17.125000000000096,0.990643)
(17.127777777777872,0.990643)
(17.130555555555652,0.990643)
(17.13333333333343,0.990643)
(17.136111111111205,0.99063)
(17.138888888888985,0.99063)
(17.14166666666676,1.99063)
(17.144444444444538,0.99063)
(17.147222222222318,0.990618)
(17.150000000000095,-0.009382)
(17.150000000000095,0.990618)
(17.15277777777787,0.990618)
(17.15555555555565,0.990618)
(17.158333333333427,0.990618)
(17.161111111111204,0.990618)
(17.163888888888984,0.990618)
(17.16666666666676,-0.009395)
(17.169444444444537,0.990605)
(17.172222222222317,-0.009395)
(17.175000000000093,0.990605)
(17.175000000000093,0.990592)
(17.178125000000094,1.990605)
(17.18125000000009,-0.009408)
(17.18437500000009,0.990592)
(17.187500000000092,0.990592)
(17.190625000000093,0.990592)
(17.193750000000094,-1.009408)
(17.19687500000009,0.990592)
(17.20000000000009,0.990592)
(17.20000000000009,0.990592)
(17.20192307692317,0.990579)
(17.203846153846246,-0.009421)
(17.205769230769324,0.990579)
(17.207692307692398,0.990579)
(17.209615384615475,0.990566)
(17.211538461538552,0.990579)
(17.21346153846163,1.990566)
(17.215384615384707,-0.009434)
(17.217307692307784,0.990566)
(17.219230769230858,0.990554)
(17.221153846153936,-0.009446)
(17.223076923077013,0.990554)
(17.22500000000009,0.990554)
(17.22500000000009,-0.009446)
(17.22812500000009,0.990554)
(17.231250000000088,-0.009446)
(17.23437500000009,0.990541)
(17.23750000000009,-0.009459)
(17.24062500000009,0.990541)
(17.24375000000009,0.990541)
(17.246875000000088,0.990541)
(17.25000000000009,0.990541)
(17.25000000000009,1.990528)
(17.252777777777865,-0.009459)
(17.255555555555645,0.990528)
(17.25833333333342,0.990528)
(17.261111111111198,1.990528)
(17.263888888888978,0.990515)
(17.266666666666755,0.990515)
(17.26944444444453,0.990515)
(17.27222222222231,0.990515)
(17.275000000000087,0.990502)
(17.275000000000087,-0.009498)
(17.277777777777864,-0.009498)
(17.280555555555644,0.990502)
(17.28333333333342,-0.009498)
(17.286111111111197,0.99049)
(17.288888888888977,0.99049)
(17.291666666666753,0.99049)
(17.29444444444453,-0.00951)
(17.29722222222231,0.99049)
(17.300000000000086,-0.00951)
(17.300000000000086,0.99049)
(17.303125000000087,-0.00951)
(17.306250000000084,0.990477)
(17.309375000000085,-0.009523)
(17.312500000000085,0.990477)
(17.315625000000086,0.990477)
(17.318750000000087,0.990477)
(17.321875000000084,0.990477)
(17.325000000000085,0.990464)
(17.325000000000085,0.990464)
(17.32777777777786,0.990464)
(17.33055555555564,-0.009536)
(17.333333333333417,0.990464)
(17.336111111111194,-0.009536)
(17.338888888888974,0.990464)
(17.34166666666675,0.990464)
(17.344444444444527,-0.009549)
(17.347222222222307,0.990451)
(17.350000000000083,0.990451)
(17.350000000000083,0.990451)
(17.35277777777786,-0.009549)
(17.35555555555564,-0.009562)
(17.358333333333416,-0.009562)
(17.361111111111192,0.990438)
(17.363888888888972,0.990438)
(17.36666666666675,-0.009562)
(17.369444444444525,-0.009562)
(17.372222222222305,-0.009562)
(17.37500000000008,0.990438)
(17.37500000000008,0.990438)
(17.377500000000083,0.990438)
(17.38000000000008,-0.009562)
(17.382500000000082,-0.009562)
(17.38500000000008,-0.009562)
(17.38750000000008,0.990438)
(17.390000000000082,-0.009562)
(17.39250000000008,-1.009562)
(17.39500000000008,0.990438)
(17.39750000000008,-0.009562)
(17.40000000000008,0.990438)
(17.40000000000008,-0.009562)
(17.40250000000008,0.990438)
(17.40500000000008,1.990438)
(17.40750000000008,-0.009562)
(17.41000000000008,-0.009562)
(17.41250000000008,0.990438)
(17.41500000000008,0.990438)
(17.41750000000008,-0.009562)
(17.42000000000008,0.990438)
(17.422500000000078,-0.009562)
(17.42500000000008,-0.009562)
(17.42500000000008,0.990438)
(17.42750000000008,0.990438)
(17.430000000000078,0.990438)
(17.43250000000008,0.990426)
(17.435000000000077,-0.009574)
(17.437500000000078,-0.009574)
(17.44000000000008,-0.009574)
(17.442500000000077,-0.009574)
(17.44500000000008,0.990426)
(17.447500000000076,-0.009574)
(17.450000000000077,0.990426)
(17.450000000000077,-0.009574)
(17.452083333333412,0.990426)
(17.454166666666744,0.990426)
(17.456250000000075,0.990426)
(17.45833333333341,-0.009574)
(17.460416666666745,0.990426)
(17.462500000000077,-0.009574)
(17.464583333333408,-0.009574)
(17.466666666666743,-0.009574)
(17.468750000000078,0.990426)
(17.47083333333341,0.990413)
(17.47291666666674,-0.009587)
(17.475000000000076,0.990413)
(17.475000000000076,-0.009587)
(17.477777777777852,1.990413)
(17.480555555555632,-0.009587)
(17.48333333333341,0.990413)
(17.486111111111185,0.990413)
(17.488888888888965,0.9904)
(17.49166666666674,0.9904)
(17.494444444444518,0.9904)
(17.497222222222298,-0.0096)
(17.500000000000075,0.9904)
(17.500000000000075,0.9904)
(17.525000000000073,0.9904)
(17.525000000000073,0.9904)
(17.52916666666674,-0.0096)
(17.533333333333406,0.9904)
(17.537500000000072,0.9904)
(17.54166666666674,-0.0096)
(17.545833333333405,-0.0096)
(17.55000000000007,0.9904)
(17.55000000000007,-0.009613)
(17.551785714285785,-0.009613)
(17.5535714285715,0.990387)
(17.555357142857215,0.990387)
(17.557142857142928,0.990387)
(17.55892857142864,-0.009626)
(17.560714285714358,0.990374)
(17.56250000000007,-0.009626)
(17.564285714285784,1.990374)
(17.5660714285715,0.990374)
(17.567857142857214,0.990374)
(17.569642857142927,-1.009626)
(17.57142857142864,-0.009626)
(17.573214285714357,0.990374)
(17.57500000000007,1.990374)
(17.57500000000007,-0.009626)
(17.577777777777847,-0.009626)
(17.580555555555627,0.990374)
(17.583333333333403,0.990374)
(17.58611111111118,-0.009626)
(17.58888888888896,-0.009626)
(17.591666666666736,-0.009626)
(17.594444444444512,0.990374)
(17.597222222222292,-0.009638)
(17.60000000000007,0.990362)
(17.60000000000007,-0.009638)
(17.602777777777845,-0.009638)
(17.605555555555625,-0.009638)
(17.608333333333402,0.990362)
(17.611111111111178,-0.009638)
(17.613888888888958,-0.009638)
(17.616666666666735,-0.009638)
(17.61944444444451,0.990349)
(17.62222222222229,-0.009638)
(17.625000000000068,-0.009651)
(17.625000000000068,-0.009638)
(17.62750000000007,0.990349)
(17.630000000000067,0.990349)
(17.632500000000068,0.990349)
(17.635000000000066,0.990349)
(17.637500000000067,0.990349)
(17.640000000000068,-0.009651)
(17.642500000000066,-0.009651)
(17.645000000000067,0.990349)
(17.647500000000065,0.990336)
(17.650000000000066,-0.009664)
(17.650000000000066,0.990336)
(17.652777777777843,0.990323)
(17.655555555555623,-0.009664)
(17.6583333333334,0.990323)
(17.661111111111175,1.990323)
(17.663888888888955,0.990323)
(17.666666666666732,-0.009677)
(17.66944444444451,0.990323)
(17.67222222222229,1.99031)
(17.675000000000065,-0.00969)
(17.675000000000065,0.99031)
(17.67777777777784,0.99031)
(17.68055555555562,0.99031)
(17.683333333333398,0.99031)
(17.686111111111174,0.99031)
(17.688888888888954,-1.00969)
(17.69166666666673,0.99031)
(17.694444444444507,0.99031)
(17.697222222222287,-0.00969)
(17.700000000000063,-0.00969)
(17.700000000000063,0.99031)
(17.703125000000064,0.99031)
(17.70625000000006,-0.00969)
(17.709375000000062,-0.00969)
(17.712500000000063,0.99031)
(17.715625000000063,1.99031)
(17.718750000000064,0.99031)
(17.72187500000006,0.99031)
(17.725000000000062,0.99031)
(17.725000000000062,0.990298)
(17.72727272727279,0.990298)
(17.729545454545516,-0.009702)
(17.731818181818245,-0.009702)
(17.73409090909097,0.990298)
(17.7363636363637,-0.009702)
(17.738636363636424,0.990298)
(17.740909090909152,-0.009702)
(17.743181818181878,0.990285)
(17.745454545454606,0.990285)
(17.74772727272733,0.990285)
(17.75000000000006,-0.009715)
(17.75000000000006,0.990285)
(17.752777777777837,0.990272)
(17.755555555555617,0.990272)
(17.758333333333393,0.990272)
(17.76111111111117,0.990272)
(17.76388888888895,0.990272)
(17.766666666666726,-0.009728)
(17.769444444444503,0.990272)
(17.772222222222283,0.990272)
(17.77500000000006,-0.009728)
(17.77500000000006,0.990272)
(17.77812500000006,1.990259)
(17.781250000000057,0.990259)
(17.784375000000058,0.990259)
(17.78750000000006,0.990259)
(17.79062500000006,-0.009741)
(17.79375000000006,0.990259)
(17.796875000000057,-0.009741)
(17.800000000000058,0.990246)
(17.800000000000058,0.990246)
(17.802083333333393,0.990246)
(17.804166666666724,0.990246)
(17.806250000000055,1.990246)
(17.80833333333339,0.990246)
(17.810416666666725,0.990234)
(17.812500000000057,1.990234)
(17.81458333333339,0.990234)
(17.816666666666723,0.990234)
(17.81875000000006,1.990234)
(17.82083333333339,-0.009766)
(17.82291666666672,-0.009766)
(17.825000000000056,0.990234)
(17.825000000000056,1.990234)
(17.827777777777833,0.990221)
(17.830555555555613,-0.009779)
(17.83333333333339,-0.009779)
(17.836111111111165,0.990221)
(17.838888888888945,0.990221)
(17.841666666666722,0.990221)
(17.8444444444445,-0.009779)
(17.84722222222228,0.990221)
(17.850000000000055,0.990221)
(17.850000000000055,-0.009779)
(17.85277777777783,0.990221)
(17.85555555555561,-0.009779)
(17.858333333333388,0.990221)
(17.861111111111164,0.990221)
(17.863888888888944,0.990221)
(17.86666666666672,-0.009779)
(17.869444444444497,-0.009792)
(17.872222222222277,1.990208)
(17.875000000000053,0.990208)
(17.875000000000053,0.990208)
(17.878125000000054,0.990208)
(17.88125000000005,0.990208)
(17.884375000000052,0.990208)
(17.887500000000053,0.990195)
(17.890625000000053,-0.009805)
(17.893750000000054,-0.009805)
(17.89687500000005,0.990195)
(17.900000000000052,-0.009805)
(17.900000000000052,-0.009805)
(17.90277777777783,-0.009805)
(17.90555555555561,-1.009805)
(17.908333333333385,-1.009805)
(17.91111111111116,-0.009805)
(17.91388888888894,-0.009805)
(17.916666666666718,-0.009805)
(17.919444444444494,0.990195)
(17.922222222222274,-0.009805)
(17.92500000000005,-0.009805)
(17.92500000000005,0.990195)
(17.927777777777827,0.990195)
(17.930555555555607,0.990195)
(17.933333333333383,-0.009805)
(17.93611111111116,-0.009805)
(17.93888888888894,-0.009805)
(17.941666666666716,-0.009805)
(17.944444444444493,-0.009805)
(17.947222222222273,-0.009805)
(17.95000000000005,0.990195)
(17.95000000000005,0.990195)
(17.95312500000005,-0.009805)
(17.956250000000047,-0.009805)
(17.959375000000048,-1.009805)
(17.96250000000005,-0.009805)
(17.96562500000005,-0.009805)
(17.96875000000005,-1.009792)
(17.971875000000047,-0.009792)
(17.975000000000048,-0.009792)
(17.975000000000048,0.990208)
(17.977777777777824,0.990208)
(17.980555555555604,-0.009792)
(17.98333333333338,0.990208)
(17.986111111111157,0.990208)
(17.988888888888937,0.990208)
(17.991666666666713,0.990208)
(17.99444444444449,-0.009792)
(17.99722222222227,0.990208)
(18.000000000000046,0.990208)
(18.000000000000046,-0.009792)
(18.012500000000045,0.990208)
(18.025000000000045,0.990208)
(18.025000000000045,-0.009792)
(18.025000000000045,-0.009792)
(18.030000000000044,0.990208)
(18.035000000000043,0.990208)
(18.040000000000045,0.990208)
(18.045000000000044,-0.009792)
(18.050000000000043,0.990208)
(18.050000000000043,-0.009779)
(18.05277777777782,-0.009779)
(18.0555555555556,-0.009779)
(18.058333333333376,0.990221)
(18.061111111111153,-0.009766)
(18.063888888888933,-0.009779)
(18.06666666666671,-0.009766)
(18.069444444444485,0.990234)
(18.072222222222265,-0.009766)
(18.075000000000042,-0.009766)
(18.075000000000042,0.990234)
(18.083333333333375,-0.009766)
(18.091666666666708,0.990234)
(18.10000000000004,-0.009766)
(18.10000000000004,-0.009766)
(18.10000000000004,0.990221)
(18.108333333333373,0.990221)
(18.116666666666706,0.990221)
(18.12500000000004,-0.009779)
(18.12500000000004,-0.009779)
(18.13750000000004,0.990221)
(18.150000000000038,0.990221)
(18.150000000000038,0.990221)
(18.153571428571468,0.990221)
(18.157142857142894,-0.009779)
(18.160714285714324,-0.009779)
(18.16428571428575,0.990221)
(18.16785714285718,-0.009779)
(18.171428571428606,-0.009779)
(18.175000000000036,0.990221)
(18.175000000000036,-0.009779)
(18.176923076923114,-0.009779)
(18.17884615384619,-0.009766)
(18.18076923076927,-1.009766)
(18.182692307692342,0.990234)
(18.18461538461542,0.990234)
(18.186538461538497,-0.009766)
(18.188461538461574,0.990234)
(18.19038461538465,-0.009766)
(18.19230769230773,0.990234)
(18.194230769230803,-0.009766)
(18.19615384615388,0.990234)
(18.198076923076957,0.990234)
(18.200000000000035,0.990234)
(18.200000000000035,0.990234)
(18.203125000000036,0.990234)
(18.206250000000033,-0.009766)
(18.209375000000033,-0.009766)
(18.212500000000034,-0.009766)
(18.215625000000035,-0.009766)
(18.218750000000036,-0.009766)
(18.221875000000033,-0.009766)
(18.225000000000033,0.990234)
(18.225000000000033,0.990234)
(18.22777777777781,-0.009766)
(18.23055555555559,0.990234)
(18.233333333333366,-0.009766)
(18.236111111111143,-0.009766)
(18.238888888888923,-0.009766)
(18.2416666666667,-0.009766)
(18.244444444444476,0.990234)
(18.247222222222256,-0.009766)
(18.250000000000032,-0.009766)
(18.250000000000032,-0.009766)
(18.252500000000033,-0.009766)
(18.25500000000003,0.990234)
(18.257500000000032,-0.009766)
(18.26000000000003,-0.009766)
(18.26250000000003,-0.009766)
(18.265000000000033,0.990234)
(18.26750000000003,-0.009766)
(18.27000000000003,-0.009766)
(18.27250000000003,-0.009766)
(18.27500000000003,0.990234)
(18.27500000000003,0.990234)
(18.27812500000003,-0.009766)
(18.28125000000003,0.990234)
(18.28437500000003,0.990234)
(18.28750000000003,0.990234)
(18.29062500000003,0.990234)
(18.29375000000003,0.990234)
(18.29687500000003,0.990234)
(18.30000000000003,0.990234)
(18.30000000000003,-0.009766)
(18.302272727272758,0.990234)
(18.304545454545483,0.990234)
(18.306818181818212,0.990221)
(18.309090909090937,-0.009766)
(18.311363636363666,0.990221)
(18.31363636363639,-0.009779)
(18.31590909090912,-0.009779)
(18.318181818181845,-0.009779)
(18.320454545454574,0.990234)
(18.3227272727273,-0.009766)
(18.325000000000028,0.990221)
(18.325000000000028,0.990221)
(18.32812500000003,-0.009779)
(18.331250000000026,-0.009779)
(18.334375000000026,0.990221)
(18.337500000000027,-0.009779)
(18.340625000000028,-0.009779)
(18.34375000000003,-0.009779)
(18.346875000000026,-0.009779)
(18.350000000000026,1.990221)
(18.350000000000026,0.990221)
(18.35147058823532,-0.009779)
(18.352941176470615,-0.009779)
(18.354411764705908,0.990221)
(18.3558823529412,-0.009779)
(18.357352941176497,-0.009779)
(18.35882352941179,0.990221)
(18.360294117647083,-0.009779)
(18.36176470588238,0.990221)
(18.363235294117672,-0.009779)
(18.36470588235297,-0.009779)
(18.36617647058826,-0.009779)
(18.367647058823554,-0.009792)
(18.36911764705885,-0.009792)
(18.370588235294143,-0.009792)
(18.372058823529436,0.990208)
(18.373529411764732,-0.009792)
(18.375000000000025,0.990208)
(18.375000000000025,0.990208)
(18.3777777777778,-0.009792)
(18.38055555555558,-0.009792)
(18.383333333333358,-0.009792)
(18.386111111111134,0.990208)
(18.388888888888914,-0.009792)
(18.39166666666669,0.990195)
(18.394444444444467,-0.009805)
(18.397222222222247,1.990195)
(18.400000000000023,-0.009805)
(18.400000000000023,0.990195)
(18.4027777777778,-0.009805)
(18.40555555555558,0.990195)
(18.408333333333356,0.990195)
(18.411111111111133,0.990182)
(18.413888888888913,-0.009818)
(18.41666666666669,0.990182)
(18.419444444444466,0.990182)
(18.422222222222246,1.990182)
(18.425000000000022,-0.009818)
(18.425000000000022,-0.009818)
(18.428125000000023,0.990182)
(18.43125000000002,-0.009818)
(18.43437500000002,0.990182)
(18.43750000000002,0.990182)
(18.440625000000022,0.990182)
(18.443750000000023,0.990182)
(18.44687500000002,0.990182)
(18.45000000000002,0.990182)
(18.45000000000002,0.990182)
(18.45227272727275,0.990182)
(18.454545454545475,1.99017)
(18.456818181818203,0.99017)
(18.45909090909093,-0.00983)
(18.461363636363657,0.99017)
(18.463636363636382,0.99017)
(18.46590909090911,0.99017)
(18.468181818181836,0.99017)
(18.470454545454565,-0.00983)
(18.47272727272729,0.99017)
(18.47500000000002,-0.00983)
(18.47500000000002,0.99017)
(18.477777777777796,0.99017)
(18.480555555555576,-0.00983)
(18.483333333333352,-0.00983)
(18.48611111111113,0.99017)
(18.48888888888891,1.99017)
(18.491666666666685,-0.00983)
(18.49444444444446,-0.00983)
(18.49722222222224,-1.00983)
(18.500000000000018,-0.00983)
(18.500000000000018,-0.00983)
(18.50250000000002,0.99017)
(18.505000000000017,-0.00983)
(18.507500000000018,-0.00983)
(18.510000000000016,-0.00983)
(18.512500000000017,-0.00983)
(18.51500000000002,-1.00983)
(18.517500000000016,-0.009818)
(18.520000000000017,-0.009818)
(18.522500000000015,-0.009818)
(18.525000000000016,-0.009818)
(18.525000000000016,0.990182)
(18.527777777777793,-0.009805)
(18.530555555555573,-0.009805)
(18.53333333333335,0.990195)
(18.536111111111126,-1.009805)
(18.538888888888906,0.990208)
(18.541666666666682,0.990208)
(18.54444444444446,-0.009792)
(18.54722222222224,-0.009792)
(18.550000000000015,-0.009792)
(18.550000000000015,0.990208)
(18.55208333333335,-1.009792)
(18.55416666666668,0.990208)
(18.556250000000013,-0.009792)
(18.558333333333348,-0.009792)
(18.560416666666683,-0.009792)
(18.562500000000014,-0.009792)
(18.564583333333346,-0.009779)
(18.56666666666668,-0.009779)
(18.568750000000016,-0.009779)
(18.570833333333347,0.990221)
(18.57291666666668,-0.009779)
(18.575000000000014,-0.009779)
(18.575000000000014,-0.009779)
(18.57777777777779,-1.009766)
(18.58055555555557,-0.009766)
(18.583333333333346,0.990234)
(18.586111111111123,-0.009754)
(18.588888888888903,-0.009754)
(18.59166666666668,0.990246)
(18.594444444444456,-0.009754)
(18.597222222222236,0.990246)
(18.600000000000012,-0.009754)
(18.600000000000012,-0.009741)
(18.60277777777779,-0.009741)
(18.60555555555557,-0.009741)
(18.608333333333345,-0.009741)
(18.61111111111112,-0.009728)
(18.6138888888889,0.990272)
(18.616666666666678,-0.009728)
(18.619444444444454,0.990272)
(18.622222222222234,-1.009728)
(18.62500000000001,-0.009728)
(18.62500000000001,0.990272)
(18.627777777777787,-0.009728)
(18.630555555555567,-0.009715)
(18.633333333333344,-0.009715)
(18.63611111111112,-1.009715)
(18.6388888888889,-0.009702)
(18.641666666666676,-0.009715)
(18.644444444444453,-0.009702)
(18.647222222222233,-1.009702)
(18.65000000000001,-0.009702)
(18.65000000000001,0.99031)
(18.65000000000001,-0.00969)
(18.65312500000001,-0.00969)
(18.656250000000007,0.99031)
(18.659375000000008,0.99031)
(18.66250000000001,-0.00969)
(18.66562500000001,0.99031)
(18.66875000000001,-0.00969)
(18.671875000000007,0.99031)
(18.675000000000008,-0.00969)
(18.675000000000008,0.99031)
(18.677777777777784,0.990323)
(18.680555555555564,-0.00969)
(18.68333333333334,-1.009677)
(18.686111111111117,0.990323)
(18.688888888888897,0.990323)
(18.691666666666674,0.990323)
(18.69444444444445,-0.009664)
(18.69722222222223,-0.009677)
(18.700000000000006,-0.009677)
(18.700000000000006,0.990336)
(18.702777777777783,0.990336)
(18.705555555555563,-0.009664)
(18.70833333333334,0.990336)
(18.711111111111116,0.990323)
(18.713888888888896,-0.009664)
(18.716666666666672,-0.009677)
(18.71944444444445,-0.009677)
(18.72222222222223,-0.009677)
(18.725000000000005,1.990323)
(18.725000000000005,0.990323)
(18.72777777777778,0.990323)
(18.73055555555556,-1.009677)
(18.733333333333338,0.990323)
(18.736111111111114,0.990323)
(18.738888888888894,-0.009677)
(18.74166666666667,-0.009677)
(18.744444444444447,-0.009677)
(18.747222222222227,-0.009677)
(18.750000000000004,0.990323)
(18.750000000000004,0.990336)
(18.752500000000005,-0.009664)
(18.755000000000003,0.990336)
(18.757500000000004,-0.009664)
(18.76,-0.009664)
(18.762500000000003,-0.009664)
(18.765000000000004,0.990336)
(18.767500000000002,-0.009651)
(18.770000000000003,-0.009664)
(18.7725,0.990349)
(18.775000000000002,0.990349)
(18.775000000000002,0.990349)
(18.77777777777778,-0.009651)
(18.78055555555556,0.990349)
(18.783333333333335,1.990349)
(18.78611111111111,-0.009651)
(18.78888888888889,-0.009638)
(18.791666666666668,0.990362)
(18.794444444444444,0.990362)
(18.797222222222224,-0.009638)
(18.8,0.990362)
(18.8,-1.009638)
(18.802777777777777,-0.009638)
(18.805555555555557,-0.009626)
(18.808333333333334,-1.009638)
(18.81111111111111,-0.009626)
(18.81388888888889,-1.009626)
(18.816666666666666,0.990374)
(18.819444444444443,0.990374)
(18.822222222222223,-0.009626)
(18.825,0.990374)
(18.825,1.990374)
(18.827777777777776,0.990387)
(18.830555555555556,-0.009613)
(18.833333333333332,0.990387)
(18.83611111111111,-0.009613)
(18.83888888888889,0.990387)
(18.841666666666665,-0.009613)
(18.84444444444444,-0.009613)
(18.84722222222222,-0.009613)
(18.849999999999998,-0.009613)
(18.849999999999998,0.990387)
(18.874999999999996,-0.0096)
(18.874999999999996,-0.0096)
(18.874999999999996,0.9904)
(18.879166666666663,-0.0096)
(18.88333333333333,-0.0096)
(18.887499999999996,0.9904)
(18.891666666666662,-0.0096)
(18.89583333333333,-0.0096)
(18.899999999999995,0.9904)
(18.899999999999995,0.9904)
(18.901923076923072,-0.0096)
(18.90384615384615,-0.0096)
(18.905769230769227,-0.0096)
(18.9076923076923,0.9904)
(18.90961538461538,-0.0096)
(18.911538461538456,-1.0096)
(18.913461538461533,-0.0096)
(18.91538461538461,-0.0096)
(18.917307692307688,-0.009587)
(18.91923076923076,0.9904)
(18.92115384615384,-0.009587)
(18.923076923076916,-0.009587)
(18.924999999999994,-0.009587)
(18.924999999999994,-0.009587)
(18.92777777777777,0.990413)
(18.93055555555555,0.990413)
(18.933333333333326,0.990413)
(18.936111111111103,0.990413)
(18.938888888888883,0.990426)
(18.94166666666666,-0.009574)
(18.944444444444436,-0.009574)
(18.947222222222216,0.990426)
(18.949999999999992,-0.009574)
(18.949999999999992,0.990426)
(18.95277777777777,-0.009574)
(18.95555555555555,-0.009574)
(18.958333333333325,0.990426)
(18.9611111111111,-0.009574)
(18.96388888888888,-0.009574)
(18.966666666666658,0.990426)
(18.969444444444434,-0.009562)
(18.972222222222214,0.990438)
(18.97499999999999,0.990438)
(18.97499999999999,-0.009562)
(18.977777777777767,0.990438)
(18.980555555555547,-0.009562)
(18.983333333333324,0.990438)
(18.9861111111111,0.990438)
(18.98888888888888,-0.009562)
(18.991666666666656,-0.009562)
(18.994444444444433,-0.009562)
(18.997222222222213,-0.009562)
(18.99999999999999,0.990438)
(18.99999999999999,-0.009562)
(19.00249999999999,-0.009562)
(19.00499999999999,-0.009562)
(19.00749999999999,0.990438)
(19.009999999999987,-0.009562)
(19.01249999999999,-0.009562)
(19.01499999999999,0.990438)
(19.017499999999988,0.990438)
(19.01999999999999,-0.009562)
(19.022499999999987,-0.009562)
(19.024999999999988,0.990438)
(19.024999999999988,-0.009562)
(19.027777777777764,-1.009562)
(19.030555555555544,0.990438)
(19.03333333333332,-0.009562)
(19.036111111111097,0.990438)
(19.038888888888877,-0.009562)
(19.041666666666654,-0.009549)
(19.04444444444443,-0.009549)
(19.04722222222221,0.990451)
(19.049999999999986,0.990451)
(19.049999999999986,-0.009549)
(19.053124999999987,-0.009549)
(19.056249999999984,-0.009549)
(19.059374999999985,0.990451)
(19.062499999999986,0.990451)
(19.065624999999986,-0.009549)
(19.068749999999987,0.990451)
(19.071874999999984,-0.009549)
(19.074999999999985,-0.009549)
(19.074999999999985,-0.009549)
(19.07777777777776,-0.009549)
(19.08055555555554,-0.009549)
(19.083333333333318,0.990451)
(19.086111111111094,0.990464)
(19.088888888888874,-0.009549)
(19.09166666666665,-0.009549)
(19.094444444444427,0.990451)
(19.097222222222207,0.990464)
(19.099999999999984,0.990464)
(19.099999999999984,-0.009536)
(19.103124999999984,0.990464)
(19.10624999999998,-0.009536)
(19.109374999999982,-0.009536)
(19.112499999999983,0.990464)
(19.115624999999984,-0.009536)
(19.118749999999984,-0.009536)
(19.12187499999998,-0.009536)
(19.124999999999982,-0.009536)
(19.124999999999982,0.990464)
(19.128124999999983,-0.009536)
(19.13124999999998,-0.009536)
(19.13437499999998,-0.009536)
(19.13749999999998,-0.009536)
(19.140624999999982,-0.009536)
(19.143749999999983,-0.009536)
(19.14687499999998,0.990464)
(19.14999999999998,0.990464)
(19.14999999999998,0.990464)
(19.15624999999998,0.990464)
(19.16249999999998,-0.009536)
(19.16874999999998,0.990464)
(19.17499999999998,-0.009536)
(19.17499999999998,0.990464)
(19.17499999999998,-0.009536)
(19.18749999999998,0.990464)
(19.199999999999978,-0.009523)
(19.199999999999978,0.990477)
(19.202777777777754,-0.009523)
(19.205555555555534,0.990477)
(19.20833333333331,0.990477)
(19.211111111111087,0.990477)
(19.213888888888867,-0.009523)
(19.216666666666644,-1.009523)
(19.21944444444442,-0.009523)
(19.2222222222222,0.990477)
(19.224999999999977,-0.009523)
(19.224999999999977,-0.009523)
(19.227777777777753,-0.009523)
(19.230555555555533,-0.009523)
(19.23333333333331,0.990477)
(19.236111111111086,0.990477)
(19.238888888888866,0.990477)
(19.241666666666642,0.990477)
(19.24444444444442,-0.00951)
(19.2472222222222,-1.00951)
(19.249999999999975,-1.00951)
(19.249999999999975,0.99049)
(19.252499999999976,0.99049)
(19.254999999999974,0.99049)
(19.257499999999975,-0.00951)
(19.259999999999973,0.99049)
(19.262499999999974,-0.00951)
(19.264999999999976,0.99049)
(19.267499999999973,-0.009498)
(19.269999999999975,0.990502)
(19.272499999999972,0.990502)
(19.274999999999974,0.990502)
(19.274999999999974,0.990502)
(19.27777777777775,-1.009498)
(19.28055555555553,0.990502)
(19.283333333333307,0.990502)
(19.286111111111083,-0.009498)
(19.288888888888863,0.990502)
(19.29166666666664,0.990502)
(19.294444444444416,-0.009498)
(19.297222222222196,-0.009498)
(19.299999999999972,-0.009498)
(19.299999999999972,-0.009498)
(19.3022727272727,-0.009498)
(19.304545454545426,-0.009498)
(19.306818181818155,-0.009498)
(19.30909090909088,-0.009498)
(19.31136363636361,-0.009498)
(19.313636363636334,-0.009498)
(19.315909090909063,-0.009498)
(19.318181818181788,-0.009498)
(19.320454545454517,0.990502)
(19.322727272727242,-0.009498)
(19.32499999999997,-0.009498)
(19.32499999999997,-0.009498)
(19.329166666666637,-0.009498)
(19.333333333333304,-0.009498)
(19.33749999999997,-0.009498)
(19.341666666666637,-0.009498)
(19.345833333333303,0.990515)
(19.34999999999997,0.990515)
(19.34999999999997,0.990515)
(19.374999999999968,-1.009485)
(19.374999999999968,-1.009485)
(19.376562499999967,-0.009485)
(19.37812499999997,0.990515)
(19.379687499999967,-0.009472)
(19.381249999999966,-0.009472)
(19.382812499999968,0.990528)
(19.384374999999967,-0.009472)
(19.38593749999997,0.990528)
(19.387499999999967,-0.009472)
(19.389062499999966,-1.009472)
(19.390624999999968,0.990528)
(19.392187499999967,-0.009472)
(19.39374999999997,-1.009459)
(19.395312499999967,-0.009472)
(19.396874999999966,0.990541)
(19.398437499999968,0.990541)
(19.399999999999967,-1.009459)
(19.399999999999967,-0.009459)
(19.402777777777743,-0.009459)
(19.405555555555523,0.990541)
(19.4083333333333,-0.009446)
(19.411111111111076,0.990554)
(19.413888888888856,-0.009446)
(19.416666666666632,0.990554)
(19.41944444444441,-0.009446)
(19.42222222222219,0.990554)
(19.424999999999965,-0.009446)
(19.424999999999965,-0.009446)
(19.42777777777774,-1.009446)
(19.43055555555552,-0.009434)
(19.433333333333298,0.990566)
(19.436111111111074,0.990566)
(19.438888888888854,-0.009434)
(19.44166666666663,-0.009434)
(19.444444444444407,-0.009434)
(19.447222222222187,0.990566)
(19.449999999999964,-0.009434)
(19.449999999999964,-0.009434)
(19.45277777777774,-0.009434)
(19.45555555555552,-0.009434)
(19.458333333333297,-0.009421)
(19.461111111111073,-0.009421)
(19.463888888888853,-0.009434)
(19.46666666666663,-0.009421)
(19.469444444444406,0.990579)
(19.472222222222186,-0.009421)
(19.474999999999962,-0.009421)
(19.474999999999962,-0.009421)
(19.477499999999964,0.990592)
(19.47999999999996,-0.009408)
(19.482499999999963,0.990592)
(19.48499999999996,-0.009408)
(19.48749999999996,-0.009408)
(19.489999999999963,-0.009408)
(19.49249999999996,0.990592)
(19.494999999999962,-0.009408)
(19.49749999999996,-0.009408)
(19.49999999999996,0.990592)
(19.49999999999996,0.990592)
(19.502777777777737,-0.009408)
(19.505555555555517,-0.009408)
(19.508333333333294,-1.009408)
(19.51111111111107,-0.009395)
(19.51388888888885,0.990592)
(19.516666666666627,-0.009395)
(19.519444444444403,-0.009395)
(19.522222222222183,-0.009395)
(19.52499999999996,-0.009395)
(19.52499999999996,-1.009382)
(19.52812499999996,-0.009382)
(19.531249999999957,-0.009382)
(19.534374999999958,-0.009382)
(19.53749999999996,-0.00937)
(19.54062499999996,-0.00937)
(19.54374999999996,-1.00937)
(19.546874999999957,-0.00937)
(19.549999999999958,-0.00937)
(19.549999999999958,0.99063)
(19.552272727272687,-0.009357)
(19.554545454545412,0.990643)
(19.55681818181814,-0.009357)
(19.559090909090866,-0.009357)
(19.561363636363595,-0.009357)
(19.56363636363632,-0.009357)
(19.56590909090905,0.990656)
(19.568181818181774,0.990643)
(19.570454545454503,0.990656)
(19.572727272727228,-0.009344)
(19.574999999999957,0.990656)
(19.574999999999957,0.990656)
(19.577272727272685,-0.009344)
(19.57954545454541,-1.009344)
(19.58181818181814,-0.009331)
(19.584090909090865,-0.009331)
(19.586363636363593,0.990669)
(19.58863636363632,-0.009331)
(19.590909090909047,0.990669)
(19.593181818181773,0.990669)
(19.5954545454545,-0.009331)
(19.597727272727226,-0.009318)
(19.599999999999955,-0.009318)
(19.599999999999955,-0.009318)
(19.60277777777773,0.990682)
(19.60555555555551,-0.009318)
(19.608333333333288,-0.009318)
(19.611111111111065,0.990694)
(19.613888888888845,-0.009306)
(19.61666666666662,-0.009306)
(19.619444444444397,-0.009306)
(19.622222222222177,-1.009306)
(19.624999999999954,-0.009306)
(19.624999999999954,0.990694)
(19.627499999999955,-1.009306)
(19.629999999999953,-0.009293)
(19.632499999999954,0.990707)
(19.634999999999952,-0.009293)
(19.637499999999953,-0.009293)
(19.639999999999954,-0.009293)
(19.642499999999952,-1.009293)
(19.644999999999953,-0.009293)
(19.64749999999995,-0.00928)
(19.649999999999952,-0.00928)
(19.649999999999952,-0.00928)
(19.653124999999953,-0.00928)
(19.65624999999995,0.99072)
(19.65937499999995,0.99072)
(19.66249999999995,-0.00928)
(19.665624999999952,-0.00928)
(19.668749999999953,-0.009267)
(19.67187499999995,-0.009267)
(19.67499999999995,-1.009267)
(19.67499999999995,-0.009267)
(19.67812499999995,-0.009267)
(19.68124999999995,-0.009254)
(19.68437499999995,-0.009254)
(19.68749999999995,-0.009254)
(19.69062499999995,-0.009242)
(19.69374999999995,-0.009242)
(19.69687499999995,-0.009242)
(19.69999999999995,-0.009242)
(19.69999999999995,-0.009242)
(19.702777777777726,-0.009229)
(19.705555555555506,-1.009229)
(19.708333333333282,-0.009229)
(19.71111111111106,-0.009229)
(19.71388888888884,-0.009229)
(19.716666666666615,0.990784)
(19.71944444444439,-0.009216)
(19.72222222222217,-0.009216)
(19.724999999999948,-0.009216)
(19.724999999999948,-0.009216)
(19.72812499999995,0.990784)
(19.731249999999946,-0.009203)
(19.734374999999947,-0.009203)
(19.737499999999947,-0.009203)
(19.740624999999948,-0.009203)
(19.74374999999995,0.990797)
(19.746874999999946,-0.009203)
(19.749999999999947,0.99081)
(19.749999999999947,-0.00919)
(19.752777777777723,-1.00919)
(19.755555555555503,-0.00919)
(19.75833333333328,-0.009178)
(19.761111111111056,-0.009178)
(19.763888888888836,0.990822)
(19.766666666666612,-0.009178)
(19.76944444444439,-0.009165)
(19.77222222222217,-0.009165)
(19.774999999999945,-0.009165)
(19.774999999999945,-0.009165)
(19.77708333333328,-0.009165)
(19.77916666666661,0.990835)
(19.781249999999943,0.990848)
(19.783333333333278,-0.009165)
(19.785416666666613,-1.009152)
(19.787499999999945,-0.009152)
(19.789583333333276,-0.009152)
(19.79166666666661,-0.009152)
(19.793749999999946,0.990848)
(19.795833333333277,-0.009152)
(19.79791666666661,0.990848)
(19.799999999999944,-0.009152)
(19.799999999999944,-0.009139)
(19.803124999999945,-1.009139)
(19.80624999999994,-0.009139)
(19.809374999999942,0.990861)
(19.812499999999943,-0.009139)
(19.815624999999944,0.990861)
(19.818749999999945,-0.009126)
(19.82187499999994,-0.009126)
(19.824999999999942,0.990874)
(19.824999999999942,-0.009126)
(19.828124999999943,0.990874)
(19.83124999999994,-0.009126)
(19.83437499999994,-1.009126)
(19.83749999999994,-0.009114)
(19.840624999999942,0.990886)
(19.843749999999943,-0.009114)
(19.84687499999994,-0.009114)
(19.84999999999994,-0.009101)
(19.84999999999994,-0.009101)
(19.85192307692302,-0.009101)
(19.853846153846096,-0.009101)
(19.855769230769173,0.990899)
(19.857692307692247,-0.009088)
(19.859615384615324,-0.009101)
(19.8615384615384,-0.009088)
(19.86346153846148,-0.009088)
(19.865384615384556,-0.009088)
(19.867307692307634,-0.009075)
(19.869230769230708,-0.009075)
(19.871153846153785,0.990925)
(19.873076923076862,-0.009075)
(19.87499999999994,0.990925)
(19.87499999999994,-0.009075)
(19.87812499999994,-0.009062)
(19.881249999999937,-0.009062)
(19.884374999999938,-0.009062)
(19.88749999999994,-0.009062)
(19.89062499999994,0.990938)
(19.89374999999994,-0.00905)
(19.896874999999937,-0.00905)
(19.899999999999938,0.99095)
(19.899999999999938,0.99095)
(19.902777777777715,0.99095)
(19.905555555555495,0.99095)
(19.90833333333327,0.99095)
(19.911111111111047,0.990963)
(19.913888888888827,0.990963)
(19.916666666666604,-0.009037)
(19.91944444444438,0.990963)
(19.92222222222216,-0.009037)
(19.924999999999937,-0.009037)
(19.924999999999937,-1.009037)
(19.928124999999937,-0.009037)
(19.931249999999935,0.990963)
(19.934374999999935,0.990976)
(19.937499999999936,-0.009024)
(19.940624999999937,0.990976)
(19.943749999999937,-0.009024)
(19.946874999999935,-0.009024)
(19.949999999999935,-0.009024)
(19.949999999999935,-0.009011)
(19.95208333333327,-0.009011)
(19.9541666666666,-1.009011)
(19.956249999999933,-0.009011)
(19.958333333333268,0.990989)
(19.960416666666603,-0.009011)
(19.962499999999935,0.991002)
(19.964583333333266,0.991002)
(19.9666666666666,-0.008998)
(19.968749999999936,0.991002)
(19.970833333333267,-0.008998)
(19.9729166666666,-0.008986)
(19.974999999999934,-1.008986)
(19.974999999999934,-0.008986)
(19.97777777777771,-0.008986)
(19.98055555555549,-0.008986)
(19.983333333333267,-1.008986)
(19.986111111111043,-0.008986)
(19.988888888888823,-0.008986)
(19.9916666666666,0.991014)
(19.994444444444376,0.991027)
(19.997222222222156,-0.008973)
(19.999999999999932,0.991027)
(19.999999999999932,-0.008973)
(20.00277777777771,-0.008973)
(20.00555555555549,-0.008973)
(20.008333333333265,-0.00896)
(20.011111111111042,-0.00896)
(20.013888888888822,-0.00896)
(20.016666666666598,0.99104)
(20.019444444444375,0.99104)
(20.022222222222155,-0.00896)
(20.02499999999993,0.99104)
