(15.000000000000146,674.0)
(15.000000000000146,674.0)
(15.00131578947383,675.0)
(15.002631578947515,674.0)
(15.003947368421198,675.0)
(15.005263157894882,673.0)
(15.006578947368567,675.0)
(15.007894736842252,674.0)
(15.009210526315936,676.0)
(15.010526315789619,674.0)
(15.011842105263304,674.0)
(15.013157894736988,673.0)
(15.014473684210673,673.0)
(15.015789473684356,674.0)
(15.01710526315804,674.0)
(15.018421052631725,676.0)
(15.01973684210541,673.0)
(15.021052631579094,673.0)
(15.022368421052777,673.0)
(15.023684210526461,673.0)
(15.025000000000146,675.0)
(15.025000000000146,675.0)
(15.02647058823544,675.0)
(15.027941176470735,675.0)
(15.029411764706028,675.0)
(15.030882352941322,674.0)
(15.032352941176617,675.0)
(15.033823529411912,675.0)
(15.035294117647204,675.0)
(15.036764705882499,674.0)
(15.038235294117793,675.0)
(15.039705882353088,675.0)
(15.04117647058838,674.0)
(15.042647058823675,675.0)
(15.04411764705897,675.0)
(15.045588235294264,674.0)
(15.047058823529557,675.0)
(15.048529411764852,674.0)
(15.050000000000146,675.0)
(15.050000000000146,674.0)
(15.051562500000147,675.0)
(15.053125000000147,675.0)
(15.054687500000146,675.0)
(15.056250000000146,675.0)
(15.057812500000146,675.0)
(15.059375000000147,675.0)
(15.060937500000147,675.0)
(15.062500000000146,675.0)
(15.064062500000146,674.0)
(15.065625000000146,674.0)
(15.067187500000147,675.0)
(15.068750000000147,675.0)
(15.070312500000147,675.0)
(15.071875000000146,675.0)
(15.073437500000146,674.0)
(15.075000000000147,675.0)
(15.075000000000147,675.0)
(15.076250000000147,674.0)
(15.077500000000146,675.0)
(15.078750000000147,674.0)
(15.080000000000148,674.0)
(15.081250000000146,674.0)
(15.082500000000147,675.0)
(15.083750000000148,675.0)
(15.085000000000147,675.0)
(15.086250000000147,674.0)
(15.087500000000148,674.0)
(15.088750000000147,675.0)
(15.090000000000147,674.0)
(15.091250000000146,675.0)
(15.092500000000147,675.0)
(15.093750000000147,674.0)
(15.095000000000146,675.0)
(15.096250000000147,674.0)
(15.097500000000148,674.0)
(15.098750000000146,675.0)
(15.100000000000147,674.0)
(15.100000000000147,675.0)
(15.101562500000147,674.0)
(15.103125000000148,674.0)
(15.104687500000146,674.0)
(15.106250000000147,675.0)
(15.107812500000147,675.0)
(15.109375000000147,674.0)
(15.110937500000148,675.0)
(15.112500000000146,675.0)
(15.114062500000147,675.0)
(15.115625000000147,675.0)
(15.117187500000147,675.0)
(15.118750000000148,675.0)
(15.120312500000148,674.0)
(15.121875000000147,675.0)
(15.123437500000147,674.0)
(15.125000000000147,675.0)
(15.125000000000147,673.0)
(15.126562500000148,674.0)
(15.128125000000148,673.0)
(15.129687500000147,674.0)
(15.131250000000147,674.0)
(15.132812500000147,675.0)
(15.134375000000148,674.0)
(15.135937500000148,673.0)
(15.137500000000149,674.0)
(15.139062500000147,674.0)
(15.140625000000147,674.0)
(15.142187500000148,674.0)
(15.143750000000148,674.0)
(15.145312500000149,675.0)
(15.146875000000147,675.0)
(15.148437500000147,674.0)
(15.150000000000148,675.0)
(15.150000000000148,675.0)
(15.151315789473832,675.0)
(15.152631578947517,673.0)
(15.1539473684212,675.0)
(15.155263157894884,674.0)
(15.156578947368569,675.0)
(15.157894736842254,674.0)
(15.159210526315938,674.0)
(15.160526315789621,674.0)
(15.161842105263306,675.0)
(15.16315789473699,673.0)
(15.164473684210675,674.0)
(15.165789473684358,675.0)
(15.167105263158042,674.0)
(15.168421052631727,674.0)
(15.169736842105412,675.0)
(15.171052631579096,675.0)
(15.172368421052779,674.0)
(15.173684210526464,675.0)
(15.175000000000148,675.0)
(15.175000000000148,674.0)
(15.176388888889036,675.0)
(15.177777777777926,675.0)
(15.179166666666815,674.0)
(15.180555555555705,675.0)
(15.181944444444593,674.0)
(15.183333333333481,674.0)
(15.184722222222371,674.0)
(15.18611111111126,674.0)
(15.18750000000015,675.0)
(15.188888888889037,674.0)
(15.190277777777926,675.0)
(15.191666666666816,674.0)
(15.193055555555704,674.0)
(15.194444444444592,675.0)
(15.195833333333482,674.0)
(15.19722222222237,675.0)
(15.19861111111126,674.0)
(15.200000000000149,675.0)
(15.200000000000149,674.0)
(15.201666666666815,675.0)
(15.203333333333482,676.0)
(15.20500000000015,675.0)
(15.206666666666814,675.0)
(15.208333333333481,675.0)
(15.210000000000148,674.0)
(15.211666666666815,674.0)
(15.213333333333482,675.0)
(15.215000000000149,674.0)
(15.216666666666816,674.0)
(15.218333333333483,675.0)
(15.220000000000148,674.0)
(15.221666666666815,674.0)
(15.223333333333482,675.0)
(15.225000000000149,674.0)
(15.225000000000149,674.0)
(15.226666666666816,675.0)
(15.228333333333483,674.0)
(15.23000000000015,674.0)
(15.231666666666815,674.0)
(15.233333333333482,675.0)
(15.235000000000149,675.0)
(15.236666666666816,674.0)
(15.238333333333482,675.0)
(15.24000000000015,674.0)
(15.241666666666816,675.0)
(15.243333333333483,675.0)
(15.245000000000148,675.0)
(15.246666666666815,675.0)
(15.248333333333482,674.0)
(15.25000000000015,675.0)
(15.25000000000015,674.0)
(15.251666666666816,673.0)
(15.253333333333483,675.0)
(15.25500000000015,675.0)
(15.256666666666815,674.0)
(15.258333333333482,674.0)
(15.260000000000149,674.0)
(15.261666666666816,675.0)
(15.263333333333483,675.0)
(15.26500000000015,673.0)
(15.266666666666817,675.0)
(15.268333333333484,674.0)
(15.270000000000149,675.0)
(15.271666666666816,676.0)
(15.273333333333483,675.0)
(15.27500000000015,674.0)
(15.27500000000015,675.0)
(15.27500000000015,675.0)
(15.276470588235444,675.0)
(15.277941176470739,675.0)
(15.279411764706031,675.0)
(15.280882352941326,675.0)
(15.28235294117662,674.0)
(15.283823529411915,675.0)
(15.285294117647208,674.0)
(15.286764705882502,674.0)
(15.288235294117797,675.0)
(15.289705882353092,675.0)
(15.291176470588384,674.0)
(15.292647058823679,675.0)
(15.294117647058973,675.0)
(15.295588235294268,674.0)
(15.29705882352956,675.0)
(15.298529411764855,674.0)
(15.30000000000015,674.0)
(15.30000000000015,674.0)
(15.30500000000015,674.0)
(15.31000000000015,675.0)
(15.31500000000015,675.0)
(15.32000000000015,675.0)
(15.32500000000015,675.0)
(15.32500000000015,674.0)
(15.35000000000015,674.0)
(15.35000000000015,674.0)
(15.353571428571579,675.0)
(15.357142857143009,674.0)
(15.360714285714437,674.0)
(15.364285714285865,675.0)
(15.367857142857293,674.0)
(15.371428571428723,674.0)
(15.375000000000151,675.0)
(15.375000000000151,674.0)
(15.377083333333484,675.0)
(15.379166666666817,674.0)
(15.38125000000015,675.0)
(15.383333333333484,674.0)
(15.385416666666817,675.0)
(15.387500000000152,675.0)
(15.389583333333485,675.0)
(15.391666666666818,674.0)
(15.393750000000152,675.0)
(15.395833333333485,675.0)
(15.397916666666818,675.0)
(15.400000000000151,674.0)
(15.400000000000151,674.0)
(15.400000000000151,674.0)
(15.425000000000152,675.0)
(15.425000000000152,674.0)
(15.427272727272879,675.0)
(15.429545454545606,673.0)
(15.431818181818334,674.0)
(15.434090909091061,674.0)
(15.436363636363788,675.0)
(15.438636363636515,675.0)
(15.440909090909242,673.0)
(15.44318181818197,675.0)
(15.445454545454698,674.0)
(15.447727272727425,674.0)
(15.450000000000152,675.0)
(15.450000000000152,674.0)
(15.450000000000152,675.0)
(15.458333333333485,675.0)
(15.46666666666682,675.0)
(15.475000000000152,674.0)
(15.475000000000152,674.0)
(15.47604166666682,675.0)
(15.477083333333486,675.0)
(15.478125000000153,675.0)
(15.479166666666819,674.0)
(15.480208333333486,674.0)
(15.481250000000152,675.0)
(15.48229166666682,675.0)
(15.483333333333485,676.0)
(15.484375000000153,675.0)
(15.485416666666818,675.0)
(15.486458333333486,673.0)
(15.487500000000153,674.0)
(15.48854166666682,675.0)
(15.489583333333487,675.0)
(15.490625000000152,674.0)
(15.49166666666682,673.0)
(15.492708333333486,674.0)
(15.493750000000153,673.0)
(15.494791666666819,675.0)
(15.495833333333486,675.0)
(15.496875000000152,675.0)
(15.49791666666682,674.0)
(15.498958333333485,675.0)
(15.500000000000153,674.0)
(15.500000000000153,675.0)
(15.508333333333486,675.0)
(15.51666666666682,675.0)
(15.525000000000153,675.0)
(15.525000000000153,675.0)
(15.550000000000153,674.0)
(15.550000000000153,675.0)
(15.552777777777932,675.0)
(15.55555555555571,675.0)
(15.558333333333486,675.0)
(15.561111111111265,675.0)
(15.563888888889043,674.0)
(15.566666666666821,675.0)
(15.569444444444597,674.0)
(15.572222222222376,674.0)
(15.575000000000154,675.0)
(15.575000000000154,674.0)
(15.57619047619063,675.0)
(15.577380952381107,675.0)
(15.578571428571582,675.0)
(15.579761904762059,675.0)
(15.580952380952535,675.0)
(15.582142857143012,674.0)
(15.583333333333487,674.0)
(15.584523809523963,675.0)
(15.58571428571444,675.0)
(15.586904761904917,676.0)
(15.588095238095391,676.0)
(15.589285714285868,676.0)
(15.590476190476345,676.0)
(15.591666666666821,675.0)
(15.592857142857296,675.0)
(15.594047619047773,677.0)
(15.59523809523825,676.0)
(15.596428571428726,677.0)
(15.597619047619201,677.0)
(15.598809523809678,676.0)
(15.600000000000154,677.0)
(15.600000000000154,676.0)
(15.601562500000155,678.0)
(15.603125000000155,677.0)
(15.604687500000153,679.0)
(15.606250000000154,678.0)
(15.607812500000154,678.0)
(15.609375000000155,678.0)
(15.610937500000155,680.0)
(15.612500000000153,678.0)
(15.614062500000154,680.0)
(15.615625000000154,680.0)
(15.617187500000155,679.0)
(15.618750000000155,679.0)
(15.620312500000155,680.0)
(15.621875000000154,679.0)
(15.623437500000154,680.0)
(15.625000000000155,679.0)
(15.625000000000155,679.0)
(15.626470588235449,680.0)
(15.627941176470744,680.0)
(15.629411764706036,680.0)
(15.630882352941331,680.0)
(15.632352941176626,680.0)
(15.63382352941192,680.0)
(15.635294117647213,680.0)
(15.636764705882507,680.0)
(15.638235294117802,680.0)
(15.639705882353097,680.0)
(15.64117647058839,680.0)
(15.642647058823684,680.0)
(15.644117647058978,680.0)
(15.645588235294273,680.0)
(15.647058823529566,680.0)
(15.64852941176486,680.0)
(15.650000000000155,680.0)
(15.650000000000155,680.0)
(15.651666666666822,680.0)
(15.653333333333489,680.0)
(15.655000000000156,681.0)
(15.65666666666682,680.0)
(15.658333333333488,680.0)
(15.660000000000155,679.0)
(15.661666666666822,680.0)
(15.663333333333489,680.0)
(15.665000000000155,680.0)
(15.666666666666822,680.0)
(15.66833333333349,681.0)
(15.670000000000154,681.0)
(15.671666666666821,680.0)
(15.673333333333488,680.0)
(15.675000000000155,682.0)
(15.675000000000155,680.0)
(15.675000000000155,680.0)
(15.67647058823545,680.0)
(15.677941176470744,681.0)
(15.679411764706037,681.0)
(15.680882352941332,681.0)
(15.682352941176626,680.0)
(15.68382352941192,680.0)
(15.685294117647214,682.0)
(15.686764705882508,680.0)
(15.688235294117803,681.0)
(15.689705882353097,681.0)
(15.69117647058839,683.0)
(15.692647058823685,681.0)
(15.69411764705898,681.0)
(15.695588235294274,681.0)
(15.697058823529566,681.0)
(15.698529411764861,682.0)
(15.700000000000156,680.0)
(15.700000000000156,681.0)
(15.701388888889044,682.0)
(15.702777777777934,681.0)
(15.704166666666822,682.0)
(15.705555555555712,682.0)
(15.7069444444446,682.0)
(15.708333333333488,683.0)
(15.709722222222378,683.0)
(15.711111111111267,683.0)
(15.712500000000155,683.0)
(15.713888888889045,684.0)
(15.715277777777933,683.0)
(15.716666666666823,685.0)
(15.718055555555711,684.0)
(15.7194444444446,685.0)
(15.72083333333349,684.0)
(15.722222222222378,684.0)
(15.723611111111268,684.0)
(15.725000000000156,684.0)
(15.725000000000156,683.0)
(15.726923076923233,684.0)
(15.72884615384631,685.0)
(15.730769230769386,684.0)
(15.732692307692464,684.0)
(15.734615384615541,684.0)
(15.736538461538618,685.0)
(15.738461538461694,683.0)
(15.740384615384771,685.0)
(15.742307692307849,685.0)
(15.744230769230926,684.0)
(15.746153846154002,685.0)
(15.748076923077079,685.0)
(15.750000000000156,684.0)
(15.750000000000156,685.0)
(15.750000000000156,685.0)
(15.751562500000157,686.0)
(15.753125000000157,684.0)
(15.754687500000156,685.0)
(15.756250000000156,685.0)
(15.757812500000156,685.0)
(15.759375000000157,685.0)
(15.760937500000157,687.0)
(15.762500000000156,687.0)
(15.764062500000156,686.0)
(15.765625000000156,686.0)
(15.767187500000157,687.0)
(15.768750000000157,687.0)
(15.770312500000157,686.0)
(15.771875000000156,688.0)
(15.773437500000156,688.0)
(15.775000000000157,688.0)
(15.775000000000157,689.0)
(15.776315789473841,687.0)
(15.777631578947526,688.0)
(15.778947368421209,688.0)
(15.780263157894893,687.0)
(15.781578947368578,688.0)
(15.782894736842263,688.0)
(15.784210526315947,690.0)
(15.78552631578963,689.0)
(15.786842105263315,690.0)
(15.788157894737,689.0)
(15.789473684210684,689.0)
(15.790789473684367,690.0)
(15.792105263158051,689.0)
(15.793421052631736,689.0)
(15.79473684210542,689.0)
(15.796052631579105,691.0)
(15.797368421052788,689.0)
(15.798684210526472,689.0)
(15.800000000000157,690.0)
(15.800000000000157,689.0)
(15.806250000000157,690.0)
(15.812500000000156,690.0)
(15.818750000000158,689.0)
(15.825000000000157,689.0)
(15.825000000000157,690.0)
(15.850000000000158,691.0)
(15.850000000000158,691.0)
(15.853571428571586,689.0)
(15.857142857143016,691.0)
(15.860714285714444,690.0)
(15.864285714285872,690.0)
(15.8678571428573,690.0)
(15.87142857142873,690.0)
(15.875000000000158,691.0)
(15.875000000000158,691.0)
(15.876562500000158,689.0)
(15.878125000000159,691.0)
(15.879687500000157,690.0)
(15.881250000000158,689.0)
(15.882812500000158,690.0)
(15.884375000000158,690.0)
(15.885937500000159,692.0)
(15.88750000000016,690.0)
(15.889062500000158,690.0)
(15.890625000000158,690.0)
(15.892187500000158,690.0)
(15.893750000000159,690.0)
(15.89531250000016,690.0)
(15.896875000000158,690.0)
(15.898437500000158,690.0)
(15.900000000000158,690.0)
(15.900000000000158,691.0)
(15.901785714285873,690.0)
(15.903571428571587,690.0)
(15.905357142857302,690.0)
(15.907142857143016,691.0)
(15.90892857142873,690.0)
(15.910714285714445,691.0)
(15.912500000000158,692.0)
(15.914285714285873,691.0)
(15.916071428571588,691.0)
(15.9178571428573,690.0)
(15.919642857143016,689.0)
(15.92142857142873,690.0)
(15.923214285714444,692.0)
(15.925000000000159,690.0)
(15.925000000000159,690.0)
(15.926470588235453,691.0)
(15.927941176470748,690.0)
(15.92941176470604,691.0)
(15.930882352941335,690.0)
(15.93235294117663,691.0)
(15.933823529411924,691.0)
(15.935294117647217,691.0)
(15.936764705882512,690.0)
(15.938235294117806,690.0)
(15.9397058823531,690.0)
(15.941176470588394,689.0)
(15.942647058823688,690.0)
(15.944117647058983,690.0)
(15.945588235294277,690.0)
(15.94705882352957,691.0)
(15.948529411764865,691.0)
(15.95000000000016,690.0)
(15.95000000000016,690.0)
(15.95156250000016,690.0)
(15.95312500000016,690.0)
(15.954687500000158,690.0)
(15.956250000000159,691.0)
(15.95781250000016,691.0)
(15.95937500000016,692.0)
(15.96093750000016,691.0)
(15.962500000000158,691.0)
(15.964062500000159,690.0)
(15.96562500000016,690.0)
(15.96718750000016,690.0)
(15.96875000000016,691.0)
(15.97031250000016,691.0)
(15.971875000000159,690.0)
(15.97343750000016,692.0)
(15.97500000000016,691.0)
(15.97500000000016,691.0)
(15.97656250000016,691.0)
(15.97812500000016,690.0)
(15.979687500000159,691.0)
(15.98125000000016,692.0)
(15.98281250000016,691.0)
(15.98437500000016,691.0)
(15.98593750000016,691.0)
(15.98750000000016,691.0)
(15.98906250000016,691.0)
(15.99062500000016,691.0)
(15.99218750000016,691.0)
(15.99375000000016,691.0)
(15.99531250000016,691.0)
(15.99687500000016,691.0)
(15.99843750000016,691.0)
(16.00000000000016,690.0)
(16.00000000000016,691.0)
(16.006250000000158,691.0)
(16.01250000000016,690.0)
(16.01875000000016,690.0)
(16.02500000000016,691.0)
(16.02500000000016,690.0)
(16.02750000000016,691.0)
(16.030000000000157,690.0)
(16.03250000000016,691.0)
(16.035000000000156,691.0)
(16.037500000000158,690.0)
(16.04000000000016,690.0)
(16.042500000000157,690.0)
(16.045000000000158,691.0)
(16.047500000000156,691.0)
(16.050000000000157,691.0)
(16.050000000000157,691.0)
(16.051666666666822,690.0)
(16.05333333333349,689.0)
(16.055000000000156,689.0)
(16.056666666666825,690.0)
(16.05833333333349,691.0)
(16.060000000000155,690.0)
(16.061666666666824,691.0)
(16.06333333333349,691.0)
(16.065000000000158,691.0)
(16.066666666666823,690.0)
(16.068333333333488,690.0)
(16.070000000000157,692.0)
(16.07166666666682,691.0)
(16.07333333333349,691.0)
(16.075000000000156,691.0)
(16.075000000000156,690.0)
(16.076250000000154,691.0)
(16.077500000000157,691.0)
(16.078750000000156,691.0)
(16.080000000000155,691.0)
(16.081250000000153,691.0)
(16.082500000000156,690.0)
(16.083750000000155,690.0)
(16.085000000000154,690.0)
(16.086250000000156,691.0)
(16.087500000000155,691.0)
(16.088750000000154,689.0)
(16.090000000000156,691.0)
(16.091250000000155,690.0)
(16.092500000000154,691.0)
(16.093750000000156,691.0)
(16.095000000000155,690.0)
(16.096250000000154,691.0)
(16.097500000000153,691.0)
(16.098750000000155,691.0)
(16.100000000000154,692.0)
(16.100000000000154,690.0)
(16.101562500000153,691.0)
(16.103125000000155,690.0)
(16.104687500000153,690.0)
(16.106250000000152,691.0)
(16.107812500000154,690.0)
(16.109375000000153,690.0)
(16.110937500000155,690.0)
(16.112500000000153,690.0)
(16.114062500000152,691.0)
(16.115625000000154,691.0)
(16.117187500000153,691.0)
(16.118750000000155,692.0)
(16.120312500000153,690.0)
(16.121875000000152,690.0)
(16.123437500000154,690.0)
(16.125000000000153,690.0)
(16.125000000000153,691.0)
(16.126785714285866,691.0)
(16.128571428571583,692.0)
(16.130357142857296,691.0)
(16.13214285714301,691.0)
(16.133928571428722,691.0)
(16.13571428571444,691.0)
(16.137500000000152,691.0)
(16.139285714285865,690.0)
(16.141071428571582,692.0)
(16.142857142857295,690.0)
(16.14464285714301,691.0)
(16.14642857142872,690.0)
(16.148214285714438,691.0)
(16.15000000000015,690.0)
(16.15000000000015,691.0)
(16.15000000000015,690.0)
(16.151666666666816,692.0)
(16.153333333333485,692.0)
(16.15500000000015,691.0)
(16.15666666666682,691.0)
(16.158333333333484,691.0)
(16.16000000000015,690.0)
(16.161666666666818,690.0)
(16.163333333333483,691.0)
(16.165000000000152,691.0)
(16.166666666666817,691.0)
(16.168333333333482,691.0)
(16.17000000000015,691.0)
(16.171666666666816,692.0)
(16.173333333333485,691.0)
(16.17500000000015,691.0)
(16.17500000000015,691.0)
(16.17656250000015,691.0)
(16.17812500000015,690.0)
(16.17968750000015,690.0)
(16.181250000000148,691.0)
(16.18281250000015,691.0)
(16.18437500000015,690.0)
(16.18593750000015,690.0)
(16.18750000000015,690.0)
(16.189062500000148,689.0)
(16.19062500000015,688.0)
(16.19218750000015,689.0)
(16.19375000000015,687.0)
(16.19531250000015,688.0)
(16.196875000000148,687.0)
(16.19843750000015,686.0)
(16.20000000000015,686.0)
(16.20000000000015,686.0)
(16.20138888888904,686.0)
(16.202777777777925,687.0)
(16.204166666666815,685.0)
(16.205555555555705,685.0)
(16.20694444444459,686.0)
(16.20833333333348,685.0)
(16.20972222222237,685.0)
(16.211111111111258,685.0)
(16.212500000000148,684.0)
(16.213888888889038,684.0)
(16.215277777777924,685.0)
(16.216666666666814,685.0)
(16.218055555555704,685.0)
(16.21944444444459,685.0)
(16.22083333333348,684.0)
(16.22222222222237,684.0)
(16.223611111111257,683.0)
(16.225000000000147,685.0)
(16.225000000000147,684.0)
(16.226666666666812,684.0)
(16.22833333333348,681.0)
(16.230000000000146,682.0)
(16.231666666666815,684.0)
(16.23333333333348,682.0)
(16.235000000000145,683.0)
(16.236666666666814,682.0)
(16.23833333333348,680.0)
(16.240000000000148,681.0)
(16.241666666666813,680.0)
(16.243333333333478,682.0)
(16.245000000000147,680.0)
(16.246666666666812,680.0)
(16.24833333333348,680.0)
(16.250000000000146,680.0)
(16.250000000000146,680.0)
(16.251190476190622,680.0)
(16.2523809523811,680.0)
(16.253571428571576,680.0)
(16.25476190476205,680.0)
(16.255952380952525,680.0)
(16.257142857143002,679.0)
(16.25833333333348,680.0)
(16.259523809523955,680.0)
(16.260714285714432,680.0)
(16.26190476190491,679.0)
(16.26309523809538,679.0)
(16.264285714285858,680.0)
(16.265476190476335,678.0)
(16.26666666666681,680.0)
(16.267857142857288,676.0)
(16.269047619047765,678.0)
(16.27023809523824,677.0)
(16.271428571428714,676.0)
(16.27261904761919,678.0)
(16.273809523809668,676.0)
(16.275000000000144,677.0)
(16.275000000000144,676.0)
(16.276562500000143,677.0)
(16.278125000000145,677.0)
(16.279687500000144,676.0)
(16.281250000000142,676.0)
(16.282812500000144,676.0)
(16.284375000000143,676.0)
(16.285937500000145,676.0)
(16.287500000000144,676.0)
(16.289062500000142,676.0)
(16.290625000000144,675.0)
(16.292187500000143,676.0)
(16.293750000000145,675.0)
(16.295312500000144,676.0)
(16.296875000000142,676.0)
(16.298437500000144,676.0)
(16.300000000000143,676.0)
(16.300000000000143,677.0)
(16.301136363636505,676.0)
(16.30227272727287,676.0)
(16.303409090909234,676.0)
(16.304545454545597,676.0)
(16.30568181818196,676.0)
(16.306818181818326,676.0)
(16.307954545454688,676.0)
(16.30909090909105,676.0)
(16.310227272727413,676.0)
(16.31136363636378,676.0)
(16.312500000000142,675.0)
(16.313636363636505,676.0)
(16.31477272727287,677.0)
(16.315909090909233,675.0)
(16.317045454545596,676.0)
(16.31818181818196,676.0)
(16.319318181818325,676.0)
(16.320454545454687,676.0)
(16.32159090909105,676.0)
(16.322727272727413,676.0)
(16.32386363636378,676.0)
(16.32500000000014,675.0)
(16.32500000000014,676.0)
(16.326041666666807,675.0)
(16.327083333333476,676.0)
(16.328125000000142,675.0)
(16.329166666666808,676.0)
(16.330208333333474,676.0)
(16.33125000000014,675.0)
(16.33229166666681,676.0)
(16.333333333333474,676.0)
(16.33437500000014,677.0)
(16.33541666666681,677.0)
(16.336458333333475,676.0)
(16.33750000000014,676.0)
(16.338541666666806,675.0)
(16.339583333333472,675.0)
(16.34062500000014,675.0)
(16.341666666666807,676.0)
(16.342708333333473,675.0)
(16.343750000000142,675.0)
(16.344791666666808,676.0)
(16.345833333333474,675.0)
(16.34687500000014,676.0)
(16.347916666666805,675.0)
(16.348958333333474,676.0)
(16.35000000000014,676.0)
(16.35000000000014,676.0)
(16.351470588235433,675.0)
(16.35294117647073,676.0)
(16.354411764706022,676.0)
(16.355882352941315,675.0)
(16.35735294117661,676.0)
(16.358823529411904,676.0)
(16.360294117647197,675.0)
(16.361764705882493,675.0)
(16.363235294117786,676.0)
(16.364705882353082,676.0)
(16.366176470588375,674.0)
(16.367647058823668,675.0)
(16.369117647058964,676.0)
(16.370588235294257,675.0)
(16.37205882352955,675.0)
(16.373529411764846,675.0)
(16.37500000000014,675.0)
(16.37500000000014,675.0)
(16.376250000000137,675.0)
(16.37750000000014,675.0)
(16.37875000000014,675.0)
(16.380000000000138,676.0)
(16.381250000000136,676.0)
(16.38250000000014,675.0)
(16.383750000000138,676.0)
(16.385000000000137,676.0)
(16.38625000000014,675.0)
(16.387500000000138,676.0)
(16.388750000000137,674.0)
(16.39000000000014,675.0)
(16.391250000000138,675.0)
(16.392500000000137,676.0)
(16.39375000000014,675.0)
(16.395000000000138,675.0)
(16.396250000000137,675.0)
(16.397500000000136,675.0)
(16.39875000000014,675.0)
(16.400000000000137,675.0)
(16.400000000000137,676.0)
(16.401666666666802,675.0)
(16.40333333333347,675.0)
(16.405000000000136,675.0)
(16.406666666666805,675.0)
(16.40833333333347,675.0)
(16.410000000000135,675.0)
(16.411666666666804,676.0)
(16.41333333333347,675.0)
(16.415000000000138,675.0)
(16.416666666666803,675.0)
(16.418333333333468,674.0)
(16.420000000000137,675.0)
(16.421666666666802,675.0)
(16.42333333333347,675.0)
(16.425000000000136,676.0)
(16.425000000000136,675.0)
(16.426250000000135,675.0)
(16.427500000000137,676.0)
(16.428750000000136,675.0)
(16.430000000000135,676.0)
(16.431250000000134,676.0)
(16.432500000000136,675.0)
(16.433750000000135,675.0)
(16.435000000000134,675.0)
(16.436250000000136,675.0)
(16.437500000000135,675.0)
(16.438750000000134,675.0)
(16.440000000000136,675.0)
(16.441250000000135,676.0)
(16.442500000000134,674.0)
(16.443750000000136,674.0)
(16.445000000000135,675.0)
(16.446250000000134,675.0)
(16.447500000000133,676.0)
(16.448750000000135,675.0)
(16.450000000000134,675.0)
(16.450000000000134,675.0)
(16.451388888889024,675.0)
(16.45277777777791,674.0)
(16.4541666666668,674.0)
(16.45555555555569,675.0)
(16.456944444444577,675.0)
(16.458333333333467,676.0)
(16.459722222222357,675.0)
(16.461111111111244,674.0)
(16.462500000000134,674.0)
(16.463888888889024,675.0)
(16.46527777777791,675.0)
(16.4666666666668,676.0)
(16.46805555555569,675.0)
(16.469444444444576,674.0)
(16.470833333333466,676.0)
(16.472222222222356,675.0)
(16.473611111111243,674.0)
(16.475000000000133,675.0)
(16.475000000000133,675.0)
(16.475000000000133,675.0)
(16.476470588235426,675.0)
(16.477941176470722,675.0)
(16.479411764706015,675.0)
(16.480882352941308,675.0)
(16.482352941176604,675.0)
(16.483823529411897,675.0)
(16.48529411764719,675.0)
(16.486764705882486,674.0)
(16.48823529411778,675.0)
(16.489705882353075,675.0)
(16.491176470588368,676.0)
(16.49264705882366,674.0)
(16.494117647058957,674.0)
(16.49558823529425,675.0)
(16.497058823529542,674.0)
(16.49852941176484,674.0)
(16.50000000000013,674.0)
(16.50000000000013,674.0)
(16.50096153846167,674.0)
(16.50192307692321,675.0)
(16.502884615384747,674.0)
(16.503846153846286,674.0)
(16.504807692307825,675.0)
(16.505769230769364,675.0)
(16.5067307692309,676.0)
(16.507692307692437,675.0)
(16.508653846153976,676.0)
(16.509615384615515,675.0)
(16.510576923077053,675.0)
(16.511538461538592,675.0)
(16.51250000000013,675.0)
(16.51346153846167,675.0)
(16.514423076923208,674.0)
(16.515384615384747,675.0)
(16.516346153846285,674.0)
(16.517307692307824,675.0)
(16.518269230769363,674.0)
(16.519230769230898,675.0)
(16.520192307692437,675.0)
(16.521153846153975,675.0)
(16.522115384615514,676.0)
(16.523076923077053,675.0)
(16.52403846153859,675.0)
(16.52500000000013,674.0)
(16.52500000000013,675.0)
(16.52656250000013,676.0)
(16.52812500000013,675.0)
(16.52968750000013,674.0)
(16.531250000000128,675.0)
(16.53281250000013,675.0)
(16.53437500000013,676.0)
(16.53593750000013,674.0)
(16.53750000000013,674.0)
(16.539062500000128,675.0)
(16.54062500000013,675.0)
(16.54218750000013,675.0)
(16.54375000000013,675.0)
(16.54531250000013,675.0)
(16.546875000000128,674.0)
(16.54843750000013,675.0)
(16.55000000000013,676.0)
(16.55000000000013,674.0)
(16.551923076923206,675.0)
(16.553846153846283,675.0)
(16.55576923076936,675.0)
(16.557692307692434,674.0)
(16.559615384615512,675.0)
(16.56153846153859,675.0)
(16.563461538461667,675.0)
(16.565384615384744,675.0)
(16.56730769230782,675.0)
(16.569230769230895,675.0)
(16.571153846153972,674.0)
(16.57307692307705,675.0)
(16.575000000000127,674.0)
(16.575000000000127,675.0)
(16.579166666666794,675.0)
(16.58333333333346,675.0)
(16.587500000000126,676.0)
(16.591666666666793,674.0)
(16.59583333333346,675.0)
(16.600000000000126,674.0)
(16.600000000000126,675.0)
(16.600000000000126,675.0)
(16.603125000000126,675.0)
(16.606250000000124,675.0)
(16.609375000000124,675.0)
(16.612500000000125,675.0)
(16.615625000000126,675.0)
(16.618750000000126,674.0)
(16.621875000000124,675.0)
(16.625000000000124,675.0)
(16.625000000000124,675.0)
(16.626250000000123,675.0)
(16.627500000000126,673.0)
(16.628750000000124,675.0)
(16.630000000000123,675.0)
(16.631250000000122,675.0)
(16.632500000000125,675.0)
(16.633750000000123,675.0)
(16.635000000000122,675.0)
(16.636250000000125,675.0)
(16.637500000000124,675.0)
(16.638750000000122,675.0)
(16.640000000000125,675.0)
(16.641250000000124,674.0)
(16.642500000000123,674.0)
(16.643750000000125,675.0)
(16.645000000000124,676.0)
(16.646250000000123,675.0)
(16.64750000000012,675.0)
(16.648750000000124,675.0)
(16.650000000000123,675.0)
(16.650000000000123,675.0)
(16.651666666666788,675.0)
(16.653333333333457,676.0)
(16.655000000000122,675.0)
(16.65666666666679,675.0)
(16.658333333333456,675.0)
(16.66000000000012,675.0)
(16.66166666666679,674.0)
(16.663333333333455,675.0)
(16.665000000000123,675.0)
(16.66666666666679,675.0)
(16.668333333333454,675.0)
(16.670000000000122,675.0)
(16.671666666666788,674.0)
(16.673333333333456,674.0)
(16.67500000000012,675.0)
(16.67500000000012,675.0)
(16.67638888888901,674.0)
(16.677777777777898,675.0)
(16.679166666666788,674.0)
(16.680555555555678,676.0)
(16.681944444444564,675.0)
(16.683333333333454,676.0)
(16.684722222222344,675.0)
(16.68611111111123,675.0)
(16.68750000000012,675.0)
(16.68888888888901,675.0)
(16.690277777777897,675.0)
(16.691666666666787,674.0)
(16.693055555555677,675.0)
(16.694444444444564,675.0)
(16.695833333333454,675.0)
(16.697222222222344,676.0)
(16.69861111111123,675.0)
(16.70000000000012,675.0)
(16.70000000000012,675.0)
(16.701666666666785,675.0)
(16.703333333333454,675.0)
(16.70500000000012,675.0)
(16.706666666666788,674.0)
(16.708333333333453,675.0)
(16.710000000000118,675.0)
(16.711666666666787,675.0)
(16.713333333333452,675.0)
(16.71500000000012,674.0)
(16.716666666666786,674.0)
(16.71833333333345,674.0)
(16.72000000000012,675.0)
(16.721666666666785,674.0)
(16.723333333333454,675.0)
(16.72500000000012,674.0)
(16.72500000000012,674.0)
(16.726785714285832,675.0)
(16.72857142857155,675.0)
(16.73035714285726,675.0)
(16.732142857142975,674.0)
(16.733928571428688,675.0)
(16.735714285714405,674.0)
(16.737500000000118,675.0)
(16.73928571428583,675.0)
(16.741071428571548,674.0)
(16.74285714285726,674.0)
(16.744642857142974,675.0)
(16.746428571428687,675.0)
(16.748214285714404,674.0)
(16.750000000000117,675.0)
(16.750000000000117,674.0)
(16.75178571428583,675.0)
(16.753571428571547,674.0)
(16.75535714285726,675.0)
(16.757142857142973,675.0)
(16.758928571428687,674.0)
(16.760714285714403,674.0)
(16.762500000000117,675.0)
(16.76428571428583,675.0)
(16.766071428571546,674.0)
(16.76785714285726,675.0)
(16.769642857142973,674.0)
(16.771428571428686,674.0)
(16.773214285714403,675.0)
(16.775000000000116,674.0)
(16.775000000000116,675.0)
(16.776562500000114,675.0)
(16.778125000000117,675.0)
(16.779687500000115,674.0)
(16.781250000000114,674.0)
(16.782812500000116,674.0)
(16.784375000000114,674.0)
(16.785937500000117,675.0)
(16.787500000000115,675.0)
(16.789062500000114,675.0)
(16.790625000000116,674.0)
(16.792187500000114,675.0)
(16.793750000000117,675.0)
(16.795312500000115,674.0)
(16.796875000000114,674.0)
(16.798437500000116,674.0)
(16.800000000000114,675.0)
(16.800000000000114,674.0)
(16.801785714285828,674.0)
(16.803571428571544,675.0)
(16.805357142857257,675.0)
(16.80714285714297,674.0)
(16.808928571428684,676.0)
(16.8107142857144,675.0)
(16.812500000000114,675.0)
(16.814285714285827,674.0)
(16.816071428571544,675.0)
(16.817857142857257,674.0)
(16.81964285714297,675.0)
(16.821428571428683,673.0)
(16.8232142857144,675.0)
(16.825000000000113,674.0)
(16.825000000000113,676.0)
(16.826315789473796,675.0)
(16.827631578947482,675.0)
(16.828947368421165,674.0)
(16.830263157894848,675.0)
(16.831578947368534,674.0)
(16.832894736842217,676.0)
(16.834210526315903,674.0)
(16.835526315789586,675.0)
(16.83684210526327,675.0)
(16.838157894736955,674.0)
(16.83947368421064,674.0)
(16.84078947368432,674.0)
(16.842105263158007,675.0)
(16.84342105263169,674.0)
(16.844736842105377,675.0)
(16.84605263157906,675.0)
(16.847368421052742,674.0)
(16.84868421052643,674.0)
(16.85000000000011,675.0)
(16.85000000000011,675.0)
(16.851785714285825,674.0)
(16.85357142857154,674.0)
(16.855357142857255,674.0)
(16.857142857142968,674.0)
(16.85892857142868,674.0)
(16.860714285714398,674.0)
(16.86250000000011,675.0)
(16.864285714285824,674.0)
(16.86607142857154,675.0)
(16.867857142857254,674.0)
(16.869642857142967,674.0)
(16.87142857142868,675.0)
(16.873214285714397,675.0)
(16.87500000000011,675.0)
(16.87500000000011,675.0)
(16.876190476190587,674.0)
(16.877380952381063,674.0)
(16.87857142857154,675.0)
(16.879761904762013,674.0)
(16.88095238095249,674.0)
(16.882142857142966,675.0)
(16.883333333333443,674.0)
(16.88452380952392,676.0)
(16.885714285714396,676.0)
(16.886904761904873,675.0)
(16.888095238095346,674.0)
(16.889285714285823,675.0)
(16.8904761904763,674.0)
(16.891666666666776,675.0)
(16.892857142857252,675.0)
(16.89404761904773,674.0)
(16.895238095238206,675.0)
(16.89642857142868,675.0)
(16.897619047619155,675.0)
(16.898809523809632,675.0)
(16.90000000000011,674.0)
(16.90000000000011,675.0)
(16.901562500000107,675.0)
(16.90312500000011,674.0)
(16.904687500000108,675.0)
(16.906250000000107,675.0)
(16.90781250000011,674.0)
(16.909375000000107,676.0)
(16.91093750000011,675.0)
(16.912500000000108,675.0)
(16.914062500000107,675.0)
(16.91562500000011,675.0)
(16.917187500000107,675.0)
(16.91875000000011,675.0)
(16.920312500000108,675.0)
(16.921875000000107,674.0)
(16.92343750000011,675.0)
(16.925000000000107,675.0)
(16.925000000000107,675.0)
(16.92678571428582,674.0)
(16.928571428571537,675.0)
(16.93035714285725,675.0)
(16.932142857142964,674.0)
(16.933928571428677,675.0)
(16.935714285714393,674.0)
(16.937500000000107,676.0)
(16.93928571428582,674.0)
(16.941071428571536,674.0)
(16.94285714285725,675.0)
(16.944642857142963,673.0)
(16.946428571428676,675.0)
(16.948214285714393,675.0)
(16.950000000000106,675.0)
(16.950000000000106,675.0)
(16.975000000000104,675.0)
(16.975000000000104,674.0)
(16.976315789473787,675.0)
(16.977631578947474,675.0)
(16.978947368421156,674.0)
(16.98026315789484,675.0)
(16.981578947368526,675.0)
(16.98289473684221,674.0)
(16.984210526315895,674.0)
(16.985526315789578,674.0)
(16.98684210526326,675.0)
(16.988157894736947,675.0)
(16.98947368421063,675.0)
(16.990789473684313,674.0)
(16.992105263158,674.0)
(16.993421052631682,674.0)
(16.994736842105368,675.0)
(16.99605263157905,674.0)
(16.997368421052734,674.0)
(16.99868421052642,675.0)
(17.000000000000103,674.0)
(17.000000000000103,674.0)
(17.001315789473786,675.0)
(17.002631578947472,675.0)
(17.003947368421155,674.0)
(17.005263157894838,674.0)
(17.006578947368524,675.0)
(17.007894736842207,674.0)
(17.009210526315893,674.0)
(17.010526315789576,674.0)
(17.01184210526326,673.0)
(17.013157894736946,675.0)
(17.01447368421063,674.0)
(17.01578947368431,676.0)
(17.017105263157998,676.0)
(17.01842105263168,675.0)
(17.019736842105367,675.0)
(17.02105263157905,674.0)
(17.022368421052732,675.0)
(17.02368421052642,676.0)
(17.0250000000001,675.0)
(17.0250000000001,674.0)
(17.0265625000001,675.0)
(17.028125000000102,674.0)
(17.0296875000001,675.0)
(17.0312500000001,674.0)
(17.0328125000001,675.0)
(17.0343750000001,675.0)
(17.035937500000102,675.0)
(17.0375000000001,675.0)
(17.0390625000001,675.0)
(17.0406250000001,674.0)
(17.0421875000001,675.0)
(17.043750000000102,674.0)
(17.0453125000001,675.0)
(17.0468750000001,675.0)
(17.0484375000001,675.0)
(17.0500000000001,675.0)
(17.0500000000001,675.0)
(17.051470588235393,675.0)
(17.05294117647069,675.0)
(17.054411764705982,674.0)
(17.055882352941275,675.0)
(17.05735294117657,675.0)
(17.058823529411864,675.0)
(17.060294117647157,675.0)
(17.061764705882453,675.0)
(17.063235294117746,674.0)
(17.064705882353042,674.0)
(17.066176470588335,675.0)
(17.067647058823628,675.0)
(17.069117647058924,676.0)
(17.070588235294217,675.0)
(17.07205882352951,675.0)
(17.073529411764806,675.0)
(17.0750000000001,674.0)
(17.0750000000001,675.0)
(17.076666666666764,674.0)
(17.078333333333433,675.0)
(17.080000000000098,674.0)
(17.081666666666766,674.0)
(17.08333333333343,674.0)
(17.085000000000097,675.0)
(17.086666666666765,674.0)
(17.08833333333343,674.0)
(17.0900000000001,674.0)
(17.091666666666764,674.0)
(17.09333333333343,675.0)
(17.0950000000001,675.0)
(17.096666666666763,674.0)
(17.098333333333432,674.0)
(17.100000000000097,674.0)
(17.100000000000097,674.0)
(17.10131578947378,674.0)
(17.102631578947467,675.0)
(17.10394736842115,675.0)
(17.105263157894832,675.0)
(17.10657894736852,674.0)
(17.1078947368422,675.0)
(17.109210526315888,675.0)
(17.11052631578957,675.0)
(17.111842105263253,675.0)
(17.11315789473694,674.0)
(17.114473684210623,675.0)
(17.115789473684305,675.0)
(17.117105263157992,675.0)
(17.118421052631675,676.0)
(17.11973684210536,675.0)
(17.121052631579044,675.0)
(17.122368421052727,675.0)
(17.123684210526413,674.0)
(17.125000000000096,674.0)
(17.125000000000096,675.0)
(17.12666666666676,675.0)
(17.12833333333343,675.0)
(17.130000000000095,674.0)
(17.131666666666764,675.0)
(17.13333333333343,675.0)
(17.135000000000094,675.0)
(17.136666666666763,673.0)
(17.138333333333428,675.0)
(17.140000000000096,674.0)
(17.14166666666676,675.0)
(17.143333333333427,675.0)
(17.145000000000095,676.0)
(17.14666666666676,675.0)
(17.14833333333343,674.0)
(17.150000000000095,674.0)
(17.150000000000095,675.0)
(17.151785714285808,674.0)
(17.153571428571524,676.0)
(17.155357142857238,674.0)
(17.15714285714295,674.0)
(17.158928571428664,675.0)
(17.16071428571438,675.0)
(17.162500000000094,675.0)
(17.164285714285807,674.0)
(17.166071428571524,674.0)
(17.167857142857237,675.0)
(17.16964285714295,674.0)
(17.171428571428663,674.0)
(17.17321428571438,674.0)
(17.175000000000093,675.0)
(17.175000000000093,675.0)
(17.176315789473776,675.0)
(17.177631578947462,674.0)
(17.178947368421145,675.0)
(17.180263157894828,675.0)
(17.181578947368514,674.0)
(17.182894736842197,675.0)
(17.184210526315884,675.0)
(17.185526315789566,674.0)
(17.18684210526325,675.0)
(17.188157894736936,674.0)
(17.18947368421062,674.0)
(17.1907894736843,674.0)
(17.192105263157988,675.0)
(17.19342105263167,674.0)
(17.194736842105357,674.0)
(17.19605263157904,675.0)
(17.197368421052722,674.0)
(17.19868421052641,675.0)
(17.20000000000009,674.0)
(17.20000000000009,675.0)
(17.202083333333427,675.0)
(17.204166666666758,675.0)
(17.20625000000009,675.0)
(17.208333333333425,674.0)
(17.21041666666676,675.0)
(17.21250000000009,675.0)
(17.214583333333422,674.0)
(17.216666666666757,674.0)
(17.218750000000092,674.0)
(17.220833333333424,675.0)
(17.222916666666755,675.0)
(17.22500000000009,676.0)
(17.22500000000009,675.0)
(17.25000000000009,675.0)
(17.25000000000009,674.0)
(17.25000000000009,675.0)
(17.25138888888898,674.0)
(17.252777777777865,675.0)
(17.254166666666755,675.0)
(17.255555555555645,675.0)
(17.25694444444453,675.0)
(17.25833333333342,674.0)
(17.25972222222231,675.0)
(17.261111111111198,675.0)
(17.262500000000088,674.0)
(17.263888888888978,675.0)
(17.265277777777865,676.0)
(17.266666666666755,675.0)
(17.268055555555645,675.0)
(17.26944444444453,674.0)
(17.27083333333342,673.0)
(17.27222222222231,674.0)
(17.273611111111197,675.0)
(17.275000000000087,674.0)
(17.275000000000087,675.0)
(17.2767857142858,675.0)
(17.278571428571517,674.0)
(17.28035714285723,674.0)
(17.282142857142944,674.0)
(17.283928571428657,675.0)
(17.285714285714374,674.0)
(17.287500000000087,675.0)
(17.2892857142858,675.0)
(17.291071428571517,675.0)
(17.29285714285723,674.0)
(17.294642857142943,675.0)
(17.296428571428656,674.0)
(17.298214285714373,674.0)
(17.300000000000086,674.0)
(17.300000000000086,675.0)
(17.300000000000086,674.0)
(17.302272727272815,674.0)
(17.30454545454554,674.0)
(17.30681818181827,674.0)
(17.309090909090994,675.0)
(17.311363636363723,675.0)
(17.313636363636448,674.0)
(17.315909090909177,675.0)
(17.318181818181902,674.0)
(17.32045454545463,674.0)
(17.322727272727356,675.0)
(17.325000000000085,673.0)
(17.325000000000085,675.0)
(17.325000000000085,675.0)
(17.330000000000084,674.0)
(17.335000000000083,675.0)
(17.340000000000085,674.0)
(17.345000000000084,674.0)
(17.350000000000083,674.0)
(17.350000000000083,674.0)
(17.358333333333416,675.0)
(17.36666666666675,674.0)
(17.37500000000008,674.0)
(17.37500000000008,674.0)
(17.38750000000008,673.0)
(17.40000000000008,675.0)
(17.40000000000008,675.0)
(17.40312500000008,674.0)
(17.406250000000078,675.0)
(17.40937500000008,675.0)
(17.41250000000008,674.0)
(17.41562500000008,675.0)
(17.41875000000008,675.0)
(17.421875000000078,675.0)
(17.42500000000008,674.0)
(17.42500000000008,674.0)
(17.426666666666744,675.0)
(17.428333333333413,674.0)
(17.430000000000078,675.0)
(17.431666666666747,675.0)
(17.43333333333341,675.0)
(17.435000000000077,674.0)
(17.436666666666746,675.0)
(17.43833333333341,675.0)
(17.44000000000008,675.0)
(17.441666666666745,675.0)
(17.44333333333341,675.0)
(17.44500000000008,675.0)
(17.446666666666744,675.0)
(17.448333333333412,674.0)
(17.450000000000077,675.0)
(17.450000000000077,674.0)
(17.451562500000076,675.0)
(17.453125000000078,674.0)
(17.454687500000077,674.0)
(17.456250000000075,674.0)
(17.457812500000077,675.0)
(17.459375000000076,674.0)
(17.460937500000078,675.0)
(17.462500000000077,675.0)
(17.464062500000075,675.0)
(17.465625000000077,674.0)
(17.467187500000076,674.0)
(17.468750000000078,674.0)
(17.470312500000077,674.0)
(17.471875000000075,674.0)
(17.473437500000077,675.0)
(17.475000000000076,675.0)
(17.475000000000076,675.0)
(17.47666666666674,675.0)
(17.47833333333341,675.0)
(17.480000000000075,675.0)
(17.481666666666744,674.0)
(17.48333333333341,674.0)
(17.485000000000074,674.0)
(17.486666666666743,674.0)
(17.488333333333408,674.0)
(17.490000000000077,674.0)
(17.49166666666674,675.0)
(17.493333333333407,675.0)
(17.495000000000076,674.0)
(17.49666666666674,675.0)
(17.49833333333341,675.0)
(17.500000000000075,674.0)
(17.500000000000075,673.0)
(17.501785714285788,674.0)
(17.503571428571504,675.0)
(17.505357142857218,674.0)
(17.50714285714293,675.0)
(17.508928571428644,673.0)
(17.51071428571436,674.0)
(17.512500000000074,674.0)
(17.514285714285787,675.0)
(17.516071428571504,675.0)
(17.517857142857217,675.0)
(17.51964285714293,675.0)
(17.521428571428643,674.0)
(17.52321428571436,675.0)
(17.525000000000073,675.0)
(17.525000000000073,675.0)
(17.526315789473756,674.0)
(17.527631578947442,675.0)
(17.528947368421125,675.0)
(17.530263157894808,675.0)
(17.531578947368494,674.0)
(17.532894736842177,675.0)
(17.534210526315864,675.0)
(17.535526315789546,673.0)
(17.53684210526323,675.0)
(17.538157894736916,675.0)
(17.5394736842106,675.0)
(17.54078947368428,675.0)
(17.542105263157968,675.0)
(17.54342105263165,675.0)
(17.544736842105337,674.0)
(17.54605263157902,674.0)
(17.547368421052703,674.0)
(17.54868421052639,675.0)
(17.55000000000007,674.0)
(17.55000000000007,674.0)
(17.56250000000007,674.0)
(17.57500000000007,673.0)
(17.57500000000007,674.0)
(17.576923076923148,674.0)
(17.578846153846225,674.0)
(17.580769230769302,676.0)
(17.582692307692376,674.0)
(17.584615384615454,674.0)
(17.58653846153853,674.0)
(17.58846153846161,675.0)
(17.590384615384686,674.0)
(17.592307692307763,675.0)
(17.594230769230837,674.0)
(17.596153846153914,675.0)
(17.59807692307699,674.0)
(17.60000000000007,674.0)
(17.60000000000007,675.0)
(17.60131578947375,674.0)
(17.602631578947438,675.0)
(17.60394736842112,675.0)
(17.605263157894804,674.0)
(17.60657894736849,674.0)
(17.607894736842173,674.0)
(17.60921052631586,675.0)
(17.610526315789542,674.0)
(17.611842105263225,675.0)
(17.61315789473691,674.0)
(17.614473684210594,674.0)
(17.615789473684277,674.0)
(17.617105263157963,674.0)
(17.618421052631646,675.0)
(17.619736842105333,675.0)
(17.621052631579015,674.0)
(17.6223684210527,674.0)
(17.623684210526385,675.0)
(17.625000000000068,674.0)
(17.625000000000068,674.0)
(17.62631578947375,674.0)
(17.627631578947437,675.0)
(17.62894736842112,675.0)
(17.630263157894802,675.0)
(17.63157894736849,675.0)
(17.63289473684217,675.0)
(17.634210526315858,674.0)
(17.63552631578954,674.0)
(17.636842105263224,674.0)
(17.63815789473691,675.0)
(17.639473684210593,675.0)
(17.640789473684276,674.0)
(17.642105263157962,674.0)
(17.643421052631645,675.0)
(17.64473684210533,675.0)
(17.646052631579014,674.0)
(17.647368421052697,674.0)
(17.648684210526383,675.0)
(17.650000000000066,675.0)
(17.650000000000066,674.0)
(17.65178571428578,675.0)
(17.653571428571496,675.0)
(17.65535714285721,674.0)
(17.657142857142922,675.0)
(17.658928571428635,675.0)
(17.660714285714352,675.0)
(17.662500000000065,675.0)
(17.66428571428578,675.0)
(17.666071428571495,676.0)
(17.66785714285721,675.0)
(17.66964285714292,674.0)
(17.671428571428635,675.0)
(17.67321428571435,674.0)
(17.675000000000065,674.0)
(17.675000000000065,675.0)
(17.676785714285778,675.0)
(17.678571428571495,674.0)
(17.680357142857208,675.0)
(17.68214285714292,675.0)
(17.683928571428634,674.0)
(17.68571428571435,674.0)
(17.687500000000064,674.0)
(17.689285714285777,675.0)
(17.691071428571494,675.0)
(17.692857142857207,675.0)
(17.69464285714292,674.0)
(17.696428571428633,674.0)
(17.69821428571435,674.0)
(17.700000000000063,674.0)
(17.700000000000063,675.0)
(17.701562500000062,674.0)
(17.703125000000064,674.0)
(17.704687500000063,674.0)
(17.70625000000006,675.0)
(17.707812500000063,675.0)
(17.709375000000062,674.0)
(17.710937500000064,675.0)
(17.712500000000063,675.0)
(17.71406250000006,675.0)
(17.715625000000063,674.0)
(17.717187500000062,674.0)
(17.718750000000064,674.0)
(17.720312500000063,675.0)
(17.72187500000006,675.0)
(17.723437500000063,673.0)
(17.725000000000062,674.0)
(17.725000000000062,674.0)
(17.72656250000006,674.0)
(17.728125000000063,674.0)
(17.72968750000006,674.0)
(17.73125000000006,674.0)
(17.732812500000062,675.0)
(17.73437500000006,674.0)
(17.735937500000063,673.0)
(17.73750000000006,674.0)
(17.73906250000006,675.0)
(17.740625000000062,674.0)
(17.74218750000006,675.0)
(17.743750000000063,675.0)
(17.74531250000006,675.0)
(17.74687500000006,676.0)
(17.748437500000062,675.0)
(17.75000000000006,675.0)
(17.75000000000006,675.0)
(17.751785714285774,674.0)
(17.75357142857149,675.0)
(17.755357142857203,676.0)
(17.757142857142917,675.0)
(17.75892857142863,675.0)
(17.760714285714347,675.0)
(17.76250000000006,675.0)
(17.764285714285773,674.0)
(17.76607142857149,675.0)
(17.767857142857203,674.0)
(17.769642857142916,674.0)
(17.77142857142863,674.0)
(17.773214285714346,674.0)
(17.77500000000006,675.0)
(17.77500000000006,674.0)
(17.77613636363642,674.0)
(17.777272727272788,675.0)
(17.77840909090915,675.0)
(17.779545454545513,675.0)
(17.780681818181876,674.0)
(17.78181818181824,674.0)
(17.782954545454604,675.0)
(17.784090909090967,675.0)
(17.78522727272733,675.0)
(17.786363636363696,674.0)
(17.78750000000006,675.0)
(17.78863636363642,674.0)
(17.789772727272787,675.0)
(17.79090909090915,675.0)
(17.792045454545512,674.0)
(17.793181818181875,674.0)
(17.79431818181824,675.0)
(17.795454545454604,674.0)
(17.796590909090966,674.0)
(17.79772727272733,675.0)
(17.798863636363695,675.0)
(17.800000000000058,675.0)
(17.800000000000058,674.0)
(17.801190476190534,673.0)
(17.80238095238101,675.0)
(17.803571428571487,674.0)
(17.80476190476196,674.0)
(17.805952380952437,675.0)
(17.807142857142914,675.0)
(17.80833333333339,675.0)
(17.809523809523867,675.0)
(17.810714285714344,674.0)
(17.81190476190482,675.0)
(17.813095238095293,674.0)
(17.81428571428577,675.0)
(17.815476190476247,674.0)
(17.816666666666723,674.0)
(17.8178571428572,674.0)
(17.819047619047677,674.0)
(17.820238095238153,674.0)
(17.821428571428626,675.0)
(17.822619047619103,674.0)
(17.82380952380958,675.0)
(17.825000000000056,675.0)
(17.825000000000056,674.0)
(17.826562500000055,674.0)
(17.828125000000057,674.0)
(17.829687500000055,674.0)
(17.831250000000054,674.0)
(17.832812500000056,674.0)
(17.834375000000055,674.0)
(17.835937500000057,674.0)
(17.837500000000055,674.0)
(17.839062500000054,674.0)
(17.840625000000056,674.0)
(17.842187500000055,674.0)
(17.843750000000057,675.0)
(17.845312500000055,675.0)
(17.846875000000054,674.0)
(17.848437500000056,674.0)
(17.850000000000055,675.0)
(17.850000000000055,675.0)
(17.851470588235347,675.0)
(17.852941176470644,674.0)
(17.854411764705937,674.0)
(17.85588235294123,675.0)
(17.857352941176526,675.0)
(17.85882352941182,674.0)
(17.86029411764711,674.0)
(17.861764705882408,675.0)
(17.8632352941177,674.0)
(17.864705882352997,674.0)
(17.86617647058829,675.0)
(17.867647058823582,674.0)
(17.86911764705888,674.0)
(17.87058823529417,674.0)
(17.872058823529464,674.0)
(17.87352941176476,674.0)
(17.875000000000053,675.0)
(17.875000000000053,676.0)
(17.87666666666672,674.0)
(17.878333333333387,674.0)
(17.880000000000052,675.0)
(17.88166666666672,675.0)
(17.883333333333386,674.0)
(17.88500000000005,674.0)
(17.88666666666672,675.0)
(17.888333333333385,675.0)
(17.890000000000054,675.0)
(17.89166666666672,675.0)
(17.893333333333384,674.0)
(17.895000000000053,674.0)
(17.896666666666718,675.0)
(17.898333333333387,675.0)
(17.900000000000052,673.0)
(17.900000000000052,674.0)
(17.901666666666717,675.0)
(17.903333333333386,674.0)
(17.90500000000005,674.0)
(17.90666666666672,675.0)
(17.908333333333385,673.0)
(17.91000000000005,674.0)
(17.91166666666672,675.0)
(17.913333333333384,674.0)
(17.915000000000052,675.0)
(17.916666666666718,674.0)
(17.918333333333383,674.0)
(17.92000000000005,673.0)
(17.921666666666717,674.0)
(17.923333333333385,674.0)
(17.92500000000005,674.0)
(17.92500000000005,674.0)
(17.926666666666716,674.0)
(17.928333333333384,675.0)
(17.93000000000005,674.0)
(17.931666666666718,674.0)
(17.933333333333383,674.0)
(17.93500000000005,674.0)
(17.936666666666717,675.0)
(17.938333333333382,674.0)
(17.94000000000005,674.0)
(17.941666666666716,674.0)
(17.94333333333338,675.0)
(17.94500000000005,674.0)
(17.946666666666715,674.0)
(17.948333333333384,674.0)
(17.95000000000005,674.0)
(17.95000000000005,675.0)
(17.951470588235342,675.0)
(17.952941176470638,675.0)
(17.95441176470593,674.0)
(17.955882352941224,675.0)
(17.95735294117652,675.0)
(17.958823529411813,674.0)
(17.960294117647106,674.0)
(17.961764705882402,674.0)
(17.963235294117695,673.0)
(17.96470588235299,676.0)
(17.966176470588284,675.0)
(17.967647058823577,675.0)
(17.969117647058873,675.0)
(17.970588235294166,673.0)
(17.97205882352946,674.0)
(17.973529411764755,675.0)
(17.975000000000048,674.0)
(17.975000000000048,674.0)
(17.97678571428576,676.0)
(17.978571428571477,674.0)
(17.98035714285719,673.0)
(17.982142857142904,674.0)
(17.983928571428617,674.0)
(17.985714285714334,675.0)
(17.987500000000047,675.0)
(17.98928571428576,675.0)
(17.991071428571477,676.0)
(17.99285714285719,674.0)
(17.994642857142903,674.0)
(17.996428571428616,674.0)
(17.998214285714333,674.0)
(18.000000000000046,675.0)
(18.000000000000046,675.0)
(18.00147058823534,675.0)
(18.002941176470635,675.0)
(18.004411764705928,676.0)
(18.00588235294122,676.0)
(18.007352941176517,675.0)
(18.00882352941181,674.0)
(18.010294117647103,674.0)
(18.0117647058824,675.0)
(18.013235294117692,675.0)
(18.014705882352988,675.0)
(18.01617647058828,675.0)
(18.017647058823574,674.0)
(18.01911764705887,675.0)
(18.020588235294163,675.0)
(18.022058823529456,675.0)
(18.023529411764752,675.0)
(18.025000000000045,675.0)
(18.025000000000045,675.0)
(18.02666666666671,675.0)
(18.02833333333338,674.0)
(18.030000000000044,675.0)
(18.031666666666712,674.0)
(18.033333333333378,675.0)
(18.035000000000043,675.0)
(18.03666666666671,675.0)
(18.038333333333377,674.0)
(18.040000000000045,675.0)
(18.04166666666671,675.0)
(18.043333333333376,675.0)
(18.045000000000044,675.0)
(18.04666666666671,675.0)
(18.048333333333378,674.0)
(18.050000000000043,675.0)
(18.050000000000043,675.0)
(18.051785714285757,674.0)
(18.053571428571473,675.0)
(18.055357142857186,675.0)
(18.0571428571429,674.0)
(18.058928571428613,674.0)
(18.06071428571433,674.0)
(18.062500000000043,675.0)
(18.064285714285756,673.0)
(18.066071428571473,674.0)
(18.067857142857186,674.0)
(18.0696428571429,674.0)
(18.071428571428612,675.0)
(18.07321428571433,675.0)
(18.075000000000042,674.0)
(18.075000000000042,675.0)
(18.076470588235335,675.0)
(18.07794117647063,675.0)
(18.079411764705924,674.0)
(18.080882352941217,675.0)
(18.082352941176513,674.0)
(18.083823529411806,673.0)
(18.0852941176471,674.0)
(18.086764705882395,674.0)
(18.088235294117688,675.0)
(18.089705882352984,675.0)
(18.091176470588277,675.0)
(18.09264705882357,674.0)
(18.094117647058866,675.0)
(18.09558823529416,675.0)
(18.09705882352945,675.0)
(18.098529411764748,674.0)
(18.10000000000004,674.0)
(18.10000000000004,674.0)
(18.101315789473723,675.0)
(18.10263157894741,674.0)
(18.103947368421093,674.0)
(18.105263157894775,673.0)
(18.10657894736846,675.0)
(18.107894736842145,674.0)
(18.10921052631583,675.0)
(18.110526315789514,674.0)
(18.111842105263197,675.0)
(18.113157894736883,675.0)
(18.114473684210566,674.0)
(18.11578947368425,675.0)
(18.117105263157935,674.0)
(18.118421052631618,675.0)
(18.119736842105304,674.0)
(18.121052631578987,674.0)
(18.12236842105267,673.0)
(18.123684210526356,675.0)
(18.12500000000004,675.0)
(18.12500000000004,674.0)
(18.126785714285752,675.0)
(18.12857142857147,675.0)
(18.130357142857182,674.0)
(18.132142857142895,675.0)
(18.13392857142861,675.0)
(18.135714285714325,675.0)
(18.13750000000004,674.0)
(18.13928571428575,674.0)
(18.14107142857147,674.0)
(18.14285714285718,675.0)
(18.144642857142895,675.0)
(18.146428571428608,675.0)
(18.148214285714324,675.0)
(18.150000000000038,674.0)
(18.150000000000038,674.0)
(18.15178571428575,675.0)
(18.153571428571468,674.0)
(18.15535714285718,675.0)
(18.157142857142894,675.0)
(18.158928571428607,674.0)
(18.160714285714324,675.0)
(18.162500000000037,674.0)
(18.16428571428575,674.0)
(18.166071428571467,674.0)
(18.16785714285718,675.0)
(18.169642857142893,673.0)
(18.171428571428606,674.0)
(18.173214285714323,675.0)
(18.175000000000036,674.0)
(18.175000000000036,674.0)
(18.1766666666667,674.0)
(18.17833333333337,674.0)
(18.180000000000035,675.0)
(18.181666666666704,676.0)
(18.18333333333337,675.0)
(18.185000000000034,675.0)
(18.186666666666703,674.0)
(18.188333333333368,674.0)
(18.190000000000037,676.0)
(18.191666666666702,675.0)
(18.193333333333367,674.0)
(18.195000000000036,675.0)
(18.1966666666667,674.0)
(18.19833333333337,675.0)
(18.200000000000035,674.0)
(18.200000000000035,675.0)
(18.2016666666667,675.0)
(18.20333333333337,674.0)
(18.205000000000034,675.0)
(18.206666666666703,676.0)
(18.208333333333368,675.0)
(18.210000000000033,674.0)
(18.2116666666667,675.0)
(18.213333333333367,675.0)
(18.215000000000035,674.0)
(18.2166666666667,674.0)
(18.218333333333366,675.0)
(18.220000000000034,675.0)
(18.2216666666667,675.0)
(18.22333333333337,675.0)
(18.225000000000033,675.0)
(18.225000000000033,675.0)
(18.226250000000032,674.0)
(18.227500000000035,674.0)
(18.228750000000034,675.0)
(18.230000000000032,674.0)
(18.23125000000003,675.0)
(18.232500000000034,675.0)
(18.233750000000033,675.0)
(18.23500000000003,675.0)
(18.236250000000034,675.0)
(18.237500000000033,675.0)
(18.23875000000003,675.0)
(18.240000000000034,674.0)
(18.241250000000033,675.0)
(18.24250000000003,675.0)
(18.243750000000034,675.0)
(18.245000000000033,674.0)
(18.246250000000032,674.0)
(18.24750000000003,675.0)
(18.248750000000033,676.0)
(18.250000000000032,675.0)
(18.250000000000032,675.0)
(18.251666666666697,675.0)
(18.253333333333366,675.0)
(18.25500000000003,675.0)
(18.2566666666667,675.0)
(18.258333333333365,674.0)
(18.26000000000003,675.0)
(18.2616666666667,674.0)
(18.263333333333364,675.0)
(18.265000000000033,675.0)
(18.266666666666698,674.0)
(18.268333333333363,674.0)
(18.27000000000003,674.0)
(18.271666666666697,675.0)
(18.273333333333365,675.0)
(18.27500000000003,675.0)
(18.27500000000003,675.0)
(18.276785714285744,675.0)
(18.27857142857146,675.0)
(18.280357142857174,674.0)
(18.282142857142887,674.0)
(18.2839285714286,675.0)
(18.285714285714317,675.0)
(18.28750000000003,675.0)
(18.289285714285743,675.0)
(18.29107142857146,674.0)
(18.292857142857173,675.0)
(18.294642857142886,675.0)
(18.2964285714286,675.0)
(18.298214285714316,675.0)
(18.30000000000003,674.0)
(18.30000000000003,674.0)
(18.301785714285742,675.0)
(18.30357142857146,675.0)
(18.305357142857172,675.0)
(18.307142857142885,675.0)
(18.3089285714286,675.0)
(18.310714285714315,674.0)
(18.31250000000003,674.0)
(18.31428571428574,675.0)
(18.31607142857146,675.0)
(18.31785714285717,674.0)
(18.319642857142885,675.0)
(18.321428571428598,675.0)
(18.323214285714315,676.0)
(18.325000000000028,674.0)
(18.325000000000028,674.0)
(18.326086956521767,675.0)
(18.327173913043506,674.0)
(18.328260869565245,675.0)
(18.329347826086984,675.0)
(18.330434782608723,675.0)
(18.331521739130462,674.0)
(18.3326086956522,674.0)
(18.33369565217394,675.0)
(18.33478260869568,674.0)
(18.33586956521742,675.0)
(18.336956521739157,675.0)
(18.338043478260897,675.0)
(18.339130434782636,674.0)
(18.340217391304375,674.0)
(18.341304347826114,674.0)
(18.342391304347853,674.0)
(18.343478260869592,674.0)
(18.34456521739133,674.0)
(18.34565217391307,674.0)
(18.34673913043481,675.0)
(18.347826086956548,674.0)
(18.348913043478287,675.0)
(18.350000000000026,675.0)
(18.350000000000026,675.0)
(18.35178571428574,675.0)
(18.353571428571456,675.0)
(18.35535714285717,674.0)
(18.357142857142883,675.0)
(18.358928571428596,674.0)
(18.360714285714312,673.0)
(18.362500000000026,675.0)
(18.36428571428574,675.0)
(18.366071428571455,674.0)
(18.36785714285717,674.0)
(18.369642857142882,675.0)
(18.371428571428595,674.0)
(18.37321428571431,675.0)
(18.375000000000025,674.0)
(18.375000000000025,674.0)
(18.375000000000025,675.0)
(18.37604166666669,675.0)
(18.37708333333336,675.0)
(18.378125000000026,674.0)
(18.37916666666669,674.0)
(18.380208333333357,674.0)
(18.381250000000023,675.0)
(18.382291666666692,675.0)
(18.383333333333358,674.0)
(18.384375000000023,675.0)
(18.385416666666693,674.0)
(18.38645833333336,675.0)
(18.387500000000024,675.0)
(18.38854166666669,675.0)
(18.389583333333356,675.0)
(18.390625000000025,675.0)
(18.39166666666669,674.0)
(18.392708333333356,674.0)
(18.393750000000026,674.0)
(18.39479166666669,675.0)
(18.395833333333357,674.0)
(18.396875000000023,674.0)
(18.39791666666669,675.0)
(18.398958333333358,675.0)
(18.400000000000023,674.0)
(18.400000000000023,675.0)
(18.40104166666669,675.0)
(18.40208333333336,675.0)
(18.403125000000024,674.0)
(18.40416666666669,674.0)
(18.405208333333356,674.0)
(18.40625000000002,676.0)
(18.40729166666669,674.0)
(18.408333333333356,674.0)
(18.409375000000022,674.0)
(18.41041666666669,675.0)
(18.411458333333357,675.0)
(18.412500000000023,674.0)
(18.41354166666669,674.0)
(18.414583333333354,675.0)
(18.415625000000023,675.0)
(18.41666666666669,674.0)
(18.417708333333355,675.0)
(18.418750000000024,675.0)
(18.41979166666669,675.0)
(18.420833333333356,674.0)
(18.42187500000002,674.0)
(18.422916666666687,673.0)
(18.423958333333356,674.0)
(18.425000000000022,674.0)
(18.425000000000022,675.0)
(18.425000000000022,675.0)
(18.433333333333355,675.0)
(18.441666666666688,675.0)
(18.45000000000002,675.0)
(18.45000000000002,674.0)
(18.452500000000022,674.0)
(18.45500000000002,675.0)
(18.45750000000002,675.0)
(18.46000000000002,675.0)
(18.46250000000002,675.0)
(18.46500000000002,674.0)
(18.46750000000002,674.0)
(18.47000000000002,674.0)
(18.472500000000018,675.0)
(18.47500000000002,675.0)
(18.47500000000002,675.0)
(18.476136363636382,674.0)
(18.477272727272748,675.0)
(18.47840909090911,674.0)
(18.479545454545473,674.0)
(18.480681818181836,675.0)
(18.481818181818202,674.0)
(18.482954545454565,675.0)
(18.484090909090927,674.0)
(18.48522727272729,675.0)
(18.486363636363656,675.0)
(18.48750000000002,675.0)
(18.48863636363638,674.0)
(18.489772727272747,674.0)
(18.49090909090911,674.0)
(18.492045454545472,675.0)
(18.493181818181835,675.0)
(18.4943181818182,675.0)
(18.495454545454564,674.0)
(18.496590909090926,675.0)
(18.49772727272729,675.0)
(18.498863636363655,675.0)
(18.500000000000018,675.0)
(18.500000000000018,675.0)
(18.501666666666683,675.0)
(18.50333333333335,674.0)
(18.505000000000017,675.0)
(18.506666666666685,675.0)
(18.50833333333335,674.0)
(18.510000000000016,674.0)
(18.511666666666684,674.0)
(18.51333333333335,674.0)
(18.51500000000002,674.0)
(18.516666666666683,674.0)
(18.51833333333335,675.0)
(18.520000000000017,675.0)
(18.521666666666682,673.0)
(18.52333333333335,674.0)
(18.525000000000016,673.0)
(18.525000000000016,674.0)
(18.526562500000015,675.0)
(18.528125000000017,675.0)
(18.529687500000016,673.0)
(18.531250000000014,674.0)
(18.532812500000016,675.0)
(18.534375000000015,675.0)
(18.535937500000017,675.0)
(18.537500000000016,674.0)
(18.539062500000014,673.0)
(18.540625000000016,674.0)
(18.542187500000015,675.0)
(18.543750000000017,675.0)
(18.545312500000016,675.0)
(18.546875000000014,674.0)
(18.548437500000016,674.0)
(18.550000000000015,674.0)
(18.550000000000015,674.0)
(18.551562500000014,674.0)
(18.553125000000016,674.0)
(18.554687500000014,675.0)
(18.556250000000013,674.0)
(18.557812500000015,674.0)
(18.559375000000014,675.0)
(18.560937500000016,673.0)
(18.562500000000014,674.0)
(18.564062500000013,674.0)
(18.565625000000015,675.0)
(18.567187500000014,675.0)
(18.568750000000016,674.0)
(18.570312500000014,675.0)
(18.571875000000013,674.0)
(18.573437500000015,674.0)
(18.575000000000014,675.0)
(18.575000000000014,675.0)
(18.576388888888903,675.0)
(18.57777777777779,675.0)
(18.57916666666668,675.0)
(18.58055555555557,674.0)
(18.581944444444456,674.0)
(18.583333333333346,675.0)
(18.584722222222236,674.0)
(18.586111111111123,675.0)
(18.587500000000013,674.0)
(18.588888888888903,675.0)
(18.59027777777779,674.0)
(18.59166666666668,674.0)
(18.59305555555557,674.0)
(18.594444444444456,675.0)
(18.595833333333346,674.0)
(18.597222222222236,674.0)
(18.598611111111122,674.0)
(18.600000000000012,674.0)
(18.600000000000012,675.0)
(18.601785714285725,673.0)
(18.603571428571442,674.0)
(18.605357142857155,675.0)
(18.60714285714287,675.0)
(18.60892857142858,674.0)
(18.610714285714298,674.0)
(18.61250000000001,673.0)
(18.614285714285725,675.0)
(18.61607142857144,674.0)
(18.617857142857154,674.0)
(18.619642857142868,675.0)
(18.62142857142858,675.0)
(18.623214285714297,675.0)
(18.62500000000001,674.0)
(18.62500000000001,675.0)
(18.62656250000001,675.0)
(18.62812500000001,674.0)
(18.62968750000001,674.0)
(18.63125000000001,675.0)
(18.63281250000001,675.0)
(18.63437500000001,675.0)
(18.63593750000001,674.0)
(18.63750000000001,673.0)
(18.63906250000001,675.0)
(18.64062500000001,674.0)
(18.64218750000001,675.0)
(18.64375000000001,675.0)
(18.64531250000001,675.0)
(18.64687500000001,674.0)
(18.64843750000001,675.0)
(18.65000000000001,675.0)
(18.65000000000001,674.0)
(18.652083333333344,674.0)
(18.654166666666676,675.0)
(18.656250000000007,674.0)
(18.658333333333342,674.0)
(18.660416666666677,675.0)
(18.66250000000001,674.0)
(18.66458333333334,674.0)
(18.666666666666675,674.0)
(18.66875000000001,674.0)
(18.67083333333334,674.0)
(18.672916666666673,674.0)
(18.675000000000008,674.0)
(18.675000000000008,675.0)
(18.700000000000006,675.0)
(18.700000000000006,675.0)
(18.700925925925933,674.0)
(18.70185185185186,675.0)
(18.702777777777783,675.0)
(18.70370370370371,675.0)
(18.704629629629636,673.0)
(18.705555555555563,675.0)
(18.706481481481486,674.0)
(18.707407407407413,674.0)
(18.70833333333334,674.0)
(18.709259259259266,675.0)
(18.710185185185193,674.0)
(18.711111111111116,675.0)
(18.712037037037042,675.0)
(18.71296296296297,675.0)
(18.713888888888896,675.0)
(18.71481481481482,674.0)
(18.715740740740745,674.0)
(18.716666666666672,674.0)
(18.7175925925926,674.0)
(18.718518518518525,675.0)
(18.71944444444445,675.0)
(18.720370370370375,674.0)
(18.721296296296302,674.0)
(18.72222222222223,675.0)
(18.72314814814815,675.0)
(18.72407407407408,674.0)
(18.725000000000005,675.0)
(18.725000000000005,675.0)
(18.725961538461544,675.0)
(18.726923076923082,673.0)
(18.72788461538462,674.0)
(18.72884615384616,673.0)
(18.7298076923077,675.0)
(18.730769230769237,675.0)
(18.731730769230772,674.0)
(18.73269230769231,675.0)
(18.73365384615385,674.0)
(18.734615384615388,673.0)
(18.735576923076927,675.0)
(18.736538461538466,673.0)
(18.737500000000004,674.0)
(18.738461538461543,674.0)
(18.73942307692308,674.0)
(18.74038461538462,674.0)
(18.74134615384616,675.0)
(18.742307692307698,674.0)
(18.743269230769236,675.0)
(18.74423076923077,674.0)
(18.74519230769231,675.0)
(18.74615384615385,674.0)
(18.747115384615388,675.0)
(18.748076923076926,674.0)
(18.749038461538465,673.0)
(18.750000000000004,674.0)
(18.750000000000004,675.0)
(18.751250000000002,675.0)
(18.752500000000005,675.0)
(18.753750000000004,674.0)
(18.755000000000003,674.0)
(18.75625,674.0)
(18.757500000000004,675.0)
(18.758750000000003,674.0)
(18.76,674.0)
(18.761250000000004,674.0)
(18.762500000000003,674.0)
(18.76375,675.0)
(18.765000000000004,674.0)
(18.766250000000003,675.0)
(18.767500000000002,674.0)
(18.768750000000004,675.0)
(18.770000000000003,674.0)
(18.771250000000002,675.0)
(18.7725,674.0)
(18.773750000000003,674.0)
(18.775000000000002,674.0)
(18.775000000000002,675.0)
(18.7765625,674.0)
(18.778125000000003,675.0)
(18.7796875,674.0)
(18.78125,675.0)
(18.782812500000002,674.0)
(18.784375,674.0)
(18.785937500000003,674.0)
(18.7875,675.0)
(18.7890625,675.0)
(18.790625000000002,675.0)
(18.7921875,674.0)
(18.793750000000003,674.0)
(18.7953125,674.0)
(18.796875,675.0)
(18.798437500000002,675.0)
(18.8,675.0)
(18.8,675.0)
(18.803125,674.0)
(18.80625,675.0)
(18.809375,674.0)
(18.8125,675.0)
(18.815625,675.0)
(18.81875,674.0)
(18.821875,674.0)
(18.825,674.0)
(18.825,675.0)
(18.83,674.0)
(18.834999999999997,675.0)
(18.84,674.0)
(18.845,675.0)
(18.849999999999998,674.0)
(18.849999999999998,675.0)
(18.850961538461537,674.0)
(18.851923076923075,675.0)
(18.852884615384614,674.0)
(18.853846153846153,675.0)
(18.85480769230769,674.0)
(18.85576923076923,674.0)
(18.856730769230765,675.0)
(18.857692307692304,675.0)
(18.858653846153842,674.0)
(18.85961538461538,674.0)
(18.86057692307692,674.0)
(18.86153846153846,674.0)
(18.862499999999997,674.0)
(18.863461538461536,674.0)
(18.864423076923075,674.0)
(18.865384615384613,674.0)
(18.866346153846152,674.0)
(18.86730769230769,674.0)
(18.86826923076923,674.0)
(18.869230769230764,674.0)
(18.870192307692303,674.0)
(18.87115384615384,674.0)
(18.87211538461538,674.0)
(18.87307692307692,674.0)
(18.874038461538458,675.0)
(18.874999999999996,674.0)
(18.874999999999996,675.0)
(18.899999999999995,674.0)
(18.899999999999995,675.0)
(18.90104166666666,674.0)
(18.90208333333333,674.0)
(18.903124999999996,674.0)
(18.90416666666666,674.0)
(18.905208333333327,673.0)
(18.906249999999993,673.0)
(18.907291666666662,675.0)
(18.908333333333328,675.0)
(18.909374999999994,675.0)
(18.910416666666663,674.0)
(18.91145833333333,675.0)
(18.912499999999994,674.0)
(18.91354166666666,674.0)
(18.914583333333326,675.0)
(18.915624999999995,674.0)
(18.91666666666666,675.0)
(18.917708333333326,674.0)
(18.918749999999996,675.0)
(18.91979166666666,674.0)
(18.920833333333327,674.0)
(18.921874999999993,675.0)
(18.92291666666666,674.0)
(18.923958333333328,675.0)
(18.924999999999994,675.0)
(18.924999999999994,675.0)
(18.926136363636356,676.0)
(18.927272727272722,675.0)
(18.928409090909085,674.0)
(18.929545454545448,674.0)
(18.93068181818181,674.0)
(18.931818181818176,675.0)
(18.93295454545454,674.0)
(18.9340909090909,675.0)
(18.935227272727264,675.0)
(18.93636363636363,674.0)
(18.937499999999993,675.0)
(18.938636363636355,675.0)
(18.93977272727272,674.0)
(18.940909090909084,673.0)
(18.942045454545447,675.0)
(18.94318181818181,674.0)
(18.944318181818176,673.0)
(18.945454545454538,675.0)
(18.9465909090909,674.0)
(18.947727272727263,674.0)
(18.94886363636363,675.0)
(18.949999999999992,675.0)
(18.949999999999992,675.0)
(18.95156249999999,673.0)
(18.953124999999993,675.0)
(18.95468749999999,674.0)
(18.95624999999999,675.0)
(18.957812499999992,674.0)
(18.95937499999999,674.0)
(18.960937499999993,675.0)
(18.96249999999999,674.0)
(18.96406249999999,674.0)
(18.965624999999992,675.0)
(18.96718749999999,674.0)
(18.968749999999993,674.0)
(18.97031249999999,675.0)
(18.97187499999999,674.0)
(18.973437499999992,674.0)
(18.97499999999999,674.0)
(18.97499999999999,674.0)
(18.977083333333326,675.0)
(18.979166666666657,674.0)
(18.98124999999999,674.0)
(18.983333333333324,675.0)
(18.98541666666666,674.0)
(18.98749999999999,674.0)
(18.98958333333332,674.0)
(18.991666666666656,674.0)
(18.99374999999999,675.0)
(18.995833333333323,675.0)
(18.997916666666654,675.0)
(18.99999999999999,675.0)
(18.99999999999999,675.0)
(19.01249999999999,675.0)
(19.024999999999988,675.0)
(19.024999999999988,675.0)
(19.031249999999986,674.0)
(19.037499999999987,675.0)
(19.04374999999999,675.0)
(19.049999999999986,675.0)
(19.049999999999986,674.0)
(19.05113636363635,675.0)
(19.052272727272715,674.0)
(19.053409090909078,673.0)
(19.05454545454544,675.0)
(19.055681818181803,673.0)
(19.05681818181817,674.0)
(19.057954545454532,675.0)
(19.059090909090894,675.0)
(19.060227272727257,675.0)
(19.061363636363623,675.0)
(19.062499999999986,674.0)
(19.06363636363635,674.0)
(19.064772727272715,674.0)
(19.065909090909077,675.0)
(19.06704545454544,674.0)
(19.068181818181802,675.0)
(19.06931818181817,674.0)
(19.07045454545453,675.0)
(19.071590909090894,675.0)
(19.072727272727256,675.0)
(19.073863636363622,675.0)
(19.074999999999985,674.0)
(19.074999999999985,675.0)
(19.076315789473668,675.0)
(19.077631578947354,675.0)
(19.078947368421037,675.0)
(19.08026315789472,676.0)
(19.081578947368406,675.0)
(19.08289473684209,675.0)
(19.084210526315776,675.0)
(19.08552631578946,674.0)
(19.08684210526314,675.0)
(19.088157894736828,674.0)
(19.08947368421051,674.0)
(19.090789473684193,674.0)
(19.09210526315788,674.0)
(19.093421052631562,674.0)
(19.09473684210525,676.0)
(19.09605263157893,675.0)
(19.097368421052614,675.0)
(19.0986842105263,675.0)
(19.099999999999984,675.0)
(19.099999999999984,674.0)
(19.10166666666665,675.0)
(19.103333333333318,674.0)
(19.104999999999983,675.0)
(19.10666666666665,674.0)
(19.108333333333317,675.0)
(19.10999999999998,674.0)
(19.11166666666665,674.0)
(19.113333333333316,675.0)
(19.114999999999984,674.0)
(19.11666666666665,675.0)
(19.118333333333315,674.0)
(19.119999999999983,674.0)
(19.12166666666665,674.0)
(19.123333333333317,675.0)
(19.124999999999982,674.0)
(19.124999999999982,675.0)
(19.126785714285695,675.0)
(19.128571428571412,675.0)
(19.130357142857125,674.0)
(19.13214285714284,675.0)
(19.13392857142855,674.0)
(19.13571428571427,674.0)
(19.13749999999998,675.0)
(19.139285714285695,675.0)
(19.14107142857141,675.0)
(19.142857142857125,676.0)
(19.144642857142838,674.0)
(19.14642857142855,675.0)
(19.148214285714268,675.0)
(19.14999999999998,674.0)
(19.14999999999998,674.0)
(19.151666666666646,674.0)
(19.153333333333315,675.0)
(19.15499999999998,674.0)
(19.15666666666665,675.0)
(19.158333333333314,675.0)
(19.15999999999998,675.0)
(19.161666666666648,675.0)
(19.163333333333313,675.0)
(19.16499999999998,675.0)
(19.166666666666647,674.0)
(19.16833333333331,674.0)
(19.16999999999998,674.0)
(19.171666666666646,674.0)
(19.173333333333314,674.0)
(19.17499999999998,674.0)
(19.17499999999998,675.0)
(19.176785714285693,674.0)
(19.17857142857141,675.0)
(19.180357142857122,674.0)
(19.182142857142836,673.0)
(19.18392857142855,674.0)
(19.185714285714266,675.0)
(19.18749999999998,675.0)
(19.189285714285692,675.0)
(19.19107142857141,675.0)
(19.19285714285712,675.0)
(19.194642857142835,675.0)
(19.196428571428548,674.0)
(19.198214285714265,675.0)
(19.199999999999978,675.0)
(19.199999999999978,675.0)
(19.201666666666643,675.0)
(19.203333333333312,676.0)
(19.204999999999977,675.0)
(19.206666666666646,675.0)
(19.20833333333331,675.0)
(19.209999999999976,675.0)
(19.211666666666645,676.0)
(19.21333333333331,675.0)
(19.21499999999998,675.0)
(19.216666666666644,675.0)
(19.21833333333331,675.0)
(19.219999999999978,674.0)
(19.221666666666643,675.0)
(19.22333333333331,673.0)
(19.224999999999977,675.0)
(19.224999999999977,674.0)
(19.22678571428569,674.0)
(19.228571428571406,675.0)
(19.23035714285712,675.0)
(19.232142857142833,675.0)
(19.233928571428546,675.0)
(19.235714285714263,676.0)
(19.237499999999976,674.0)
(19.23928571428569,675.0)
(19.241071428571406,674.0)
(19.24285714285712,674.0)
(19.244642857142832,675.0)
(19.246428571428545,674.0)
(19.248214285714262,675.0)
(19.249999999999975,674.0)
(19.249999999999975,674.0)
(19.25119047619045,675.0)
(19.25238095238093,674.0)
(19.253571428571405,675.0)
(19.254761904761878,674.0)
(19.255952380952355,674.0)
(19.25714285714283,674.0)
(19.258333333333308,675.0)
(19.259523809523785,674.0)
(19.26071428571426,675.0)
(19.261904761904738,674.0)
(19.26309523809521,675.0)
(19.264285714285688,674.0)
(19.265476190476164,675.0)
(19.26666666666664,675.0)
(19.267857142857117,675.0)
(19.269047619047594,675.0)
(19.27023809523807,674.0)
(19.271428571428544,675.0)
(19.27261904761902,674.0)
(19.273809523809497,675.0)
(19.274999999999974,675.0)
(19.274999999999974,675.0)
(19.276086956521713,674.0)
(19.277173913043452,674.0)
(19.27826086956519,675.0)
(19.27934782608693,674.0)
(19.28043478260867,674.0)
(19.281521739130408,675.0)
(19.282608695652147,674.0)
(19.283695652173886,674.0)
(19.284782608695625,674.0)
(19.285869565217364,675.0)
(19.286956521739103,675.0)
(19.288043478260843,674.0)
(19.28913043478258,674.0)
(19.29021739130432,674.0)
(19.29130434782606,675.0)
(19.2923913043478,674.0)
(19.293478260869538,675.0)
(19.294565217391277,674.0)
(19.295652173913016,675.0)
(19.296739130434755,675.0)
(19.297826086956494,675.0)
(19.298913043478233,675.0)
(19.299999999999972,675.0)
(19.299999999999972,675.0)
(19.30156249999997,674.0)
(19.303124999999973,674.0)
(19.30468749999997,675.0)
(19.30624999999997,674.0)
(19.307812499999972,675.0)
(19.30937499999997,675.0)
(19.310937499999973,674.0)
(19.31249999999997,676.0)
(19.31406249999997,674.0)
(19.315624999999972,673.0)
(19.31718749999997,675.0)
(19.318749999999973,675.0)
(19.32031249999997,674.0)
(19.32187499999997,674.0)
(19.323437499999972,675.0)
(19.32499999999997,674.0)
(19.32499999999997,675.0)
(19.32656249999997,674.0)
(19.32812499999997,674.0)
(19.32968749999997,674.0)
(19.33124999999997,675.0)
(19.33281249999997,675.0)
(19.33437499999997,675.0)
(19.33593749999997,675.0)
(19.33749999999997,675.0)
(19.33906249999997,675.0)
(19.34062499999997,675.0)
(19.34218749999997,674.0)
(19.34374999999997,675.0)
(19.34531249999997,674.0)
(19.34687499999997,675.0)
(19.34843749999997,674.0)
(19.34999999999997,674.0)
(19.34999999999997,675.0)
(19.351190476190446,675.0)
(19.352380952380923,675.0)
(19.3535714285714,675.0)
(19.354761904761872,675.0)
(19.35595238095235,674.0)
(19.357142857142826,675.0)
(19.358333333333302,675.0)
(19.35952380952378,675.0)
(19.360714285714256,674.0)
(19.361904761904732,674.0)
(19.363095238095205,675.0)
(19.364285714285682,674.0)
(19.36547619047616,674.0)
(19.366666666666635,675.0)
(19.367857142857112,675.0)
(19.36904761904759,675.0)
(19.370238095238065,674.0)
(19.371428571428538,674.0)
(19.372619047619015,675.0)
(19.37380952380949,675.0)
(19.374999999999968,674.0)
(19.374999999999968,675.0)
(19.376562499999967,675.0)
(19.37812499999997,675.0)
(19.379687499999967,674.0)
(19.381249999999966,674.0)
(19.382812499999968,675.0)
(19.384374999999967,675.0)
(19.38593749999997,674.0)
(19.387499999999967,674.0)
(19.389062499999966,675.0)
(19.390624999999968,674.0)
(19.392187499999967,674.0)
(19.39374999999997,675.0)
(19.395312499999967,675.0)
(19.396874999999966,675.0)
(19.398437499999968,675.0)
(19.399999999999967,674.0)
(19.399999999999967,675.0)
(19.40131578947365,674.0)
(19.402631578947336,674.0)
(19.40394736842102,675.0)
(19.4052631578947,674.0)
(19.406578947368388,674.0)
(19.40789473684207,675.0)
(19.409210526315757,675.0)
(19.41052631578944,675.0)
(19.411842105263123,675.0)
(19.41315789473681,674.0)
(19.414473684210492,676.0)
(19.415789473684175,674.0)
(19.41710526315786,675.0)
(19.418421052631544,675.0)
(19.41973684210523,675.0)
(19.421052631578913,676.0)
(19.422368421052596,675.0)
(19.423684210526282,675.0)
(19.424999999999965,674.0)
(19.424999999999965,675.0)
(19.42678571428568,675.0)
(19.428571428571395,675.0)
(19.43035714285711,675.0)
(19.43214285714282,674.0)
(19.433928571428535,675.0)
(19.43571428571425,674.0)
(19.437499999999964,675.0)
(19.439285714285678,674.0)
(19.441071428571394,674.0)
(19.442857142857108,675.0)
(19.44464285714282,675.0)
(19.446428571428534,675.0)
(19.44821428571425,675.0)
(19.449999999999964,674.0)
(19.449999999999964,675.0)
(19.45119047619044,674.0)
(19.452380952380917,675.0)
(19.453571428571394,674.0)
(19.454761904761867,674.0)
(19.455952380952343,674.0)
(19.45714285714282,675.0)
(19.458333333333297,675.0)
(19.459523809523773,674.0)
(19.46071428571425,674.0)
(19.461904761904727,674.0)
(19.4630952380952,674.0)
(19.464285714285676,675.0)
(19.465476190476153,675.0)
(19.46666666666663,675.0)
(19.467857142857106,675.0)
(19.469047619047583,674.0)
(19.47023809523806,674.0)
(19.471428571428532,674.0)
(19.47261904761901,675.0)
(19.473809523809486,675.0)
(19.474999999999962,674.0)
(19.474999999999962,674.0)
(19.476666666666627,675.0)
(19.478333333333296,674.0)
(19.47999999999996,674.0)
(19.48166666666663,674.0)
(19.483333333333295,674.0)
(19.48499999999996,675.0)
(19.48666666666663,674.0)
(19.488333333333294,674.0)
(19.489999999999963,674.0)
(19.491666666666628,674.0)
(19.493333333333293,674.0)
(19.494999999999962,674.0)
(19.496666666666627,675.0)
(19.498333333333296,675.0)
(19.49999999999996,675.0)
(19.49999999999996,674.0)
(19.501785714285674,675.0)
(19.50357142857139,675.0)
(19.505357142857104,674.0)
(19.507142857142817,674.0)
(19.50892857142853,674.0)
(19.510714285714247,674.0)
(19.51249999999996,674.0)
(19.514285714285673,674.0)
(19.51607142857139,675.0)
(19.517857142857103,675.0)
(19.519642857142816,675.0)
(19.52142857142853,674.0)
(19.523214285714246,675.0)
(19.52499999999996,675.0)
(19.52499999999996,675.0)
(19.526562499999958,675.0)
(19.52812499999996,674.0)
(19.52968749999996,674.0)
(19.531249999999957,675.0)
(19.53281249999996,675.0)
(19.534374999999958,675.0)
(19.53593749999996,673.0)
(19.53749999999996,675.0)
(19.539062499999957,674.0)
(19.54062499999996,675.0)
(19.542187499999958,675.0)
(19.54374999999996,674.0)
(19.54531249999996,673.0)
(19.546874999999957,674.0)
(19.54843749999996,674.0)
(19.549999999999958,674.0)
(19.549999999999958,675.0)
(19.55147058823525,675.0)
(19.552941176470547,676.0)
(19.55441176470584,674.0)
(19.555882352941133,674.0)
(19.55735294117643,675.0)
(19.558823529411722,675.0)
(19.560294117647015,674.0)
(19.56176470588231,674.0)
(19.563235294117604,675.0)
(19.5647058823529,674.0)
(19.566176470588193,674.0)
(19.567647058823486,675.0)
(19.569117647058782,675.0)
(19.570588235294075,675.0)
(19.572058823529368,674.0)
(19.573529411764664,675.0)
(19.574999999999957,674.0)
(19.574999999999957,674.0)
(19.576562499999955,675.0)
(19.578124999999957,675.0)
(19.579687499999956,674.0)
(19.581249999999955,675.0)
(19.582812499999957,675.0)
(19.584374999999955,675.0)
(19.585937499999957,674.0)
(19.587499999999956,674.0)
(19.589062499999955,674.0)
(19.590624999999957,674.0)
(19.592187499999955,675.0)
(19.593749999999957,676.0)
(19.595312499999956,675.0)
(19.596874999999955,675.0)
(19.598437499999957,674.0)
(19.599999999999955,675.0)
(19.599999999999955,674.0)
(19.60166666666662,675.0)
(19.60333333333329,675.0)
(19.604999999999954,674.0)
(19.606666666666623,673.0)
(19.608333333333288,674.0)
(19.609999999999953,675.0)
(19.611666666666622,675.0)
(19.613333333333287,675.0)
(19.614999999999956,674.0)
(19.61666666666662,675.0)
(19.618333333333286,674.0)
(19.619999999999955,675.0)
(19.62166666666662,675.0)
(19.62333333333329,675.0)
(19.624999999999954,675.0)
(19.624999999999954,675.0)
(19.629999999999953,674.0)
(19.634999999999952,674.0)
(19.639999999999954,674.0)
(19.644999999999953,674.0)
(19.649999999999952,674.0)
(19.649999999999952,675.0)
(19.66249999999995,675.0)
(19.67499999999995,675.0)
(19.67499999999995,675.0)
(19.679166666666617,675.0)
(19.683333333333284,675.0)
(19.68749999999995,674.0)
(19.691666666666617,675.0)
(19.695833333333283,675.0)
(19.69999999999995,675.0)
(19.69999999999995,675.0)
(19.69999999999995,675.0)
(19.701562499999948,675.0)
(19.70312499999995,675.0)
(19.70468749999995,674.0)
(19.706249999999947,675.0)
(19.70781249999995,674.0)
(19.709374999999948,674.0)
(19.71093749999995,675.0)
(19.71249999999995,675.0)
(19.714062499999947,675.0)
(19.71562499999995,674.0)
(19.717187499999948,674.0)
(19.71874999999995,674.0)
(19.72031249999995,675.0)
(19.721874999999947,674.0)
(19.72343749999995,675.0)
(19.724999999999948,673.0)
(19.724999999999948,676.0)
(19.726562499999947,675.0)
(19.72812499999995,674.0)
(19.729687499999947,674.0)
(19.731249999999946,675.0)
(19.732812499999948,674.0)
(19.734374999999947,675.0)
(19.73593749999995,674.0)
(19.737499999999947,675.0)
(19.739062499999946,675.0)
(19.740624999999948,674.0)
(19.742187499999947,674.0)
(19.74374999999995,675.0)
(19.745312499999947,675.0)
(19.746874999999946,675.0)
(19.748437499999948,674.0)
(19.749999999999947,674.0)
(19.749999999999947,675.0)
(19.751562499999945,673.0)
(19.753124999999947,674.0)
(19.754687499999946,674.0)
(19.756249999999945,675.0)
(19.757812499999947,675.0)
(19.759374999999945,674.0)
(19.760937499999947,674.0)
(19.762499999999946,675.0)
(19.764062499999945,675.0)
(19.765624999999947,675.0)
(19.767187499999945,675.0)
(19.768749999999947,674.0)
(19.770312499999946,675.0)
(19.771874999999945,674.0)
(19.773437499999947,674.0)
(19.774999999999945,674.0)
(19.774999999999945,674.0)
(19.77666666666661,674.0)
(19.77833333333328,674.0)
(19.779999999999944,674.0)
(19.781666666666613,674.0)
(19.783333333333278,675.0)
(19.784999999999943,675.0)
(19.786666666666612,675.0)
(19.788333333333277,674.0)
(19.789999999999946,674.0)
(19.79166666666661,674.0)
(19.793333333333276,674.0)
(19.794999999999945,674.0)
(19.79666666666661,674.0)
(19.79833333333328,674.0)
(19.799999999999944,675.0)
(19.799999999999944,674.0)
(19.80277777777772,674.0)
(19.8055555555555,675.0)
(19.808333333333277,674.0)
(19.811111111111053,674.0)
(19.813888888888833,674.0)
(19.81666666666661,674.0)
(19.819444444444386,674.0)
(19.822222222222166,674.0)
(19.824999999999942,674.0)
(19.824999999999942,674.0)
(19.82916666666661,675.0)
(19.833333333333275,674.0)
(19.83749999999994,675.0)
(19.841666666666608,675.0)
(19.845833333333275,674.0)
(19.84999999999994,675.0)
(19.84999999999994,674.0)
(19.851041666666607,673.0)
(19.852083333333276,674.0)
(19.85312499999994,674.0)
(19.854166666666607,675.0)
(19.855208333333273,674.0)
(19.85624999999994,675.0)
(19.857291666666608,675.0)
(19.858333333333274,675.0)
(19.85937499999994,674.0)
(19.86041666666661,675.0)
(19.861458333333275,675.0)
(19.86249999999994,675.0)
(19.863541666666606,675.0)
(19.86458333333327,675.0)
(19.86562499999994,675.0)
(19.866666666666607,675.0)
(19.867708333333272,674.0)
(19.86874999999994,674.0)
(19.869791666666607,674.0)
(19.870833333333273,675.0)
(19.87187499999994,674.0)
(19.872916666666605,675.0)
(19.873958333333274,675.0)
(19.87499999999994,675.0)
(19.87499999999994,675.0)
(19.87638888888883,675.0)
(19.877777777777716,675.0)
(19.879166666666606,675.0)
(19.880555555555496,675.0)
(19.881944444444382,675.0)
(19.883333333333272,675.0)
(19.884722222222162,674.0)
(19.88611111111105,675.0)
(19.88749999999994,673.0)
(19.88888888888883,675.0)
(19.890277777777715,674.0)
(19.891666666666605,675.0)
(19.893055555555495,675.0)
(19.89444444444438,675.0)
(19.89583333333327,674.0)
(19.89722222222216,674.0)
(19.898611111111048,674.0)
(19.899999999999938,674.0)
(19.899999999999938,674.0)
(19.901562499999937,675.0)
(19.90312499999994,675.0)
(19.904687499999937,675.0)
(19.906249999999936,675.0)
(19.907812499999938,673.0)
(19.909374999999937,674.0)
(19.91093749999994,675.0)
(19.912499999999937,674.0)
(19.914062499999936,674.0)
(19.915624999999938,675.0)
(19.917187499999937,674.0)
(19.91874999999994,675.0)
(19.920312499999937,675.0)
(19.921874999999936,674.0)
(19.923437499999938,675.0)
(19.924999999999937,675.0)
(19.924999999999937,674.0)
(19.926666666666602,675.0)
(19.92833333333327,674.0)
(19.929999999999936,675.0)
(19.931666666666604,675.0)
(19.93333333333327,675.0)
(19.934999999999935,675.0)
(19.936666666666603,674.0)
(19.93833333333327,674.0)
(19.939999999999937,675.0)
(19.941666666666602,674.0)
(19.943333333333268,673.0)
(19.944999999999936,675.0)
(19.9466666666666,675.0)
(19.94833333333327,675.0)
(19.949999999999935,674.0)
(19.949999999999935,674.0)
(19.95178571428565,673.0)
(19.953571428571365,674.0)
(19.95535714285708,674.0)
(19.95714285714279,675.0)
(19.958928571428505,674.0)
(19.96071428571422,674.0)
(19.962499999999935,674.0)
(19.964285714285648,675.0)
(19.966071428571365,675.0)
(19.967857142857078,674.0)
(19.96964285714279,674.0)
(19.971428571428504,674.0)
(19.97321428571422,674.0)
(19.974999999999934,675.0)
(19.974999999999934,675.0)
(19.976388888888824,675.0)
(19.97777777777771,675.0)
(19.9791666666666,675.0)
(19.98055555555549,674.0)
(19.981944444444377,675.0)
(19.983333333333267,675.0)
(19.984722222222157,674.0)
(19.986111111111043,675.0)
(19.987499999999933,676.0)
(19.988888888888823,674.0)
(19.99027777777771,674.0)
(19.9916666666666,675.0)
(19.99305555555549,675.0)
(19.994444444444376,675.0)
(19.995833333333266,676.0)
(19.997222222222156,675.0)
(19.998611111111043,675.0)
(19.999999999999932,675.0)
(19.999999999999932,674.0)
(20.001785714285646,674.0)
(20.003571428571362,676.0)
(20.005357142857076,675.0)
(20.00714285714279,674.0)
(20.008928571428502,675.0)
(20.01071428571422,675.0)
(20.012499999999932,674.0)
(20.014285714285645,675.0)
(20.01607142857136,675.0)
(20.017857142857075,675.0)
(20.019642857142788,673.0)
(20.0214285714285,675.0)
(20.023214285714218,675.0)
(20.02499999999993,674.0)
