(15.000000000000146,677.0)
(15.000000000000146,678.0)
(15.002777777777924,677.0)
(15.005555555555702,679.0)
(15.008333333333479,677.0)
(15.011111111111257,677.0)
(15.013888888889035,677.0)
(15.016666666666813,678.0)
(15.01944444444459,677.0)
(15.022222222222368,677.0)
(15.025000000000146,677.0)
(15.025000000000146,676.0)
(15.026562500000146,678.0)
(15.028125000000147,678.0)
(15.029687500000145,678.0)
(15.031250000000146,678.0)
(15.032812500000146,678.0)
(15.034375000000146,677.0)
(15.035937500000147,679.0)
(15.037500000000147,677.0)
(15.039062500000146,677.0)
(15.040625000000146,678.0)
(15.042187500000146,678.0)
(15.043750000000147,677.0)
(15.045312500000147,677.0)
(15.046875000000146,677.0)
(15.048437500000146,678.0)
(15.050000000000146,677.0)
(15.050000000000146,677.0)
(15.052777777777925,678.0)
(15.055555555555703,677.0)
(15.05833333333348,678.0)
(15.061111111111257,677.0)
(15.063888888889036,677.0)
(15.066666666666814,676.0)
(15.06944444444459,677.0)
(15.072222222222369,676.0)
(15.075000000000147,678.0)
(15.075000000000147,677.0)
(15.07708333333348,678.0)
(15.079166666666813,678.0)
(15.081250000000146,678.0)
(15.08333333333348,677.0)
(15.085416666666813,678.0)
(15.087500000000148,677.0)
(15.089583333333481,678.0)
(15.091666666666814,678.0)
(15.093750000000147,678.0)
(15.09583333333348,678.0)
(15.097916666666814,678.0)
(15.100000000000147,678.0)
(15.100000000000147,678.0)
(15.103125000000148,678.0)
(15.106250000000147,678.0)
(15.109375000000147,677.0)
(15.112500000000146,677.0)
(15.115625000000147,678.0)
(15.118750000000148,677.0)
(15.121875000000147,677.0)
(15.125000000000147,677.0)
(15.125000000000147,678.0)
(15.127777777777926,678.0)
(15.130555555555704,678.0)
(15.13333333333348,677.0)
(15.136111111111259,677.0)
(15.138888888889037,678.0)
(15.141666666666815,678.0)
(15.144444444444591,678.0)
(15.14722222222237,676.0)
(15.150000000000148,677.0)
(15.150000000000148,677.0)
(15.152777777777926,677.0)
(15.155555555555704,677.0)
(15.15833333333348,677.0)
(15.161111111111259,677.0)
(15.163888888889037,678.0)
(15.166666666666815,678.0)
(15.169444444444592,678.0)
(15.17222222222237,678.0)
(15.175000000000148,678.0)
(15.175000000000148,678.0)
(15.177500000000148,678.0)
(15.180000000000149,678.0)
(15.182500000000148,678.0)
(15.185000000000148,678.0)
(15.18750000000015,677.0)
(15.190000000000149,677.0)
(15.192500000000148,676.0)
(15.195000000000148,678.0)
(15.197500000000149,677.0)
(15.200000000000149,678.0)
(15.200000000000149,678.0)
(15.202777777777927,677.0)
(15.205555555555705,678.0)
(15.208333333333481,677.0)
(15.21111111111126,677.0)
(15.213888888889038,678.0)
(15.216666666666816,678.0)
(15.219444444444592,678.0)
(15.22222222222237,678.0)
(15.225000000000149,678.0)
(15.225000000000149,678.0)
(15.22812500000015,677.0)
(15.231250000000149,677.0)
(15.23437500000015,678.0)
(15.23750000000015,677.0)
(15.240625000000149,678.0)
(15.24375000000015,678.0)
(15.246875000000149,678.0)
(15.25000000000015,678.0)
(15.25000000000015,678.0)
(15.25312500000015,677.0)
(15.256250000000149,678.0)
(15.25937500000015,677.0)
(15.262500000000149,677.0)
(15.26562500000015,677.0)
(15.26875000000015,678.0)
(15.271875000000149,677.0)
(15.27500000000015,677.0)
(15.27500000000015,678.0)
(15.27625000000015,677.0)
(15.277500000000149,678.0)
(15.27875000000015,678.0)
(15.28000000000015,678.0)
(15.28125000000015,677.0)
(15.28250000000015,678.0)
(15.28375000000015,678.0)
(15.28500000000015,677.0)
(15.28625000000015,678.0)
(15.28750000000015,678.0)
(15.28875000000015,677.0)
(15.29000000000015,677.0)
(15.291250000000149,677.0)
(15.29250000000015,678.0)
(15.29375000000015,677.0)
(15.29500000000015,677.0)
(15.29625000000015,678.0)
(15.29750000000015,677.0)
(15.29875000000015,677.0)
(15.30000000000015,677.0)
(15.30000000000015,677.0)
(15.302083333333483,679.0)
(15.304166666666816,677.0)
(15.30625000000015,677.0)
(15.308333333333483,678.0)
(15.310416666666816,678.0)
(15.31250000000015,678.0)
(15.314583333333484,677.0)
(15.316666666666817,677.0)
(15.31875000000015,678.0)
(15.320833333333484,678.0)
(15.322916666666817,678.0)
(15.32500000000015,677.0)
(15.32500000000015,678.0)
(15.329166666666817,678.0)
(15.333333333333483,677.0)
(15.337500000000151,678.0)
(15.341666666666818,678.0)
(15.345833333333484,678.0)
(15.35000000000015,678.0)
(15.35000000000015,678.0)
(15.36250000000015,678.0)
(15.375000000000151,678.0)
(15.375000000000151,678.0)
(15.376666666666818,678.0)
(15.378333333333485,678.0)
(15.380000000000152,678.0)
(15.381666666666817,677.0)
(15.383333333333484,678.0)
(15.38500000000015,677.0)
(15.386666666666818,677.0)
(15.388333333333485,678.0)
(15.390000000000152,678.0)
(15.391666666666818,678.0)
(15.393333333333485,677.0)
(15.39500000000015,678.0)
(15.396666666666817,677.0)
(15.398333333333484,678.0)
(15.400000000000151,677.0)
(15.400000000000151,677.0)
(15.400000000000151,677.0)
(15.403125000000152,677.0)
(15.406250000000151,677.0)
(15.409375000000152,677.0)
(15.41250000000015,677.0)
(15.415625000000151,678.0)
(15.418750000000152,677.0)
(15.421875000000151,678.0)
(15.425000000000152,678.0)
(15.425000000000152,678.0)
(15.428125000000152,678.0)
(15.431250000000151,677.0)
(15.434375000000152,678.0)
(15.437500000000153,678.0)
(15.440625000000152,678.0)
(15.443750000000152,678.0)
(15.446875000000151,678.0)
(15.450000000000152,677.0)
(15.450000000000152,678.0)
(15.450000000000152,677.0)
(15.45357142857158,677.0)
(15.45714285714301,678.0)
(15.460714285714438,677.0)
(15.464285714285866,677.0)
(15.467857142857294,677.0)
(15.471428571428724,677.0)
(15.475000000000152,678.0)
(15.475000000000152,678.0)
(15.500000000000153,678.0)
(15.500000000000153,677.0)
(15.502500000000152,678.0)
(15.505000000000154,678.0)
(15.507500000000153,677.0)
(15.510000000000153,677.0)
(15.512500000000152,677.0)
(15.515000000000153,677.0)
(15.517500000000153,678.0)
(15.520000000000152,678.0)
(15.522500000000154,677.0)
(15.525000000000153,677.0)
(15.525000000000153,677.0)
(15.527777777777931,678.0)
(15.53055555555571,678.0)
(15.533333333333486,677.0)
(15.536111111111264,677.0)
(15.538888888889042,678.0)
(15.54166666666682,677.0)
(15.544444444444597,677.0)
(15.547222222222375,678.0)
(15.550000000000153,678.0)
(15.550000000000153,678.0)
(15.552500000000153,678.0)
(15.555000000000154,678.0)
(15.557500000000154,677.0)
(15.560000000000153,678.0)
(15.562500000000153,677.0)
(15.565000000000154,678.0)
(15.567500000000154,677.0)
(15.570000000000153,677.0)
(15.572500000000154,678.0)
(15.575000000000154,678.0)
(15.575000000000154,677.0)
(15.577777777777932,677.0)
(15.58055555555571,678.0)
(15.583333333333487,678.0)
(15.586111111111265,677.0)
(15.588888888889043,677.0)
(15.591666666666821,677.0)
(15.594444444444598,678.0)
(15.597222222222376,678.0)
(15.600000000000154,678.0)
(15.600000000000154,677.0)
(15.602777777777932,678.0)
(15.60555555555571,678.0)
(15.608333333333487,678.0)
(15.611111111111265,678.0)
(15.613888888889043,677.0)
(15.616666666666822,678.0)
(15.619444444444598,678.0)
(15.622222222222376,678.0)
(15.625000000000155,677.0)
(15.625000000000155,677.0)
(15.628125000000155,677.0)
(15.631250000000154,678.0)
(15.634375000000155,677.0)
(15.637500000000156,678.0)
(15.640625000000155,678.0)
(15.643750000000155,677.0)
(15.646875000000154,677.0)
(15.650000000000155,678.0)
(15.650000000000155,677.0)
(15.653125000000156,678.0)
(15.656250000000155,678.0)
(15.659375000000155,677.0)
(15.662500000000154,678.0)
(15.665625000000155,679.0)
(15.668750000000156,678.0)
(15.671875000000155,678.0)
(15.675000000000155,677.0)
(15.675000000000155,677.0)
(15.678125000000156,678.0)
(15.681250000000155,677.0)
(15.684375000000156,678.0)
(15.687500000000156,678.0)
(15.690625000000155,678.0)
(15.693750000000156,677.0)
(15.696875000000155,678.0)
(15.700000000000156,678.0)
(15.700000000000156,678.0)
(15.700000000000156,677.0)
(15.700000000000156,678.0)
(15.703571428571584,678.0)
(15.707142857143014,678.0)
(15.710714285714442,678.0)
(15.71428571428587,677.0)
(15.717857142857298,677.0)
(15.721428571428728,678.0)
(15.725000000000156,677.0)
(15.725000000000156,677.0)
(15.729166666666822,677.0)
(15.733333333333489,677.0)
(15.737500000000157,679.0)
(15.741666666666823,677.0)
(15.74583333333349,678.0)
(15.750000000000156,678.0)
(15.750000000000156,678.0)
(15.750000000000156,677.0)
(15.750000000000156,678.0)
(15.762500000000156,677.0)
(15.775000000000157,677.0)
(15.775000000000157,678.0)
(15.779166666666823,678.0)
(15.78333333333349,677.0)
(15.787500000000158,678.0)
(15.791666666666824,678.0)
(15.79583333333349,678.0)
(15.800000000000157,677.0)
(15.800000000000157,678.0)
(15.802500000000157,678.0)
(15.805000000000158,677.0)
(15.807500000000157,677.0)
(15.810000000000157,677.0)
(15.812500000000156,677.0)
(15.815000000000158,677.0)
(15.817500000000157,677.0)
(15.820000000000157,677.0)
(15.822500000000158,677.0)
(15.825000000000157,678.0)
(15.825000000000157,678.0)
(15.828125000000158,677.0)
(15.831250000000157,677.0)
(15.834375000000158,678.0)
(15.837500000000158,678.0)
(15.840625000000157,678.0)
(15.843750000000158,678.0)
(15.846875000000157,677.0)
(15.850000000000158,678.0)
(15.850000000000158,678.0)
(15.852083333333491,678.0)
(15.854166666666824,678.0)
(15.856250000000157,678.0)
(15.85833333333349,678.0)
(15.860416666666824,677.0)
(15.862500000000157,678.0)
(15.864583333333492,677.0)
(15.866666666666825,678.0)
(15.868750000000158,678.0)
(15.870833333333492,678.0)
(15.872916666666825,677.0)
(15.875000000000158,678.0)
(15.875000000000158,678.0)
(15.878571428571586,679.0)
(15.882142857143016,679.0)
(15.885714285714444,676.0)
(15.889285714285872,677.0)
(15.8928571428573,678.0)
(15.89642857142873,678.0)
(15.900000000000158,676.0)
(15.900000000000158,678.0)
(15.925000000000159,678.0)
(15.925000000000159,677.0)
(15.927272727272886,678.0)
(15.929545454545613,677.0)
(15.931818181818342,679.0)
(15.934090909091069,677.0)
(15.936363636363795,678.0)
(15.938636363636522,677.0)
(15.94090909090925,677.0)
(15.943181818181976,677.0)
(15.945454545454705,676.0)
(15.947727272727432,678.0)
(15.95000000000016,678.0)
(15.95000000000016,678.0)
(15.952777777777937,678.0)
(15.955555555555716,678.0)
(15.958333333333492,676.0)
(15.96111111111127,678.0)
(15.963888888889048,677.0)
(15.966666666666827,678.0)
(15.969444444444603,678.0)
(15.972222222222381,678.0)
(15.97500000000016,677.0)
(15.97500000000016,677.0)
(15.977272727272886,678.0)
(15.979545454545613,677.0)
(15.981818181818342,678.0)
(15.98409090909107,678.0)
(15.986363636363796,678.0)
(15.988636363636523,678.0)
(15.99090909090925,678.0)
(15.993181818181977,678.0)
(15.995454545454706,679.0)
(15.997727272727433,678.0)
(16.00000000000016,677.0)
(16.00000000000016,678.0)
(16.00312500000016,678.0)
(16.006250000000158,677.0)
(16.00937500000016,678.0)
(16.01250000000016,677.0)
(16.01562500000016,677.0)
(16.01875000000016,678.0)
(16.021875000000158,677.0)
(16.02500000000016,678.0)
(16.02500000000016,677.0)
(16.027272727272887,677.0)
(16.029545454545612,678.0)
(16.03181818181834,678.0)
(16.034090909091066,678.0)
(16.036363636363795,678.0)
(16.03863636363652,677.0)
(16.04090909090925,677.0)
(16.043181818181974,678.0)
(16.045454545454703,678.0)
(16.04772727272743,677.0)
(16.050000000000157,678.0)
(16.050000000000157,677.0)
(16.052777777777933,678.0)
(16.055555555555713,678.0)
(16.05833333333349,677.0)
(16.061111111111266,678.0)
(16.063888888889046,679.0)
(16.066666666666823,678.0)
(16.0694444444446,679.0)
(16.07222222222238,678.0)
(16.075000000000156,678.0)
(16.075000000000156,678.0)
(16.07708333333349,679.0)
(16.079166666666822,678.0)
(16.081250000000153,679.0)
(16.08333333333349,678.0)
(16.085416666666823,678.0)
(16.087500000000155,678.0)
(16.089583333333486,678.0)
(16.09166666666682,678.0)
(16.093750000000156,678.0)
(16.095833333333488,678.0)
(16.09791666666682,678.0)
(16.100000000000154,678.0)
(16.100000000000154,678.0)
(16.103125000000155,680.0)
(16.106250000000152,678.0)
(16.109375000000153,680.0)
(16.112500000000153,680.0)
(16.115625000000154,679.0)
(16.118750000000155,679.0)
(16.121875000000152,680.0)
(16.125000000000153,680.0)
(16.125000000000153,679.0)
(16.12692307692323,678.0)
(16.128846153846307,680.0)
(16.130769230769385,680.0)
(16.13269230769246,680.0)
(16.134615384615536,680.0)
(16.136538461538613,680.0)
(16.13846153846169,679.0)
(16.140384615384768,680.0)
(16.142307692307845,680.0)
(16.14423076923092,680.0)
(16.146153846153997,680.0)
(16.148076923077074,680.0)
(16.15000000000015,680.0)
(16.15000000000015,680.0)
(16.152777777777928,680.0)
(16.155555555555708,680.0)
(16.158333333333484,680.0)
(16.16111111111126,680.0)
(16.16388888888904,680.0)
(16.166666666666817,680.0)
(16.169444444444594,680.0)
(16.172222222222373,680.0)
(16.17500000000015,680.0)
(16.17500000000015,680.0)
(16.177777777777926,680.0)
(16.180555555555706,680.0)
(16.183333333333483,680.0)
(16.18611111111126,680.0)
(16.18888888888904,679.0)
(16.191666666666816,680.0)
(16.194444444444592,680.0)
(16.197222222222372,680.0)
(16.20000000000015,680.0)
(16.20000000000015,680.0)
(16.202777777777925,680.0)
(16.205555555555705,680.0)
(16.20833333333348,680.0)
(16.211111111111258,680.0)
(16.213888888889038,679.0)
(16.216666666666814,680.0)
(16.21944444444459,680.0)
(16.22222222222237,680.0)
(16.225000000000147,680.0)
(16.225000000000147,680.0)
(16.227777777777924,680.0)
(16.230555555555704,680.0)
(16.23333333333348,680.0)
(16.236111111111256,680.0)
(16.238888888889036,680.0)
(16.241666666666813,680.0)
(16.24444444444459,680.0)
(16.24722222222237,680.0)
(16.250000000000146,680.0)
(16.250000000000146,680.0)
(16.275000000000144,680.0)
(16.275000000000144,680.0)
(16.27916666666681,680.0)
(16.283333333333477,680.0)
(16.287500000000144,680.0)
(16.29166666666681,680.0)
(16.295833333333476,680.0)
(16.300000000000143,680.0)
(16.300000000000143,680.0)
(16.30227272727287,680.0)
(16.304545454545597,680.0)
(16.306818181818326,680.0)
(16.30909090909105,679.0)
(16.31136363636378,680.0)
(16.313636363636505,680.0)
(16.315909090909233,680.0)
(16.31818181818196,680.0)
(16.320454545454687,680.0)
(16.322727272727413,680.0)
(16.32500000000014,680.0)
(16.32500000000014,680.0)
(16.328125000000142,680.0)
(16.33125000000014,679.0)
(16.33437500000014,680.0)
(16.33750000000014,680.0)
(16.34062500000014,680.0)
(16.343750000000142,680.0)
(16.34687500000014,680.0)
(16.35000000000014,680.0)
(16.35000000000014,680.0)
(16.35312500000014,680.0)
(16.356250000000138,680.0)
(16.35937500000014,679.0)
(16.36250000000014,680.0)
(16.36562500000014,680.0)
(16.36875000000014,680.0)
(16.371875000000138,680.0)
(16.37500000000014,680.0)
(16.37500000000014,680.0)
(16.377777777777915,680.0)
(16.380555555555695,680.0)
(16.38333333333347,680.0)
(16.386111111111248,680.0)
(16.388888888889028,680.0)
(16.391666666666804,680.0)
(16.39444444444458,680.0)
(16.39722222222236,680.0)
(16.400000000000137,680.0)
(16.400000000000137,679.0)
(16.402777777777914,680.0)
(16.405555555555694,680.0)
(16.40833333333347,680.0)
(16.411111111111246,680.0)
(16.413888888889026,680.0)
(16.416666666666803,680.0)
(16.41944444444458,680.0)
(16.42222222222236,680.0)
(16.425000000000136,680.0)
(16.425000000000136,680.0)
(16.428125000000136,680.0)
(16.431250000000134,680.0)
(16.434375000000134,680.0)
(16.437500000000135,680.0)
(16.440625000000136,680.0)
(16.443750000000136,680.0)
(16.446875000000134,680.0)
(16.450000000000134,680.0)
(16.450000000000134,680.0)
(16.4541666666668,680.0)
(16.458333333333467,680.0)
(16.462500000000134,680.0)
(16.4666666666668,680.0)
(16.470833333333466,680.0)
(16.475000000000133,680.0)
(16.475000000000133,680.0)
(16.50000000000013,680.0)
(16.50000000000013,680.0)
(16.502500000000133,680.0)
(16.50500000000013,680.0)
(16.50750000000013,680.0)
(16.51000000000013,680.0)
(16.51250000000013,680.0)
(16.515000000000132,680.0)
(16.51750000000013,680.0)
(16.52000000000013,680.0)
(16.52250000000013,680.0)
(16.52500000000013,680.0)
(16.52500000000013,680.0)
(16.52812500000013,680.0)
(16.531250000000128,680.0)
(16.53437500000013,680.0)
(16.53750000000013,680.0)
(16.54062500000013,680.0)
(16.54375000000013,680.0)
(16.546875000000128,680.0)
(16.55000000000013,680.0)
(16.55000000000013,680.0)
(16.55000000000013,680.0)
(16.552272727272857,680.0)
(16.554545454545583,680.0)
(16.55681818181831,680.0)
(16.559090909091037,680.0)
(16.561363636363765,680.0)
(16.56363636363649,680.0)
(16.56590909090922,680.0)
(16.568181818181944,680.0)
(16.570454545454673,680.0)
(16.5727272727274,680.0)
(16.575000000000127,680.0)
(16.575000000000127,680.0)
(16.578125000000128,680.0)
(16.581250000000125,680.0)
(16.584375000000126,680.0)
(16.587500000000126,680.0)
(16.590625000000127,680.0)
(16.593750000000128,680.0)
(16.596875000000125,680.0)
(16.600000000000126,679.0)
(16.600000000000126,680.0)
(16.602500000000127,680.0)
(16.605000000000125,680.0)
(16.607500000000126,680.0)
(16.610000000000124,679.0)
(16.612500000000125,680.0)
(16.615000000000126,680.0)
(16.617500000000124,680.0)
(16.620000000000125,680.0)
(16.622500000000123,680.0)
(16.625000000000124,680.0)
(16.625000000000124,680.0)
(16.6277777777779,680.0)
(16.63055555555568,680.0)
(16.633333333333457,680.0)
(16.636111111111234,680.0)
(16.638888888889014,680.0)
(16.64166666666679,680.0)
(16.644444444444566,680.0)
(16.647222222222346,680.0)
(16.650000000000123,680.0)
(16.650000000000123,680.0)
(16.65227272727285,680.0)
(16.654545454545577,680.0)
(16.656818181818306,680.0)
(16.65909090909103,679.0)
(16.66136363636376,680.0)
(16.663636363636485,680.0)
(16.665909090909214,680.0)
(16.66818181818194,680.0)
(16.670454545454668,680.0)
(16.672727272727393,680.0)
(16.67500000000012,680.0)
(16.67500000000012,680.0)
(16.677777777777898,680.0)
(16.680555555555678,680.0)
(16.683333333333454,680.0)
(16.68611111111123,680.0)
(16.68888888888901,680.0)
(16.691666666666787,680.0)
(16.694444444444564,680.0)
(16.697222222222344,680.0)
(16.70000000000012,680.0)
(16.70000000000012,680.0)
(16.702777777777897,680.0)
(16.705555555555677,679.0)
(16.708333333333453,680.0)
(16.71111111111123,680.0)
(16.71388888888901,680.0)
(16.716666666666786,679.0)
(16.719444444444562,680.0)
(16.722222222222342,680.0)
(16.72500000000012,679.0)
(16.72500000000012,679.0)
(16.72812500000012,680.0)
(16.731250000000117,680.0)
(16.734375000000117,680.0)
(16.737500000000118,679.0)
(16.74062500000012,679.0)
(16.74375000000012,680.0)
(16.746875000000117,680.0)
(16.750000000000117,680.0)
(16.750000000000117,680.0)
(16.752777777777894,680.0)
(16.755555555555674,680.0)
(16.75833333333345,680.0)
(16.761111111111227,680.0)
(16.763888888889007,680.0)
(16.766666666666783,680.0)
(16.76944444444456,680.0)
(16.77222222222234,680.0)
(16.775000000000116,680.0)
(16.775000000000116,680.0)
(16.778125000000117,679.0)
(16.781250000000114,678.0)
(16.784375000000114,678.0)
(16.787500000000115,678.0)
(16.790625000000116,678.0)
(16.793750000000117,678.0)
(16.796875000000114,678.0)
(16.800000000000114,677.0)
(16.800000000000114,679.0)
(16.80277777777789,678.0)
(16.80555555555567,678.0)
(16.808333333333447,677.0)
(16.811111111111224,678.0)
(16.813888888889004,678.0)
(16.81666666666678,678.0)
(16.819444444444557,678.0)
(16.822222222222337,677.0)
(16.825000000000113,678.0)
(16.825000000000113,677.0)
(16.827500000000114,678.0)
(16.830000000000112,678.0)
(16.832500000000113,678.0)
(16.83500000000011,678.0)
(16.837500000000112,678.0)
(16.840000000000114,678.0)
(16.84250000000011,678.0)
(16.845000000000113,678.0)
(16.84750000000011,677.0)
(16.85000000000011,678.0)
(16.85000000000011,679.0)
(16.853125000000112,678.0)
(16.85625000000011,678.0)
(16.85937500000011,678.0)
(16.86250000000011,678.0)
(16.86562500000011,678.0)
(16.868750000000112,677.0)
(16.87187500000011,677.0)
(16.87500000000011,677.0)
(16.87500000000011,677.0)
(16.877777777777887,678.0)
(16.880555555555667,677.0)
(16.883333333333443,678.0)
(16.88611111111122,678.0)
(16.888888888889,679.0)
(16.891666666666776,678.0)
(16.894444444444552,678.0)
(16.897222222222332,678.0)
(16.90000000000011,678.0)
(16.90000000000011,677.0)
(16.902777777777885,678.0)
(16.905555555555665,678.0)
(16.90833333333344,678.0)
(16.911111111111218,678.0)
(16.913888888888998,677.0)
(16.916666666666774,677.0)
(16.91944444444455,678.0)
(16.92222222222233,677.0)
(16.925000000000107,678.0)
(16.925000000000107,677.0)
(16.927272727272836,677.0)
(16.92954545454556,677.0)
(16.93181818181829,677.0)
(16.934090909091015,678.0)
(16.936363636363744,678.0)
(16.93863636363647,677.0)
(16.940909090909198,677.0)
(16.943181818181923,678.0)
(16.945454545454652,677.0)
(16.947727272727377,678.0)
(16.950000000000106,677.0)
(16.950000000000106,678.0)
(16.952777777777882,677.0)
(16.955555555555662,677.0)
(16.95833333333344,677.0)
(16.961111111111215,677.0)
(16.963888888888995,678.0)
(16.96666666666677,678.0)
(16.969444444444548,678.0)
(16.972222222222328,678.0)
(16.975000000000104,677.0)
(16.975000000000104,678.0)
(16.977500000000106,678.0)
(16.980000000000103,678.0)
(16.982500000000105,678.0)
(16.985000000000102,678.0)
(16.987500000000104,677.0)
(16.990000000000105,678.0)
(16.992500000000103,677.0)
(16.995000000000104,677.0)
(16.9975000000001,677.0)
(17.000000000000103,677.0)
(17.000000000000103,677.0)
(17.003125000000104,678.0)
(17.0062500000001,677.0)
(17.0093750000001,677.0)
(17.012500000000102,678.0)
(17.015625000000103,678.0)
(17.018750000000104,678.0)
(17.0218750000001,677.0)
(17.0250000000001,678.0)
(17.0250000000001,677.0)
(17.027083333333437,678.0)
(17.029166666666768,677.0)
(17.0312500000001,678.0)
(17.033333333333434,678.0)
(17.03541666666677,678.0)
(17.0375000000001,677.0)
(17.039583333333432,678.0)
(17.041666666666767,678.0)
(17.043750000000102,678.0)
(17.045833333333434,677.0)
(17.047916666666765,678.0)
(17.0500000000001,678.0)
(17.0500000000001,678.0)
(17.0531250000001,677.0)
(17.056250000000098,678.0)
(17.0593750000001,676.0)
(17.0625000000001,677.0)
(17.0656250000001,677.0)
(17.0687500000001,678.0)
(17.071875000000098,677.0)
(17.0750000000001,678.0)
(17.0750000000001,678.0)
(17.080000000000098,678.0)
(17.085000000000097,678.0)
(17.0900000000001,678.0)
(17.0950000000001,678.0)
(17.100000000000097,678.0)
(17.100000000000097,677.0)
(17.105000000000096,678.0)
(17.110000000000095,677.0)
(17.115000000000098,677.0)
(17.120000000000097,678.0)
(17.125000000000096,678.0)
(17.125000000000096,678.0)
(17.127777777777872,677.0)
(17.130555555555652,679.0)
(17.13333333333343,678.0)
(17.136111111111205,677.0)
(17.138888888888985,678.0)
(17.14166666666676,677.0)
(17.144444444444538,678.0)
(17.147222222222318,677.0)
(17.150000000000095,677.0)
(17.150000000000095,678.0)
(17.175000000000093,678.0)
(17.175000000000093,677.0)
(17.17692307692317,678.0)
(17.178846153846248,677.0)
(17.180769230769325,678.0)
(17.1826923076924,677.0)
(17.184615384615476,677.0)
(17.186538461538554,677.0)
(17.18846153846163,678.0)
(17.19038461538471,677.0)
(17.192307692307786,677.0)
(17.19423076923086,678.0)
(17.196153846153937,677.0)
(17.198076923077014,677.0)
(17.20000000000009,678.0)
(17.20000000000009,678.0)
(17.202777777777868,677.0)
(17.205555555555648,678.0)
(17.208333333333425,677.0)
(17.2111111111112,678.0)
(17.21388888888898,678.0)
(17.216666666666757,677.0)
(17.219444444444534,677.0)
(17.222222222222314,678.0)
(17.22500000000009,678.0)
(17.22500000000009,677.0)
(17.227777777777867,678.0)
(17.230555555555647,677.0)
(17.233333333333423,677.0)
(17.2361111111112,679.0)
(17.23888888888898,678.0)
(17.241666666666756,676.0)
(17.244444444444532,678.0)
(17.247222222222312,678.0)
(17.25000000000009,677.0)
(17.25000000000009,678.0)
(17.25312500000009,677.0)
(17.256250000000087,678.0)
(17.259375000000087,678.0)
(17.262500000000088,677.0)
(17.26562500000009,678.0)
(17.26875000000009,677.0)
(17.271875000000087,677.0)
(17.275000000000087,677.0)
(17.275000000000087,677.0)
(17.277777777777864,677.0)
(17.280555555555644,677.0)
(17.28333333333342,677.0)
(17.286111111111197,678.0)
(17.288888888888977,678.0)
(17.291666666666753,677.0)
(17.29444444444453,678.0)
(17.29722222222231,677.0)
(17.300000000000086,677.0)
(17.300000000000086,678.0)
(17.303125000000087,678.0)
(17.306250000000084,678.0)
(17.309375000000085,677.0)
(17.312500000000085,677.0)
(17.315625000000086,678.0)
(17.318750000000087,678.0)
(17.321875000000084,677.0)
(17.325000000000085,677.0)
(17.325000000000085,677.0)
(17.328125000000085,677.0)
(17.331250000000082,678.0)
(17.334375000000083,677.0)
(17.337500000000084,678.0)
(17.340625000000085,678.0)
(17.343750000000085,677.0)
(17.346875000000082,677.0)
(17.350000000000083,676.0)
(17.350000000000083,678.0)
(17.353571428571513,677.0)
(17.35714285714294,677.0)
(17.36071428571437,678.0)
(17.364285714285796,678.0)
(17.367857142857225,678.0)
(17.371428571428652,677.0)
(17.37500000000008,677.0)
(17.37500000000008,677.0)
(17.37500000000008,677.0)
(17.377500000000083,678.0)
(17.38000000000008,677.0)
(17.382500000000082,677.0)
(17.38500000000008,678.0)
(17.38750000000008,678.0)
(17.390000000000082,678.0)
(17.39250000000008,677.0)
(17.39500000000008,677.0)
(17.39750000000008,677.0)
(17.40000000000008,677.0)
(17.40000000000008,678.0)
(17.41250000000008,677.0)
(17.42500000000008,678.0)
(17.42500000000008,678.0)
(17.42500000000008,678.0)
(17.430000000000078,678.0)
(17.435000000000077,678.0)
(17.44000000000008,678.0)
(17.44500000000008,678.0)
(17.450000000000077,677.0)
(17.450000000000077,678.0)
(17.450000000000077,677.0)
(17.452777777777854,678.0)
(17.455555555555634,678.0)
(17.45833333333341,677.0)
(17.461111111111187,677.0)
(17.463888888888967,678.0)
(17.466666666666743,677.0)
(17.46944444444452,678.0)
(17.4722222222223,677.0)
(17.475000000000076,678.0)
(17.475000000000076,677.0)
(17.48333333333341,677.0)
(17.49166666666674,678.0)
(17.500000000000075,677.0)
(17.500000000000075,677.0)
(17.505000000000074,678.0)
(17.510000000000073,677.0)
(17.515000000000075,678.0)
(17.520000000000074,678.0)
(17.525000000000073,678.0)
(17.525000000000073,677.0)
(17.528125000000074,677.0)
(17.53125000000007,678.0)
(17.53437500000007,677.0)
(17.537500000000072,677.0)
(17.540625000000073,678.0)
(17.543750000000074,677.0)
(17.54687500000007,678.0)
(17.55000000000007,677.0)
(17.55000000000007,678.0)
(17.57500000000007,677.0)
(17.57500000000007,677.0)
(17.577777777777847,678.0)
(17.580555555555627,678.0)
(17.583333333333403,677.0)
(17.58611111111118,678.0)
(17.58888888888896,678.0)
(17.591666666666736,677.0)
(17.594444444444512,677.0)
(17.597222222222292,676.0)
(17.60000000000007,677.0)
(17.60000000000007,678.0)
(17.60250000000007,678.0)
(17.605000000000068,678.0)
(17.60750000000007,677.0)
(17.610000000000067,678.0)
(17.612500000000068,677.0)
(17.61500000000007,677.0)
(17.617500000000067,679.0)
(17.62000000000007,678.0)
(17.622500000000066,677.0)
(17.625000000000068,677.0)
(17.625000000000068,678.0)
(17.627272727272796,678.0)
(17.62954545454552,678.0)
(17.63181818181825,678.0)
(17.634090909090975,678.0)
(17.636363636363704,678.0)
(17.63863636363643,677.0)
(17.640909090909158,677.0)
(17.643181818181883,677.0)
(17.645454545454612,678.0)
(17.647727272727337,678.0)
(17.650000000000066,679.0)
(17.650000000000066,677.0)
(17.675000000000065,678.0)
(17.675000000000065,677.0)
(17.67916666666673,678.0)
(17.683333333333398,678.0)
(17.687500000000064,679.0)
(17.69166666666673,677.0)
(17.695833333333397,678.0)
(17.700000000000063,677.0)
(17.700000000000063,678.0)
(17.7020833333334,678.0)
(17.70416666666673,678.0)
(17.70625000000006,678.0)
(17.708333333333396,678.0)
(17.71041666666673,678.0)
(17.712500000000063,678.0)
(17.714583333333394,677.0)
(17.71666666666673,677.0)
(17.718750000000064,678.0)
(17.720833333333395,678.0)
(17.722916666666727,678.0)
(17.725000000000062,678.0)
(17.725000000000062,677.0)
(17.728125000000063,677.0)
(17.73125000000006,678.0)
(17.73437500000006,678.0)
(17.73750000000006,678.0)
(17.740625000000062,678.0)
(17.743750000000063,677.0)
(17.74687500000006,677.0)
(17.75000000000006,678.0)
(17.75000000000006,677.0)
(17.75250000000006,677.0)
(17.75500000000006,676.0)
(17.75750000000006,678.0)
(17.76000000000006,678.0)
(17.76250000000006,677.0)
(17.76500000000006,678.0)
(17.76750000000006,677.0)
(17.77000000000006,678.0)
(17.772500000000058,678.0)
(17.77500000000006,678.0)
(17.77500000000006,677.0)
(17.800000000000058,677.0)
(17.800000000000058,678.0)
(17.804166666666724,677.0)
(17.80833333333339,678.0)
(17.812500000000057,678.0)
(17.816666666666723,677.0)
(17.82083333333339,678.0)
(17.825000000000056,678.0)
(17.825000000000056,679.0)
(17.825000000000056,677.0)
(17.825000000000056,678.0)
(17.828571428571486,678.0)
(17.832142857142912,677.0)
(17.835714285714342,677.0)
(17.83928571428577,678.0)
(17.8428571428572,678.0)
(17.846428571428625,678.0)
(17.850000000000055,678.0)
(17.850000000000055,677.0)
(17.85277777777783,677.0)
(17.85555555555561,677.0)
(17.858333333333388,678.0)
(17.861111111111164,677.0)
(17.863888888888944,677.0)
(17.86666666666672,677.0)
(17.869444444444497,678.0)
(17.872222222222277,677.0)
(17.875000000000053,677.0)
(17.875000000000053,678.0)
(17.87777777777783,678.0)
(17.88055555555561,678.0)
(17.883333333333386,678.0)
(17.886111111111163,679.0)
(17.888888888888943,678.0)
(17.89166666666672,677.0)
(17.894444444444495,677.0)
(17.897222222222275,678.0)
(17.900000000000052,677.0)
(17.900000000000052,677.0)
(17.903125000000053,677.0)
(17.90625000000005,678.0)
(17.90937500000005,678.0)
(17.91250000000005,679.0)
(17.915625000000052,677.0)
(17.918750000000053,677.0)
(17.92187500000005,678.0)
(17.92500000000005,678.0)
(17.92500000000005,677.0)
(17.92812500000005,678.0)
(17.93125000000005,678.0)
(17.93437500000005,678.0)
(17.93750000000005,677.0)
(17.94062500000005,677.0)
(17.94375000000005,678.0)
(17.94687500000005,677.0)
(17.95000000000005,677.0)
(17.95000000000005,678.0)
(17.95312500000005,678.0)
(17.956250000000047,678.0)
(17.959375000000048,678.0)
(17.96250000000005,678.0)
(17.96562500000005,678.0)
(17.96875000000005,678.0)
(17.971875000000047,678.0)
(17.975000000000048,677.0)
(17.975000000000048,677.0)
(17.97750000000005,678.0)
(17.980000000000047,678.0)
(17.982500000000048,677.0)
(17.985000000000046,678.0)
(17.987500000000047,678.0)
(17.990000000000048,678.0)
(17.992500000000046,679.0)
(17.995000000000047,678.0)
(17.997500000000045,678.0)
(18.000000000000046,677.0)
(18.000000000000046,678.0)
(18.002777777777823,677.0)
(18.005555555555603,678.0)
(18.00833333333338,677.0)
(18.011111111111155,678.0)
(18.013888888888935,678.0)
(18.016666666666712,677.0)
(18.01944444444449,678.0)
(18.02222222222227,677.0)
(18.025000000000045,678.0)
(18.025000000000045,678.0)
(18.027500000000046,678.0)
(18.030000000000044,677.0)
(18.032500000000045,678.0)
(18.035000000000043,677.0)
(18.037500000000044,678.0)
(18.040000000000045,678.0)
(18.042500000000043,678.0)
(18.045000000000044,678.0)
(18.047500000000042,678.0)
(18.050000000000043,678.0)
(18.050000000000043,677.0)
(18.05277777777782,677.0)
(18.0555555555556,678.0)
(18.058333333333376,678.0)
(18.061111111111153,678.0)
(18.063888888888933,678.0)
(18.06666666666671,678.0)
(18.069444444444485,677.0)
(18.072222222222265,678.0)
(18.075000000000042,677.0)
(18.075000000000042,678.0)
(18.07777777777782,677.0)
(18.0805555555556,677.0)
(18.083333333333375,677.0)
(18.08611111111115,678.0)
(18.08888888888893,679.0)
(18.091666666666708,677.0)
(18.094444444444484,678.0)
(18.097222222222264,677.0)
(18.10000000000004,678.0)
(18.10000000000004,679.0)
(18.102500000000042,679.0)
(18.10500000000004,678.0)
(18.10750000000004,678.0)
(18.11000000000004,678.0)
(18.11250000000004,678.0)
(18.11500000000004,677.0)
(18.11750000000004,677.0)
(18.12000000000004,678.0)
(18.122500000000038,678.0)
(18.12500000000004,677.0)
(18.12500000000004,678.0)
(18.127777777777816,678.0)
(18.130555555555596,677.0)
(18.133333333333372,677.0)
(18.13611111111115,678.0)
(18.13888888888893,678.0)
(18.141666666666705,678.0)
(18.14444444444448,678.0)
(18.14722222222226,678.0)
(18.150000000000038,678.0)
(18.150000000000038,678.0)
(18.15250000000004,678.0)
(18.155000000000037,677.0)
(18.157500000000038,678.0)
(18.160000000000036,678.0)
(18.162500000000037,678.0)
(18.16500000000004,678.0)
(18.167500000000036,678.0)
(18.170000000000037,678.0)
(18.172500000000035,678.0)
(18.175000000000036,677.0)
(18.175000000000036,678.0)
(18.178125000000037,678.0)
(18.181250000000034,678.0)
(18.184375000000035,677.0)
(18.187500000000036,678.0)
(18.190625000000036,677.0)
(18.193750000000037,679.0)
(18.196875000000034,678.0)
(18.200000000000035,678.0)
(18.200000000000035,678.0)
(18.202500000000036,677.0)
(18.205000000000034,678.0)
(18.207500000000035,678.0)
(18.210000000000033,676.0)
(18.212500000000034,676.0)
(18.215000000000035,678.0)
(18.217500000000033,678.0)
(18.220000000000034,678.0)
(18.222500000000032,677.0)
(18.225000000000033,677.0)
(18.225000000000033,677.0)
(18.22777777777781,677.0)
(18.23055555555559,678.0)
(18.233333333333366,677.0)
(18.236111111111143,678.0)
(18.238888888888923,678.0)
(18.2416666666667,678.0)
(18.244444444444476,678.0)
(18.247222222222256,677.0)
(18.250000000000032,678.0)
(18.250000000000032,678.0)
(18.252500000000033,678.0)
(18.25500000000003,677.0)
(18.257500000000032,677.0)
(18.26000000000003,678.0)
(18.26250000000003,678.0)
(18.265000000000033,678.0)
(18.26750000000003,678.0)
(18.27000000000003,677.0)
(18.27250000000003,678.0)
(18.27500000000003,677.0)
(18.27500000000003,678.0)
(18.277500000000032,678.0)
(18.28000000000003,678.0)
(18.28250000000003,678.0)
(18.28500000000003,678.0)
(18.28750000000003,677.0)
(18.29000000000003,678.0)
(18.29250000000003,678.0)
(18.29500000000003,678.0)
(18.297500000000028,677.0)
(18.30000000000003,677.0)
(18.30000000000003,678.0)
(18.302272727272758,678.0)
(18.304545454545483,677.0)
(18.306818181818212,678.0)
(18.309090909090937,677.0)
(18.311363636363666,678.0)
(18.31363636363639,679.0)
(18.31590909090912,678.0)
(18.318181818181845,678.0)
(18.320454545454574,678.0)
(18.3227272727273,679.0)
(18.325000000000028,678.0)
(18.325000000000028,678.0)
(18.327777777777804,678.0)
(18.330555555555584,678.0)
(18.33333333333336,678.0)
(18.336111111111137,678.0)
(18.338888888888917,678.0)
(18.341666666666693,676.0)
(18.34444444444447,678.0)
(18.34722222222225,678.0)
(18.350000000000026,677.0)
(18.350000000000026,678.0)
(18.352500000000028,678.0)
(18.355000000000025,678.0)
(18.357500000000027,677.0)
(18.360000000000024,678.0)
(18.362500000000026,678.0)
(18.365000000000027,678.0)
(18.367500000000025,678.0)
(18.370000000000026,677.0)
(18.372500000000024,678.0)
(18.375000000000025,678.0)
(18.375000000000025,678.0)
(18.378125000000026,678.0)
(18.381250000000023,677.0)
(18.384375000000023,678.0)
(18.387500000000024,678.0)
(18.390625000000025,678.0)
(18.393750000000026,678.0)
(18.396875000000023,678.0)
(18.400000000000023,677.0)
(18.400000000000023,678.0)
(18.403125000000024,678.0)
(18.40625000000002,678.0)
(18.409375000000022,677.0)
(18.412500000000023,677.0)
(18.415625000000023,679.0)
(18.418750000000024,677.0)
(18.42187500000002,678.0)
(18.425000000000022,678.0)
(18.425000000000022,677.0)
(18.4277777777778,679.0)
(18.43055555555558,677.0)
(18.433333333333355,679.0)
(18.43611111111113,677.0)
(18.43888888888891,678.0)
(18.441666666666688,679.0)
(18.444444444444464,678.0)
(18.447222222222244,677.0)
(18.45000000000002,677.0)
(18.45000000000002,678.0)
(18.45312500000002,678.0)
(18.45625000000002,678.0)
(18.45937500000002,677.0)
(18.46250000000002,678.0)
(18.46562500000002,678.0)
(18.46875000000002,677.0)
(18.47187500000002,677.0)
(18.47500000000002,678.0)
(18.47500000000002,677.0)
(18.47812500000002,678.0)
(18.481250000000017,677.0)
(18.484375000000018,678.0)
(18.48750000000002,677.0)
(18.49062500000002,678.0)
(18.49375000000002,678.0)
(18.496875000000017,677.0)
(18.500000000000018,678.0)
(18.500000000000018,677.0)
(18.502777777777794,677.0)
(18.505555555555574,678.0)
(18.50833333333335,678.0)
(18.511111111111127,679.0)
(18.513888888888907,678.0)
(18.516666666666683,678.0)
(18.51944444444446,678.0)
(18.52222222222224,678.0)
(18.525000000000016,678.0)
(18.525000000000016,678.0)
(18.527500000000018,677.0)
(18.530000000000015,678.0)
(18.532500000000017,677.0)
(18.535000000000014,678.0)
(18.537500000000016,677.0)
(18.540000000000017,678.0)
(18.542500000000015,678.0)
(18.545000000000016,677.0)
(18.547500000000014,678.0)
(18.550000000000015,678.0)
(18.550000000000015,678.0)
(18.553125000000016,677.0)
(18.556250000000013,678.0)
(18.559375000000014,678.0)
(18.562500000000014,678.0)
(18.565625000000015,677.0)
(18.568750000000016,678.0)
(18.571875000000013,678.0)
(18.575000000000014,678.0)
(18.575000000000014,678.0)
(18.57777777777779,677.0)
(18.58055555555557,678.0)
(18.583333333333346,677.0)
(18.586111111111123,678.0)
(18.588888888888903,678.0)
(18.59166666666668,677.0)
(18.594444444444456,677.0)
(18.597222222222236,677.0)
(18.600000000000012,678.0)
(18.600000000000012,677.0)
(18.603125000000013,678.0)
(18.60625000000001,678.0)
(18.60937500000001,678.0)
(18.61250000000001,678.0)
(18.615625000000012,678.0)
(18.618750000000013,678.0)
(18.62187500000001,678.0)
(18.62500000000001,677.0)
(18.62500000000001,678.0)
(18.627500000000012,677.0)
(18.63000000000001,677.0)
(18.63250000000001,678.0)
(18.63500000000001,677.0)
(18.63750000000001,678.0)
(18.64000000000001,676.0)
(18.64250000000001,677.0)
(18.64500000000001,678.0)
(18.647500000000008,677.0)
(18.65000000000001,678.0)
(18.65000000000001,676.0)
(18.652777777777786,679.0)
(18.655555555555566,676.0)
(18.658333333333342,677.0)
(18.66111111111112,677.0)
(18.6638888888889,678.0)
(18.666666666666675,678.0)
(18.66944444444445,678.0)
(18.67222222222223,677.0)
(18.675000000000008,678.0)
(18.675000000000008,678.0)
(18.67750000000001,678.0)
(18.680000000000007,677.0)
(18.682500000000008,676.0)
(18.685000000000006,678.0)
(18.687500000000007,678.0)
(18.69000000000001,678.0)
(18.692500000000006,677.0)
(18.695000000000007,676.0)
(18.697500000000005,678.0)
(18.700000000000006,678.0)
(18.700000000000006,677.0)
(18.703125000000007,678.0)
(18.706250000000004,677.0)
(18.709375000000005,678.0)
(18.712500000000006,677.0)
(18.715625000000006,678.0)
(18.718750000000007,677.0)
(18.721875000000004,678.0)
(18.725000000000005,678.0)
(18.725000000000005,678.0)
(18.72777777777778,678.0)
(18.73055555555556,678.0)
(18.733333333333338,678.0)
(18.736111111111114,678.0)
(18.738888888888894,677.0)
(18.74166666666667,678.0)
(18.744444444444447,678.0)
(18.747222222222227,678.0)
(18.750000000000004,677.0)
(18.750000000000004,678.0)
(18.753125000000004,677.0)
(18.75625,677.0)
(18.759375000000002,678.0)
(18.762500000000003,677.0)
(18.765625000000004,678.0)
(18.768750000000004,677.0)
(18.771875,678.0)
(18.775000000000002,678.0)
(18.775000000000002,678.0)
(18.778125000000003,679.0)
(18.78125,678.0)
(18.784375,678.0)
(18.7875,678.0)
(18.790625000000002,677.0)
(18.793750000000003,678.0)
(18.796875,677.0)
(18.8,678.0)
(18.8,678.0)
(18.80227272727273,677.0)
(18.804545454545455,678.0)
(18.806818181818183,678.0)
(18.80909090909091,677.0)
(18.811363636363637,679.0)
(18.813636363636363,678.0)
(18.81590909090909,678.0)
(18.818181818181817,678.0)
(18.820454545454545,678.0)
(18.82272727272727,678.0)
(18.825,678.0)
(18.825,678.0)
(18.828125,678.0)
(18.831249999999997,678.0)
(18.834374999999998,678.0)
(18.8375,678.0)
(18.840625,678.0)
(18.84375,678.0)
(18.846874999999997,679.0)
(18.849999999999998,678.0)
(18.849999999999998,677.0)
(18.852272727272727,678.0)
(18.854545454545452,677.0)
(18.85681818181818,677.0)
(18.859090909090906,678.0)
(18.861363636363635,678.0)
(18.86363636363636,677.0)
(18.86590909090909,678.0)
(18.868181818181814,678.0)
(18.870454545454542,678.0)
(18.872727272727268,677.0)
(18.874999999999996,678.0)
(18.874999999999996,677.0)
(18.877499999999998,678.0)
(18.879999999999995,677.0)
(18.882499999999997,678.0)
(18.884999999999994,677.0)
(18.887499999999996,678.0)
(18.889999999999997,677.0)
(18.892499999999995,677.0)
(18.894999999999996,677.0)
(18.897499999999994,678.0)
(18.899999999999995,678.0)
(18.899999999999995,678.0)
(18.902272727272724,678.0)
(18.90454545454545,678.0)
(18.906818181818178,677.0)
(18.909090909090903,678.0)
(18.91136363636363,677.0)
(18.913636363636357,678.0)
(18.915909090909086,678.0)
(18.91818181818181,677.0)
(18.92045454545454,678.0)
(18.922727272727265,678.0)
(18.924999999999994,676.0)
(18.924999999999994,679.0)
(18.92777777777777,678.0)
(18.93055555555555,677.0)
(18.933333333333326,677.0)
(18.936111111111103,678.0)
(18.938888888888883,678.0)
(18.94166666666666,678.0)
(18.944444444444436,678.0)
(18.947222222222216,678.0)
(18.949999999999992,677.0)
(18.949999999999992,677.0)
(18.953124999999993,678.0)
(18.95624999999999,677.0)
(18.95937499999999,677.0)
(18.96249999999999,678.0)
(18.965624999999992,678.0)
(18.968749999999993,677.0)
(18.97187499999999,677.0)
(18.97499999999999,678.0)
(18.97499999999999,677.0)
(18.977777777777767,679.0)
(18.980555555555547,678.0)
(18.983333333333324,678.0)
(18.9861111111111,678.0)
(18.98888888888888,676.0)
(18.991666666666656,678.0)
(18.994444444444433,678.0)
(18.997222222222213,678.0)
(18.99999999999999,678.0)
(18.99999999999999,677.0)
(19.00312499999999,677.0)
(19.006249999999987,678.0)
(19.009374999999988,678.0)
(19.01249999999999,679.0)
(19.01562499999999,678.0)
(19.01874999999999,677.0)
(19.021874999999987,677.0)
(19.024999999999988,678.0)
(19.024999999999988,677.0)
(19.027777777777764,679.0)
(19.030555555555544,678.0)
(19.03333333333332,678.0)
(19.036111111111097,678.0)
(19.038888888888877,678.0)
(19.041666666666654,677.0)
(19.04444444444443,678.0)
(19.04722222222221,678.0)
(19.049999999999986,678.0)
(19.049999999999986,678.0)
(19.052272727272715,677.0)
(19.05454545454544,678.0)
(19.05681818181817,678.0)
(19.059090909090894,678.0)
(19.061363636363623,678.0)
(19.06363636363635,677.0)
(19.065909090909077,678.0)
(19.068181818181802,677.0)
(19.07045454545453,678.0)
(19.072727272727256,678.0)
(19.074999999999985,678.0)
(19.074999999999985,677.0)
(19.078124999999986,677.0)
(19.081249999999983,677.0)
(19.084374999999984,677.0)
(19.087499999999984,676.0)
(19.090624999999985,678.0)
(19.093749999999986,678.0)
(19.096874999999983,678.0)
(19.099999999999984,678.0)
(19.099999999999984,677.0)
(19.103571428571414,677.0)
(19.10714285714284,677.0)
(19.11071428571427,678.0)
(19.114285714285696,677.0)
(19.117857142857126,677.0)
(19.121428571428552,678.0)
(19.124999999999982,678.0)
(19.124999999999982,678.0)
(19.14999999999998,678.0)
(19.14999999999998,677.0)
(19.152777777777757,677.0)
(19.155555555555537,678.0)
(19.158333333333314,678.0)
(19.16111111111109,679.0)
(19.16388888888887,678.0)
(19.166666666666647,677.0)
(19.169444444444423,677.0)
(19.172222222222203,678.0)
(19.17499999999998,678.0)
(19.17499999999998,677.0)
(19.177777777777756,678.0)
(19.180555555555536,677.0)
(19.183333333333312,678.0)
(19.18611111111109,677.0)
(19.18888888888887,678.0)
(19.191666666666645,677.0)
(19.19444444444442,677.0)
(19.1972222222222,678.0)
(19.199999999999978,678.0)
(19.199999999999978,677.0)
(19.202777777777754,678.0)
(19.205555555555534,678.0)
(19.20833333333331,678.0)
(19.211111111111087,677.0)
(19.213888888888867,678.0)
(19.216666666666644,678.0)
(19.21944444444442,678.0)
(19.2222222222222,678.0)
(19.224999999999977,678.0)
(19.224999999999977,678.0)
(19.227777777777753,677.0)
(19.230555555555533,678.0)
(19.23333333333331,677.0)
(19.236111111111086,678.0)
(19.238888888888866,679.0)
(19.241666666666642,677.0)
(19.24444444444442,677.0)
(19.2472222222222,678.0)
(19.249999999999975,678.0)
(19.249999999999975,678.0)
(19.252272727272704,677.0)
(19.25454545454543,677.0)
(19.256818181818158,678.0)
(19.259090909090883,676.0)
(19.261363636363612,678.0)
(19.263636363636337,679.0)
(19.265909090909066,678.0)
(19.26818181818179,678.0)
(19.27045454545452,677.0)
(19.272727272727245,678.0)
(19.274999999999974,679.0)
(19.274999999999974,678.0)
(19.277272727272702,678.0)
(19.279545454545428,678.0)
(19.281818181818156,678.0)
(19.28409090909088,678.0)
(19.28636363636361,677.0)
(19.288636363636336,678.0)
(19.290909090909064,678.0)
(19.29318181818179,678.0)
(19.29545454545452,679.0)
(19.297727272727244,677.0)
(19.299999999999972,678.0)
(19.299999999999972,677.0)
(19.30499999999997,679.0)
(19.30999999999997,678.0)
(19.314999999999973,677.0)
(19.319999999999972,677.0)
(19.32499999999997,678.0)
(19.32499999999997,677.0)
(19.333333333333304,678.0)
(19.341666666666637,677.0)
(19.34999999999997,678.0)
(19.34999999999997,678.0)
(19.3535714285714,678.0)
(19.357142857142826,678.0)
(19.360714285714256,678.0)
(19.364285714285682,677.0)
(19.367857142857112,678.0)
(19.371428571428538,678.0)
(19.374999999999968,679.0)
(19.374999999999968,678.0)
(19.387499999999967,678.0)
(19.399999999999967,678.0)
(19.399999999999967,678.0)
(19.402499999999968,678.0)
(19.404999999999966,678.0)
(19.407499999999967,677.0)
(19.409999999999965,678.0)
(19.412499999999966,678.0)
(19.414999999999967,678.0)
(19.417499999999965,678.0)
(19.419999999999966,678.0)
(19.422499999999964,678.0)
(19.424999999999965,678.0)
(19.424999999999965,678.0)
(19.427272727272694,677.0)
(19.42954545454542,677.0)
(19.431818181818148,677.0)
(19.434090909090873,678.0)
(19.436363636363602,677.0)
(19.438636363636327,678.0)
(19.440909090909056,677.0)
(19.44318181818178,677.0)
(19.44545454545451,677.0)
(19.447727272727235,677.0)
(19.449999999999964,677.0)
(19.449999999999964,678.0)
(19.452272727272693,678.0)
(19.454545454545418,678.0)
(19.456818181818146,677.0)
(19.45909090909087,678.0)
(19.4613636363636,677.0)
(19.463636363636326,677.0)
(19.465909090909054,677.0)
(19.46818181818178,677.0)
(19.47045454545451,677.0)
(19.472727272727234,678.0)
(19.474999999999962,676.0)
(19.474999999999962,677.0)
(19.478124999999963,677.0)
(19.48124999999996,677.0)
(19.48437499999996,678.0)
(19.48749999999996,678.0)
(19.490624999999962,677.0)
(19.493749999999963,677.0)
(19.49687499999996,678.0)
(19.49999999999996,678.0)
(19.49999999999996,676.0)
(19.50227272727269,677.0)
(19.504545454545415,678.0)
(19.506818181818144,677.0)
(19.50909090909087,676.0)
(19.511363636363598,677.0)
(19.513636363636323,678.0)
(19.51590909090905,677.0)
(19.518181818181777,677.0)
(19.520454545454506,678.0)
(19.52272727272723,677.0)
(19.52499999999996,678.0)
(19.52499999999996,677.0)
(19.52812499999996,677.0)
(19.531249999999957,677.0)
(19.534374999999958,677.0)
(19.53749999999996,677.0)
(19.54062499999996,677.0)
(19.54374999999996,678.0)
(19.546874999999957,678.0)
(19.549999999999958,677.0)
(19.549999999999958,678.0)
(19.552777777777735,676.0)
(19.555555555555515,678.0)
(19.55833333333329,678.0)
(19.561111111111067,677.0)
(19.563888888888847,678.0)
(19.566666666666624,678.0)
(19.5694444444444,677.0)
(19.57222222222218,677.0)
(19.574999999999957,677.0)
(19.574999999999957,678.0)
(19.577777777777733,678.0)
(19.580555555555513,677.0)
(19.58333333333329,678.0)
(19.586111111111066,677.0)
(19.588888888888846,677.0)
(19.591666666666622,677.0)
(19.5944444444444,677.0)
(19.59722222222218,677.0)
(19.599999999999955,678.0)
(19.599999999999955,677.0)
(19.60208333333329,677.0)
(19.60416666666662,677.0)
(19.606249999999953,676.0)
(19.608333333333288,678.0)
(19.610416666666623,678.0)
(19.612499999999955,677.0)
(19.614583333333286,677.0)
(19.61666666666662,677.0)
(19.618749999999956,678.0)
(19.620833333333287,678.0)
(19.62291666666662,677.0)
(19.624999999999954,678.0)
(19.624999999999954,678.0)
(19.62777777777773,677.0)
(19.63055555555551,678.0)
(19.633333333333287,678.0)
(19.636111111111063,677.0)
(19.638888888888843,678.0)
(19.64166666666662,678.0)
(19.644444444444396,678.0)
(19.647222222222176,678.0)
(19.649999999999952,678.0)
(19.649999999999952,677.0)
(19.652499999999954,677.0)
(19.65499999999995,678.0)
(19.657499999999953,678.0)
(19.65999999999995,677.0)
(19.66249999999995,678.0)
(19.664999999999953,678.0)
(19.66749999999995,678.0)
(19.669999999999952,678.0)
(19.67249999999995,678.0)
(19.67499999999995,677.0)
(19.67499999999995,678.0)
(19.67812499999995,677.0)
(19.68124999999995,677.0)
(19.68437499999995,677.0)
(19.68749999999995,677.0)
(19.69062499999995,677.0)
(19.69374999999995,677.0)
(19.69687499999995,678.0)
(19.69999999999995,677.0)
(19.69999999999995,677.0)
(19.702777777777726,678.0)
(19.705555555555506,678.0)
(19.708333333333282,677.0)
(19.71111111111106,677.0)
(19.71388888888884,678.0)
(19.716666666666615,678.0)
(19.71944444444439,677.0)
(19.72222222222217,678.0)
(19.724999999999948,678.0)
(19.724999999999948,678.0)
(19.727777777777725,678.0)
(19.730555555555505,677.0)
(19.73333333333328,677.0)
(19.736111111111057,678.0)
(19.738888888888837,677.0)
(19.741666666666614,677.0)
(19.74444444444439,676.0)
(19.74722222222217,679.0)
(19.749999999999947,678.0)
(19.749999999999947,677.0)
(19.752499999999948,677.0)
(19.754999999999946,677.0)
(19.757499999999947,678.0)
(19.759999999999945,677.0)
(19.762499999999946,677.0)
(19.764999999999947,678.0)
(19.767499999999945,677.0)
(19.769999999999946,677.0)
(19.772499999999944,677.0)
(19.774999999999945,677.0)
(19.774999999999945,678.0)
(19.77777777777772,678.0)
(19.7805555555555,677.0)
(19.783333333333278,678.0)
(19.786111111111055,677.0)
(19.788888888888835,678.0)
(19.79166666666661,677.0)
(19.794444444444387,678.0)
(19.797222222222167,677.0)
(19.799999999999944,677.0)
(19.799999999999944,677.0)
(19.80277777777772,678.0)
(19.8055555555555,676.0)
(19.808333333333277,678.0)
(19.811111111111053,678.0)
(19.813888888888833,678.0)
(19.81666666666661,677.0)
(19.819444444444386,677.0)
(19.822222222222166,677.0)
(19.824999999999942,678.0)
(19.824999999999942,678.0)
(19.82777777777772,678.0)
(19.8305555555555,677.0)
(19.833333333333275,677.0)
(19.83611111111105,678.0)
(19.83888888888883,678.0)
(19.841666666666608,678.0)
(19.844444444444385,678.0)
(19.847222222222165,677.0)
(19.84999999999994,677.0)
(19.84999999999994,678.0)
(19.85312499999994,677.0)
(19.85624999999994,677.0)
(19.85937499999994,677.0)
(19.86249999999994,677.0)
(19.86562499999994,678.0)
(19.86874999999994,677.0)
(19.87187499999994,677.0)
(19.87499999999994,677.0)
(19.87499999999994,677.0)
(19.877777777777716,677.0)
(19.880555555555496,677.0)
(19.883333333333272,677.0)
(19.88611111111105,677.0)
(19.88888888888883,678.0)
(19.891666666666605,677.0)
(19.89444444444438,678.0)
(19.89722222222216,678.0)
(19.899999999999938,677.0)
(19.899999999999938,677.0)
(19.904999999999937,678.0)
(19.909999999999936,678.0)
(19.91499999999994,677.0)
(19.919999999999938,678.0)
(19.924999999999937,678.0)
(19.924999999999937,678.0)
(19.93333333333327,677.0)
(19.941666666666602,677.0)
(19.949999999999935,678.0)
(19.949999999999935,677.0)
(19.952499999999937,677.0)
(19.954999999999934,678.0)
(19.957499999999936,678.0)
(19.959999999999933,678.0)
(19.962499999999935,677.0)
(19.964999999999936,677.0)
(19.967499999999934,677.0)
(19.969999999999935,679.0)
(19.972499999999933,678.0)
(19.974999999999934,677.0)
(19.974999999999934,678.0)
(19.977499999999935,678.0)
(19.979999999999933,677.0)
(19.982499999999934,678.0)
(19.984999999999932,678.0)
(19.987499999999933,678.0)
(19.989999999999934,678.0)
(19.992499999999932,678.0)
(19.994999999999933,677.0)
(19.99749999999993,677.0)
(19.999999999999932,678.0)
(19.999999999999932,678.0)
(20.00227272727266,677.0)
(20.004545454545386,678.0)
(20.006818181818115,678.0)
(20.00909090909084,678.0)
(20.01136363636357,678.0)
(20.013636363636294,678.0)
(20.015909090909023,677.0)
(20.01818181818175,678.0)
(20.020454545454477,678.0)
(20.022727272727202,677.0)
(20.02499999999993,679.0)
